projects/guppy/input_data/MaxentEnvLayers1/H05_1.asc
ncols         16
nrows         16
xllcorner     1
yllcorner     1
cellsize      1
NODATA_value  -9999
0.568627450980392 0.470588235294118 0.490196078431373 0.533333333333333 0.552941176470588 0.584313725490196 0.694117647058824 0.596078431372549 0.603921568627451 0.529411764705882 0.643137254901961 0.631372549019608 0.623529411764706 0.701960784313725 0.647058823529412 0.654901960784314
0.486274509803922 0.415686274509804 0.380392156862745 0.450980392156863 0.509803921568627 0.552941176470588 0.666666666666667 0.698039215686274 0.63921568627451 0.568627450980392 0.643137254901961 0.588235294117647 0.611764705882353 0.619607843137255 0.615686274509804 0.737254901960784
0.490196078431373 0.556862745098039 0.513725490196078 0.501960784313725 0.541176470588235 0.549019607843137 0.701960784313725 0.745098039215686 0.690196078431373 0.63921568627451 0.619607843137255 0.584313725490196 0.611764705882353 0.658823529411765 0.674509803921569 0.701960784313725
0.635294117647059 0.631372549019608 0.596078431372549 0.541176470588235 0.486274509803922 0.635294117647059 0.592156862745098 0.690196078431373 0.631372549019608 0.584313725490196 0.592156862745098 0.494117647058824 0.513725490196078 0.588235294117647 0.525490196078431 0.537254901960784
0.572549019607843 0.627450980392157 0.549019607843137 0.501960784313725 0.584313725490196 0.666666666666667 0.670588235294118 0.596078431372549 0.603921568627451 0.592156862745098 0.6 0.545098039215686 0.564705882352941 0.6 0.552941176470588 0.541176470588235
0.705882352941177 0.513725490196078 0.443137254901961 0.517647058823529 0.580392156862745 0.623529411764706 0.619607843137255 0.596078431372549 0.529411764705882 0.549019607843137 0.552941176470588 0.576470588235294 0.6 0.533333333333333 0.56078431372549 0.611764705882353
0.654901960784314 0.537254901960784 0.650980392156863 0.63921568627451 0.529411764705882 0.564705882352941 0.556862745098039 0.588235294117647 0.615686274509804 0.56078431372549 0.533333333333333 0.603921568627451 0.56078431372549 0.584313725490196 0.603921568627451 0.607843137254902
0.647058823529412 0.592156862745098 0.729411764705882 0.549019607843137 0.635294117647059 0.674509803921569 0.580392156862745 0.545098039215686 0.466666666666667 0.596078431372549 0.568627450980392 0.607843137254902 0.580392156862745 0.611764705882353 0.549019607843137 0.650980392156863
0.631372549019608 0.588235294117647 0.603921568627451 0.556862745098039 0.615686274509804 0.572549019607843 0.564705882352941 0.6 0.552941176470588 0.525490196078431 0.537254901960784 0.592156862745098 0.596078431372549 0.701960784313725 0.654901960784314 0.592156862745098
0.580392156862745 0.576470588235294 0.47843137254902 0.662745098039216 0.623529411764706 0.592156862745098 0.533333333333333 0.603921568627451 0.52156862745098 0.396078431372549 0.537254901960784 0.607843137254902 0.627450980392157 0.6 0.537254901960784 0.674509803921569
0.603921568627451 0.615686274509804 0.611764705882353 0.650980392156863 0.623529411764706 0.549019607843137 0.545098039215686 0.486274509803922 0.447058823529412 0.454901960784314 0.501960784313725 0.631372549019608 0.525490196078431 0.533333333333333 0.564705882352941 0.647058823529412
0.611764705882353 0.619607843137255 0.517647058823529 0.584313725490196 0.474509803921569 0.631372549019608 0.658823529411765 0.603921568627451 0.525490196078431 0.580392156862745 0.482352941176471 0.486274509803922 0.556862745098039 0.419607843137255 0.490196078431373 0.576470588235294
0.603921568627451 0.556862745098039 0.592156862745098 0.52156862745098 0.592156862745098 0.607843137254902 0.654901960784314 0.525490196078431 0.545098039215686 0.549019607843137 0.568627450980392 0.545098039215686 0.529411764705882 0.470588235294118 0.47843137254902 0.576470588235294
0.486274509803922 0.454901960784314 0.533333333333333 0.584313725490196 0.576470588235294 0.627450980392157 0.713725490196078 0.576470588235294 0.509803921568627 0.490196078431373 0.541176470588235 0.556862745098039 0.615686274509804 0.533333333333333 0.462745098039216 0.576470588235294
0.607843137254902 0.631372549019608 0.580392156862745 0.615686274509804 0.650980392156863 0.784313725490196 0.717647058823529 0.631372549019608 0.63921568627451 0.603921568627451 0.498039215686275 0.662745098039216 0.505882352941176 0.529411764705882 0.545098039215686 0.498039215686275
0.6 0.592156862745098 0.647058823529412 0.576470588235294 0.686274509803922 0.737254901960784 0.741176470588235 0.6 0.619607843137255 0.556862745098039 0.564705882352941 0.592156862745098 0.611764705882353 0.537254901960784 0.509803921568627 0.603921568627451
