trunk/projects/spp-inf/Zonation runs/Test data/Species/species6.asc
ncols         649
nrows         555
xllcorner     294205
yllcorner     6283604.6
cellsize      0.200
NODATA_value  -9999
[rows 116 to 144 of 555, columns 201 to 267 of 649]
0.02811589 0.03017404 0.03298088 0.03419791 0.03970728 0.04434347 0.07454629 0.2331707 0.05351901 0.03276972 0.02947745 0.03182436 0.05473977 0.1414043 0.2684454 -9999 0.5793355 -9999 -9999 0.6342949 -9999 -9999 0.3344502 0.2858315 0.2785537 0.3328411 0.3700406 -9999 0.6196815 -9999 -9999 -9999 0.6932045 -9999 -9999 -9999 0.5633796 0.5303539 0.4467446 0.4260755 0.4041687 0.3680961 0.3927002 0.4117361 0.3924616 0.4138868 0.439523 0.4461142 -9999 -9999 -9999 -9999 -9999 -9999 -9999 0.7373464 -9999 -9999 -9999 0.5331009 0.5514335 -9999 -9999 -9999 0.6445113 0.6239305 -9999
0.02874321 0.02854631 0.03982944 0.04156559 0.05076823 0.0481615 0.08862104 0.3619639 0.05333931 0.03497709 0.03008329 0.03331351 0.04809317 0.1206575 -9999 -9999 0.5439922 -9999 -9999 -9999 -9999 -9999 -9999 -9999 0.2590404 0.2368924 0.2219459 0.4057476 0.5486062 -9999 -9999 -9999 -9999 -9999 -9999 -9999 0.5836991 0.5371654 -9999 0.4637283 0.3798689 -9999 0.3899692 0.3885406 0.3722297 0.4172074 0.4437565 0.5209132 0.6068211 -9999 -9999 -9999 -9999 -9999 -9999 0.7175264 -9999 -9999 -9999 0.4723978 0.4337037 0.4547549 -9999 0.6593386 0.6713395 -9999 -9999
0.03019775 0.02881012 0.03221797 0.0338284 0.03960878 0.03615571 0.05504262 0.1843573 0.1148435 0.04558027 0.03194169 0.03453991 0.04330767 0.07226901 -9999 0.4022766 0.4878068 0.5630282 -9999 -9999 -9999 0.4147059 0.3108827 -9999 0.2401977 0.1955418 0.212406 -9999 -9999 0.646057 0.6812042 -9999 -9999 -9999 0.6595511 0.6264699 -9999 -9999 -9999 -9999 -9999 -9999 0.444499 0.4344278 -9999 0.4547137 0.4847186 -9999 -9999 -9999 -9999 -9999 -9999 0.7043119 -9999 -9999 0.5975726 -9999 0.4186962 0.3049699 0.2914978 0.3190636 -9999 0.5304353 0.5220141 -9999 -9999
0.03181595 0.03002283 0.02818307 0.02998525 0.03303413 0.03840378 0.03385919 0.07152408 0.1588299 0.09144592 0.03927465 0.03838653 0.04367498 0.05662407 0.09923276 0.3194742 0.4437169 0.5118215 -9999 -9999 -9999 0.4864821 0.3767245 0.2508337 0.190373 0.1617845 0.1586428 0.2807572 -9999 0.693603 -9999 -9999 -9999 0.7052602 0.6476136 -9999 -9999 -9999 -9999 -9999 0.6275812 0.5928068 0.5576746 -9999 0.4604605 0.4933295 0.5198734 -9999 -9999 -9999 -9999 -9999 0.704237 -9999 -9999 -9999 -9999 0.5640928 0.4529914 0.3677061 0.342142 0.3633423 0.3290836 0.3405474 0.4139875 0.4137112 0.4076084
0.03468541 0.03141606 0.03211137 0.02994338 0.029762 0.03341526 0.04257086 0.04377859 0.04596983 0.126105 0.06948414 0.04176026 0.04597366 0.05700784 0.1535213 0.2494257 0.3886158 -9999 -9999 -9999 -9999 -9999 -9999 -9999 0.2154041 0.2327025 0.3008402 0.4167583 -9999 -9999 -9999 -9999 -9999 -9999 -9999 0.7174993 0.6957531 -9999 -9999 0.6858144 0.6193834 0.5793048 -9999 0.5342475 0.5333927 0.5386553 -9999 -9999 -9999 -9999 -9999 0.7101928 0.7046319 -9999 -9999 0.6984068 -9999 0.5911092 0.50129 0.4851675 0.4405607 0.3948598 0.3344803 0.3239584 0.3307102 0.3494838 0.3846645
0.03178534 0.02985473 0.03561564 0.03181365 0.02947008 0.0285751 0.02994989 0.03867608 0.04420888 0.1664747 0.08604695 0.04366937 0.0477176 0.0604789 0.1050377 0.2124607 0.3405757 -9999 -9999 -9999 -9999 0.3957756 0.4161149 0.4117275 0.3990361 0.4161478 0.4611492 -9999 -9999 -9999 -9999 -9999 -9999 -9999 -9999 -9999 -9999 0.6760502 0.6640015 -9999 -9999 0.5689321 -9999 0.5972955 0.5687007 0.5577059 -9999 0.648114 -9999 -9999 -9999 0.6812381 -9999 -9999 -9999 0.7397304 0.6997644 0.626255 0.5635743 0.5190737 0.4873028 0.4109642 0.3564199 0.3271623 0.3243056 0.3437639 0.3861733
0.03471768 0.03041241 0.03267967 0.03621239 0.02993596 0.0279052 0.02917384 0.03291027 0.06590161 0.2058542 0.06933958 0.04340901 0.04882151 0.05959941 0.08551069 0.2810601 0.3667589 0.350392 0.3413189 0.3720783 0.3412549 0.3679484 -9999 -9999 -9999 -9999 0.5759169 -9999 -9999 -9999 -9999 -9999 -9999 -9999 -9999 -9999 -9999 -9999 -9999 -9999 0.6694576 -9999 -9999 -9999 -9999 -9999 0.5638069 -9999 0.6654389 -9999 0.6465904 -9999 -9999 -9999 -9999 -9999 0.6990319 0.6564434 -9999 0.6787516 0.559263 0.4956865 0.4691949 0.3855005 0.3661633 0.3406157 0.3822356
0.03824817 0.02880845 0.03039359 0.03517059 0.03346049 0.0288115 0.03019869 0.03465497 0.1750554 0.2129374 0.04439789 0.04551344 0.05020482 0.06131889 0.1057696 0.3002253 0.3658711 0.3433622 -9999 0.341053 0.3871026 -9999 -9999 -9999 -9999 -9999 -9999 -9999 -9999 -9999 0.6987537 -9999 -9999 -9999 -9999 -9999 -9999 -9999 -9999 -9999 -9999 -9999 -9999 -9999 0.6283944 0.6033653 0.5642399 0.5842037 -9999 -9999 -9999 -9999 -9999 -9999 -9999 0.6903996 0.6909438 -9999 0.7121527 0.7431056 -9999 -9999 -9999 0.4545277 0.372529 0.353104 0.3976336
0.03912079 0.02769355 0.03024142 0.02930958 0.03229019 0.03077157 0.03336485 0.04325055 0.2031191 0.06149976 0.04125049 0.04308983 0.04709449 0.07396065 0.1433422 0.3176174 -9999 0.3143117 -9999 -9999 0.3852624 -9999 -9999 -9999 -9999 -9999 -9999 -9999 -9999 -9999 -9999 -9999 -9999 -9999 -9999 -9999 -9999 -9999 -9999 -9999 -9999 -9999 -9999 0.6798635 0.634629 0.6163146 0.5791494 0.5690175 0.6336383 -9999 0.6359312 -9999 -9999 -9999 -9999 -9999 0.7061262 -9999 0.7431296 -9999 -9999 0.7453107 -9999 -9999 0.4276836 0.3946576 0.4402051
0.02967644 0.02734122 0.0289711 0.0289136 0.03222162 0.03262042 0.0371751 0.04295668 0.1344064 0.0480836 0.04109332 0.04268875 0.05041914 0.1002795 0.2062437 0.3004386 -9999 0.486387 0.4578447 -9999 -9999 -9999 -9999 -9999 -9999 -9999 -9999 -9999 -9999 -9999 -9999 -9999 -9999 -9999 -9999 -9999 -9999 -9999 -9999 -9999 -9999 0.5838659 0.6204668 0.6096069 -9999 -9999 -9999 -9999 0.672552 -9999 0.6716395 0.7064837 0.7291567 -9999 -9999 -9999 0.7536229 0.7385881 0.7382382 0.7639291 -9999 -9999 0.7661026 -9999 0.5094478 0.4567257 0.4620422
0.02740582 0.02813343 0.02898246 0.0290818 0.03195251 0.03617548 0.04096403 0.05035514 0.07703982 0.04157258 0.04686274 0.04239803 0.06225961 0.1451741 0.3183027 -9999 -9999 0.5520762 -9999 -9999 -9999 -9999 -9999 -9999 -9999 -9999 -9999 -9999 -9999 -9999 -9999 -9999 -9999 -9999 -9999 0.6981453 -9999 -9999 0.6608013 -9999 0.4665321 -9999 -9999 -9999 -9999 -9999 -9999 0.7047849 -9999 -9999 0.6956355 -9999 -9999 -9999 -9999 -9999 -9999 0.7328891 0.7537292 0.7642326 -9999 0.7375286 -9999 -9999 -9999 0.5261806 0.4959766
0.02757357 0.028024 0.02883819 0.03122571 0.03212399 0.03452044 0.03773215 0.06747121 0.06320507 0.04061038 0.04396414 0.04515635 0.09082875 -9999 -9999 -9999 -9999 -9999 -9999 0.6413307 0.6446118 0.655353 -9999 -9999 -9999 -9999 -9999 -9999 -9999 -9999 -9999 -9999 -9999 0.7526675 0.6873306 0.6875514 0.5608878 0.5721516 -9999 0.4761631 -9999 -9999 -9999 -9999 0.5946783 -9999 0.6352512 0.6597434 -9999 -9999 0.6720675 -9999 -9999 -9999 -9999 -9999 -9999 -9999 0.764346 -9999 -9999 -9999 -9999 0.7591811 0.705198 0.7060655 0.6426991
0.02795612 0.02891697 0.03312691 0.03619772 0.03550589 0.03660081 0.03505664 0.06606091 0.04186815 0.04670991 0.04624093 0.04988497 -9999 0.3685612 -9999 -9999 0.3593876 -9999 -9999 -9999 0.6556267 0.6556064 -9999 -9999 -9999 -9999 -9999 -9999 -9999 -9999 -9999 -9999 -9999 -9999 0.5865628 0.548291 0.5266402 0.5540422 -9999 -9999 -9999 0.5290076 0.5364372 0.5440201 0.5656139 0.4639352 -9999 0.6275849 -9999 0.6087103 0.644343 0.6450934 -9999 0.6404502 0.6647285 -9999 0.79313 0.7840627 0.7652974 0.7722362 0.7661154 -9999 -9999 -9999 0.7600187 0.7408791 0.6929929
0.02782031 0.03116455 0.03909611 0.04259066 0.04058288 0.03781633 0.03365695 0.06060155 0.03678414 0.04037495 0.04609852 0.06666215 -9999 0.2857079 0.4020933 -9999 0.3075975 0.2911982 -9999 -9999 -9999 -9999 -9999 -9999 -9999 -9999 -9999 -9999 -9999 -9999 -9999 -9999 -9999 -9999 0.573772 -9999 -9999 0.5729757 0.5029132 -9999 -9999 0.5632595 0.5473181 0.5329176 -9999 -9999 0.5776036 0.5336182 0.5554841 0.6167843 0.6072642 0.5731194 0.6176466 0.6848779 0.6886383 0.7533637 0.7980194 -9999 0.7686123 0.7459798 -9999 -9999 0.7971274 0.7975254 0.7796247 0.7611107 0.7420329
0.03613706 0.0358051 0.03733706 0.03875976 0.03999534 0.03622829 0.03454651 0.07983831 0.04006872 0.03179876 0.03785605 0.05399181 -9999 -9999 -9999 0.307542 0.2665837 -9999 -9999 -9999 -9999 -9999 -9999 -9999 0.5982245 0.5621544 -9999 -9999 -9999 -9999 -9999 0.6432462 0.5996678 -9999 0.6158903 0.6339203 -9999 -9999 -9999 -9999 -9999 -9999 -9999 0.5351224 0.4913876 -9999 0.5256529 0.4581901 0.5127091 0.5173655 0.5618659 0.5469221 -9999 0.6472533 -9999 -9999 -9999 -9999 -9999 -9999 -9999 -9999 -9999 0.7979037 0.7890983 0.7708707 0.7715869
0.03254975 0.03699305 0.03706125 0.03303135 0.03270096 0.03595447 0.03173528 0.06512128 0.03569743 0.02992776 0.03408553 0.0436099 0.08296949 0.133868 0.1784737 0.2485017 0.2338444 0.2364896 0.2178717 -9999 -9999 -9999 -9999 -9999 -9999 -9999 -9999 -9999 0.7089909 0.7204599 0.6650397 -9999 0.6263406 0.6605813 0.609921 0.6584917 -9999 -9999 0.6149632 -9999 0.6373498 -9999 -9999 0.5158505 -9999 0.5169775 0.5000882 0.4391383 0.4750595 0.5012103 -9999 -9999 0.5552468 -9999 -9999 -9999 -9999 -9999 -9999 -9999 -9999 -9999 -9999 0.7589973 0.6917552 0.7078543 0.7853334
0.03363695 0.03429203 0.0336429 0.03229124 0.03217718 0.03772385 0.03154463 0.06463884 0.03186248 0.03107401 0.03170551 0.03654494 0.05292575 0.06728809 0.08886153 0.108317 0.1260306 -9999 0.1227766 -9999 -9999 -9999 -9999 -9999 0.5092946 0.6159029 0.6516355 -9999 0.6871313 -9999 -9999 0.5937418 0.6385586 0.6575409 -9999 -9999 -9999 0.6731518 0.6792691 -9999 0.6224376 -9999 -9999 -9999 -9999 0.4706517 0.451684 0.4504989 0.5040374 0.5184864 0.4912393 0.5060174 0.5250829 0.5786201 0.592223 -9999 -9999 -9999 -9999 -9999 -9999 -9999 0.5816898 0.5342432 0.5745215 0.6160851 0.6707902
0.03529836 0.03670818 0.03606179 0.03630494 0.03370109 0.03273555 0.02956461 0.06593945 0.03691488 0.03561579 0.03469643 0.0403291 0.03879181 0.04120849 0.0507376 0.05596741 0.05339845 0.06575507 0.08308177 0.09330142 -9999 -9999 -9999 -9999 -9999 0.5886852 -9999 -9999 0.6480277 -9999 0.6274014 0.6398283 -9999 -9999 -9999 -9999 0.6792703 0.6679639 0.6800126 -9999 -9999 -9999 0.5770667 0.4654468 0.4303782 0.4503638 0.440684 0.4521688 0.5021311 0.5045239 0.5201112 0.5201849 0.4737351 0.5352944 0.5873962 -9999 -9999 -9999 -9999 -9999 -9999 -9999 0.5502834 0.507414 0.5246119 0.5144939 0.544139
0.04139147 0.03665071 0.03298332 0.03211948 0.0354177 0.03132419 0.03044212 0.04580116 0.052276 0.03363452 0.03372002 0.0367939 0.03515165 0.03769078 0.03788893 0.04259265 0.0429374 0.04812784 0.06034227 0.08372481 0.1376106 -9999 -9999 -9999 -9999 0.5700739 -9999 -9999 0.6629164 -9999 0.6625159 -9999 -9999 -9999 -9999 -9999 -9999 -9999 -9999 -9999 -9999 0.4966508 -9999 0.4762899 0.4621958 0.44249 0.5039542 0.5806678 -9999 0.5215534 0.5253826 0.5039634 0.5099336 0.5692004 0.5951317 -9999 -9999 -9999 -9999 -9999 -9999 0.5468088 0.567898 0.5359879 0.5295306 0.5033471 0.5298914
0.03062952 0.03093036 0.03298378 0.038316 0.04107878 0.03203758 0.02983264 0.03230622 0.05376131 0.03339855 0.03329263 0.03410363 0.03384345 0.03230711 0.03261716 0.0394625 0.04157244 0.04701589 0.05286056 0.06128345 0.08987042 0.1893889 0.1961731 0.2261869 0.4064759 0.546051 0.5118515 -9999 0.6419224 -9999 -9999 0.6019595 -9999 -9999 -9999 -9999 -9999 -9999 -9999 -9999 0.6708331 -9999 -9999 0.5207336 0.4920347 -9999 0.4924671 -9999 -9999 0.6223633 -9999 0.5744591 0.607084 0.6149378 0.6416278 -9999 -9999 -9999 -9999 -9999 -9999 0.5578141 -9999 -9999 -9999 -9999 0.5328779
0.03380354 0.03676694 0.03425482 0.03961563 0.03571029 0.03210701 0.03008274 0.02841569 0.0385131 0.03708006 0.03424884 0.03432701 0.03274477 0.03495483 0.04212041 0.05328512 0.05633089 0.05609777 0.05796051 0.06248885 0.0769499 0.09438191 0.1048776 -9999 -9999 0.5011091 0.5009637 0.510162 0.6077629 0.6217157 -9999 0.6024828 -9999 -9999 -9999 -9999 -9999 -9999 -9999 -9999 0.5267106 -9999 -9999 0.4871175 0.4499447 -9999 0.4463043 -9999 0.6150063 0.6261957 0.6304806 0.6489887 0.6551222 0.6789031 0.7093844 -9999 -9999 -9999 -9999 -9999 -9999 0.6956175 0.5809576 -9999 0.5460571 0.5132596 0.503063
0.03175982 0.032396 0.03463372 0.03879262 0.03085812 0.03174663 0.03036388 0.02842843 0.03092497 0.03470093 0.04149073 0.04342129 0.04009934 0.04979786 0.05993361 0.08456548 0.103761 -9999 0.07400145 0.06719073 0.07473414 0.08825911 0.0984095 0.1012882 -9999 -9999 0.467918 0.4929853 0.5244125 0.5780283 -9999 -9999 -9999 -9999 -9999 -9999 -9999 -9999 -9999 0.5330081 0.5000299 -9999 0.4833801 0.4925561 0.4422064 0.4287882 0.4449449 -9999 -9999 0.5801485 -9999 0.6832626 0.7282346 0.7446989 0.7452683 -9999 -9999 -9999 -9999 -9999 -9999 -9999 -9999 -9999 -9999 0.526611 0.5114106
0.0338156 0.03474144 0.0352481 0.03532949 0.03079827 0.02941727 0.02928685 0.02868237 0.03144572 0.03496851 0.04810936 -9999 0.05561863 0.06463069 0.07795524 -9999 0.1355009 -9999 0.09178481 0.07787055 0.1015111 0.09248451 0.115244 0.1049704 0.1723381 0.2248097 0.4429438 -9999 0.4845129 0.5686089 0.5834405 0.6137637 -9999 -9999 -9999 -9999 -9999 -9999 -9999 0.4991462 0.4802714 -9999 0.4924851 -9999 -9999 0.4134954 0.4260695 0.4163694 0.5269505 -9999 0.6671151 -9999 -9999 0.7355334 -9999 -9999 -9999 -9999 -9999 -9999 -9999 -9999 -9999 -9999 -9999 0.4871517 0.4780944
0.04172926 0.03359712 0.03063496 0.03161741 0.03192166 0.02851905 0.0285916 0.02965764 0.03208012 0.04742029 0.06717975 0.1122425 0.1162613 0.1084417 0.1299068 0.128186 0.1376415 0.09569623 0.08369967 0.08214548 0.08914394 0.1014085 0.1303583 0.1063467 0.1706711 0.2278776 0.4424585 0.4376307 0.4878882 0.5408431 0.5791893 0.5543467 -9999 0.566079 -9999 -9999 0.6502172 0.5889519 0.4412461 0.4786968 0.4475122 -9999 -9999 -9999 0.4767651 0.4811558 0.4315655 0.4354631 0.5233948 -9999 0.7069963 -9999 -9999 -9999 -9999 -9999 -9999 -9999 -9999 -9999 -9999 -9999 -9999 -9999 0.6039408 0.5524544 0.4463614
0.03609504 0.03092346 0.03337034 0.03285572 0.0289289 0.03118456 0.02864512 0.02898606 0.03075422 0.04500825 0.07668185 -9999 0.1949586 0.2486566 0.1782876 0.199732 0.1902893 0.09567658 0.09192169 0.1099799 0.09334189 0.1513148 0.128751 0.1043057 0.1723011 -9999 0.4588457 -9999 0.5318944 0.5180311 0.4958781 0.4394364 0.4406117 -9999 -9999 -9999 -9999 -9999 0.3656049 0.3703138 0.3786184 0.4015923 -9999 -9999 0.5257035 0.4960105 0.428536 0.3991711 0.5134748 0.6513364 -9999 -9999 -9999 -9999 -9999 -9999 -9999 -9999 -9999 -9999 -9999 -9999 -9999 -9999 -9999 0.5787651 0.545774
0.0341648 0.0318352 0.03182372 0.03150949 0.02857342 0.0291843 0.02849655 0.02853621 0.02931036 0.04030559 0.07440334 0.109349 -9999 -9999 0.174422 0.128704 0.1102086 0.0933131 0.09189701 0.1132101 0.1149594 0.3363332 0.1667237 0.1041192 0.1388519 0.2331732 -9999 0.5150958 0.5216968 0.5498176 -9999 -9999 -9999 0.467807 -9999 -9999 0.5518189 0.5081812 0.4507422 0.4079965 0.3657192 0.4358247 0.4965116 0.5076756 -9999 0.542222 -9999 0.5786818 -9999 -9999 -9999 -9999 -9999 -9999 -9999 -9999 -9999 -9999 -9999 -9999 -9999 -9999 -9999 -9999 -9999 0.4080891 0.4844619
0.03637698 0.03328356 0.03041336 0.02882364 0.02946489 0.02973232 0.02851572 0.02956188 0.02965027 0.0379334 0.06569543 0.1358882 0.1830612 0.1842873 0.1231572 0.1178544 0.1327893 0.1341705 0.1137378 0.1076306 0.1051936 0.3626423 0.2703264 0.09880119 0.1289434 0.3628308 -9999 -9999 -9999 -9999 0.4984483 -9999 -9999 0.4422323 -9999 -9999 -9999 0.5691913 0.5284042 0.5104461 0.4396558 0.497876 0.5349081 -9999 0.6549309 0.6198634 -9999 -9999 -9999 -9999 -9999 -9999 -9999 -9999 -9999 -9999 -9999 -9999 -9999 -9999 -9999 -9999 -9999 0.3429692 0.3131232 0.2992308 0.3804329
0.03611481 0.03544333 0.02925937 0.02956676 0.032355 0.02874781 0.02846133 0.03021712 0.03054324 0.04043495 0.06241605 0.1325189 0.2549277 0.253889 0.1164365 0.1064548 0.1421214 0.1533774 0.1602948 -9999 0.1402946 0.1873833 0.3515482 0.1163084 0.1228758 0.2670026 -9999 -9999 -9999 0.5152968 -9999 -9999 -9999 -9999 0.4858769 -9999 -9999 -9999 0.5443858 0.54758 0.5205457 0.5288234 0.5966693 0.6261711 0.7110239 -9999 -9999 -9999 -9999 -9999 -9999 -9999 -9999 -9999 -9999 -9999 -9999 -9999 -9999 0.5763919 0.5694671 0.5386308 -9999 0.3358074 0.3333725 0.2939186 0.3617241
0.0317433 0.031743 0.03334136 0.03125837 0.02959962 0.02904588 0.02978135 0.0295568 0.03130342 0.03619017 0.05734533 -9999 -9999 0.206609 0.1112456 0.09809917 0.109599 0.1384857 0.1710875 -9999 -9999 0.1223709 0.3218052 0.1464155 0.1346599 0.1889542 0.3456442 -9999 -9999 0.5158575 -9999 -9999 -9999 -9999 0.5400643 0.5634066 0.5797978 0.5811917 0.5684643 -9999 -9999 0.6244494 0.7024063 -9999 -9999 -9999 -9999 -9999 -9999 -9999 -9999 -9999 -9999 -9999 -9999 -9999 -9999 -9999 -9999 0.5570655 -9999 -9999 0.4616858 0.3607079 0.3567718 0.3480436 0.4109139
