trunk/projects/spp-inf/Zonation runs/Test data/Species/species6.asc
ncols         649
nrows         555
xllcorner     294205
yllcorner     6283604.6
cellsize      0.200
NODATA_value  -9999
[rows 174 to 202 of 555, columns 335 to 401 of 649]
0.4289523 0.3872989 0.3150514 0.1995162 0.1631264 0.2772923 0.31561 0.1778123 0.1760916 0.1898674 0.1727966 0.1660935 0.1673465 0.1789527 0.1491427 0.1557985 0.1707181 0.2216146 0.1943534 0.1637644 0.1820075 0.2126873 0.2050171 0.1880038 0.1859466 0.2063999 0.2088171 0.1897461 0.2032545 0.2247303 0.2794664 0.3684704 0.4949927 0.6411955 0.7330337 0.7909524 0.8069604 0.7734001 0.7148355 0.7209698 -9999 0.7153838 0.7811186 0.7665688 0.782532 0.8268709 0.7949197 0.7817597 0.7914013 0.7463213 0.7352923 0.5003672 0.3897718 0.3798281 0.4419608 0.3791043 0.3956137 -9999 -9999 -9999 0.4424777 -9999 -9999 -9999 -9999 0.7620819 -9999
0.4358059 0.3593232 0.2723372 0.1624128 0.1675831 0.2396206 0.1779138 0.1846477 0.1723221 0.1660442 0.1457401 0.1543465 0.1424258 0.1466568 0.1503061 0.1717609 0.2403879 0.2644109 0.1920919 0.1642127 0.1702247 0.1879457 0.1939914 0.2247725 0.2467112 0.2530122 0.2467867 0.2444665 0.3049633 0.3460816 0.3377506 0.4044192 0.5271758 0.6650087 0.7594063 0.793612 0.7676833 0.694304 0.6777639 0.6515094 0.6015813 0.6816788 0.7024974 0.7120973 0.7683966 0.7965794 0.803527 0.7601482 0.7421372 0.6942601 0.6510006 0.5360017 0.4340732 0.3721125 0.4355312 0.3986318 0.3797846 0.3510295 0.4060205 0.4276516 0.4740781 0.5325413 -9999 -9999 0.76504 0.7562642 -9999
0.456673 0.379596 0.2725496 0.1555442 0.1888954 0.3097051 0.2086 0.172435 0.1985018 0.1995304 0.1410719 0.1806405 0.2192023 0.2327505 0.1666688 0.1709525 0.1815216 0.1719139 0.1712768 0.1741804 0.1810317 0.2352913 0.2950677 0.355119 0.3824612 0.3853309 0.3770365 0.3691611 0.4573227 0.4752159 0.4294755 0.4003917 0.4656336 -9999 0.7214269 0.7758563 -9999 0.6039143 0.5537164 0.5245986 0.5157515 0.5490944 0.6229447 0.6312078 0.7120991 0.7275686 0.7783591 0.7110132 0.6455693 0.5891093 0.5773103 0.5199143 0.4632846 0.3693884 0.3746712 0.4874709 0.4815576 0.3829317 0.3679366 0.3868208 0.4143556 0.4566905 -9999 0.7044964 0.7815699 -9999 0.8332819
0.4356719 0.3946841 0.3173903 0.185282 0.1554281 0.2446267 0.1887486 0.1736145 0.2267032 0.2590935 0.1601001 0.3212467 0.2527611 0.2724788 0.2380556 0.2118511 0.1791381 0.1656562 0.1652194 0.1721112 0.2326199 0.3265875 0.3686424 0.4668821 0.5157843 0.4998889 0.482865 0.4828686 0.5753177 0.595587 0.5543604 0.4225413 0.4554419 -9999 0.6518468 0.6428857 0.5516304 0.3913596 0.357155 0.346935 0.3534092 0.4358754 0.5294937 0.6388557 0.6709397 0.6896936 0.7016782 0.6440427 0.5570458 0.4762943 0.4467236 0.4130839 0.3867814 0.3267612 0.3868397 0.5181611 0.4705824 0.3352076 0.3046972 0.3348649 0.3605618 -9999 0.587421 0.7367296 0.7430442 0.8186066 -9999
0.3637197 0.3564671 0.2418197 0.1603992 0.2468563 0.3888094 0.187716 0.1823028 0.229714 0.2572808 0.1959119 0.4323759 0.1567154 0.1274228 0.1363548 0.1414332 0.144807 0.1505082 0.1691973 0.2518338 0.3750094 0.4269748 0.4469098 0.4801372 0.6026488 0.6084745 0.5466027 0.5750788 0.6785427 0.7262155 0.6505544 0.5206972 0.4747978 0.5058613 0.4992073 0.451192 0.4047955 0.2976554 0.2880231 0.3201303 0.3491092 0.4471012 0.458704 0.5139006 0.6379322 0.6565636 0.6729555 0.6239775 0.4872309 0.3623345 0.2853105 0.271239 0.2839333 0.3216435 0.4526729 0.5376215 0.5054835 0.4005411 0.3047693 0.3124354 0.3934858 0.4252362 0.4583949 0.6317502 0.7336203 -9999 -9999
0.2982411 0.3540612 0.1702215 0.2277097 0.5303947 0.3820003 0.1613153 0.1985019 0.2358015 0.2287895 0.2469336 0.4245594 0.1417408 0.1657819 0.2259778 0.2509368 0.2565968 0.1853987 0.1973459 0.266889 0.4309748 0.509443 0.5391062 0.5495843 0.6234317 0.6260001 -9999 0.6560535 0.7463194 0.7670148 -9999 0.586602 0.5139211 0.4379934 0.3512295 0.3352548 0.2539893 0.2524248 0.3197994 0.3866722 0.4184385 0.4930701 0.4839405 0.4602618 0.5607299 0.6218758 0.6138664 0.5617816 0.4320843 0.3317397 0.2987238 0.3608395 0.4154941 0.4756986 0.5484917 0.641757 0.5755068 0.4164726 0.3286216 0.3030922 0.3243773 0.3644984 0.4420851 0.5727223 0.7449332 0.8103818 -9999
0.2621047 0.3020481 0.1682152 0.3786113 0.4588152 0.1783099 0.1421606 0.1510589 0.154288 0.150792 0.2273709 0.3273647 0.1404048 0.1866574 0.3014189 0.330318 0.3470827 0.2228977 0.226791 0.2538472 0.3389479 0.4114179 0.486809 -9999 0.5672556 0.5373645 0.5316471 0.6556603 -9999 -9999 -9999 -9999 -9999 0.3505697 0.2856948 0.2825149 0.2353066 0.2571725 0.3217839 0.4249374 0.5092371 0.6092141 0.591489 0.4907913 0.5158176 0.5256724 0.5014273 0.5153444 0.4589704 0.3936103 0.3834865 0.4643206 0.4723794 0.5510621 0.5936775 0.6510807 0.633926 0.5491897 0.4838793 0.3925008 0.3329521 0.3329573 0.3942385 -9999 -9999 -9999 0.8071556
0.2194719 0.2481013 0.1873066 0.5328905 0.2809608 0.1444101 0.2595204 0.3264492 0.2803287 0.2034504 0.1887753 0.2278084 0.1428252 0.1755626 0.2981671 0.3706679 -9999 0.343109 0.2726725 0.2693528 0.3147135 0.3887774 -9999 -9999 0.4797352 0.4932772 0.4872867 0.5488626 -9999 -9999 -9999 -9999 -9999 0.4370281 0.2692473 0.2736734 0.2402108 0.2295526 0.2883884 0.4194975 0.579706 0.7581453 0.7156684 0.5897391 0.565857 0.5213056 0.4529121 0.4214976 0.3935748 0.3753755 0.3163131 0.3125345 0.3662096 0.4503849 0.4892195 0.6236131 0.5943809 0.5190555 0.4448433 0.3726869 0.3228137 0.3300525 0.3785801 -9999 0.5019925 0.6188675 -9999
0.1876835 0.2062681 0.206268 0.4420744 0.1630108 0.1488426 0.4740816 0.3459323 0.2074537 0.2309975 0.1590293 0.1627449 0.1453526 0.1948723 0.3309572 0.3988822 0.3842904 0.3725283 0.3407382 0.2792706 0.2752081 -9999 0.5131187 0.4931213 0.4495279 0.465224 0.4753024 -9999 -9999 -9999 -9999 -9999 0.5692459 0.3998217 0.2905953 0.297544 0.3033128 0.2754149 0.3011281 0.4583387 0.5979493 0.7351403 0.7711854 0.7331855 0.6788096 0.5973921 0.5343721 0.4655608 0.4343176 0.4086789 0.3782264 0.3875981 0.3857405 0.4132516 0.419846 0.3923042 0.4845668 0.5060954 0.5070654 0.4371282 0.397224 0.3733115 0.3650616 0.3932264 0.4690249 0.52961 -9999
0.1825997 0.1725532 0.309286 0.3485092 0.152535 0.187529 0.437067 0.1952251 0.1292051 0.1485974 0.1540653 0.1570382 0.1548939 0.2052671 0.2994092 0.3226331 0.3103593 0.3077142 0.346817 0.371543 0.3938408 -9999 0.5408306 0.4834219 0.4188169 0.419659 0.4277878 -9999 -9999 -9999 -9999 0.7734845 -9999 0.3750766 0.3430464 0.2865514 0.2883304 0.3046611 0.3259964 0.44005 0.5931669 0.7415538 0.8023083 0.8271949 0.7967049 0.7373989 0.667747 0.5305176 0.4789604 0.4467297 0.471933 0.5392091 -9999 0.5420144 0.4868686 0.4291849 0.4287229 0.4787344 0.534735 0.4956458 0.4876079 0.4375814 0.4640024 0.4338899 0.4273319 0.5302378 -9999
0.1691694 0.2616652 0.3325303 0.1785548 0.142068 0.1696661 0.2924397 0.1438201 0.1875507 0.1606074 0.1486766 0.1567534 0.1673291 0.1746574 0.2117517 0.3130378 0.3531669 0.3478126 0.3562212 0.3697261 0.3962609 0.4612783 0.5269705 0.4363655 0.3755796 0.3764961 0.4245359 0.5182137 0.6290447 0.705087 -9999 0.7295738 0.5647396 0.467225 0.3925716 0.3536742 0.3273748 0.3472168 0.3650328 0.4601274 0.5996545 0.7346361 0.805779 0.8225697 0.8306284 0.8091986 0.7470562 0.6600647 0.6250168 0.5773073 0.5761335 0.7106837 0.6467829 0.6341223 0.5795093 0.5092411 0.4811929 0.4779809 0.5874579 0.6316779 0.6877699 0.6679785 0.5042942 0.4729032 0.4793724 0.5985277 -9999
0.2698791 0.3100657 0.1748536 0.1859941 0.3094247 0.2751596 0.1736481 0.1378068 0.2325126 0.2699616 0.164674 0.1534382 0.2012741 0.1983253 0.2184345 0.3120027 0.401063 0.397004 0.4035082 0.4015806 0.4361895 0.5072088 0.5511194 0.4556782 0.3836277 0.3645165 0.4375037 0.4987531 0.5716882 -9999 -9999 -9999 0.6644963 0.6039504 0.4941428 0.500194 0.4533226 0.4200965 0.4665649 0.512088 0.6755469 0.7729256 0.8271062 0.813059 0.805927 -9999 0.7793331 0.7482828 0.7393901 0.7315478 0.7585525 0.7524818 0.7498377 0.7141047 0.6589356 0.5954341 0.5681014 0.4831098 0.563253 0.7069291 0.7894304 0.7791964 0.6415931 0.5556528 0.5705898 0.653978 0.7547731
0.1859642 0.15584 0.1993177 0.4500073 0.3507268 0.1854184 0.1439956 0.1631796 0.2276178 0.3835775 0.2562861 0.1564805 0.1863597 0.2126687 0.2084623 0.3080478 0.4712735 0.5085005 0.500959 0.4442925 0.4670839 0.4856228 0.5116373 0.4786481 0.4256198 0.4303516 0.4915493 -9999 -9999 -9999 0.7774546 0.7722731 0.7087471 0.6461562 0.5917153 0.6305192 0.6386087 0.5946633 0.632845 0.6700924 0.7466308 0.7904707 -9999 0.8165516 -9999 -9999 -9999 -9999 0.7666398 0.7644202 0.7581527 0.7423413 0.7761488 0.7236964 0.7050672 0.6791647 0.5976802 0.4950643 0.507439 0.6550214 0.7768338 0.7584129 0.6672187 0.6204559 -9999 0.6955983 0.7997323
0.1543846 0.1542505 0.4452607 0.39377 0.140744 0.1628455 0.1924483 0.2024487 0.2154617 0.2986039 0.3094991 0.1867702 0.1598265 0.2120477 0.2082428 0.2771795 0.3852779 0.5367861 0.5224046 0.4756542 0.485486 0.5141194 0.5058985 0.5018233 0.4934981 0.509113 0.5125518 -9999 -9999 -9999 0.7615225 0.7438636 0.7274979 0.7191839 0.6970043 0.7804529 0.7811581 0.7462623 0.7397972 0.7165164 0.7814199 -9999 -9999 0.820559 -9999 -9999 -9999 -9999 0.8109889 0.788554 0.7762201 0.7729534 0.7985477 0.7807823 0.7318869 0.7198423 0.6259312 0.5034783 0.4611731 0.5951257 0.689509 0.7397585 0.7456443 0.7587185 0.7694285 0.7993296 -9999
0.142077 0.3063285 0.480288 0.1747836 0.1679818 0.2357982 0.2431633 0.2285626 0.2205147 0.2396808 0.3406015 0.2592369 0.1520252 0.1871324 0.2266285 0.2767195 0.36859 -9999 0.5429019 0.4799511 0.4965582 0.5950895 0.5703752 0.5414555 0.5392873 0.5396679 0.5581963 0.6110312 -9999 -9999 -9999 -9999 -9999 -9999 -9999 0.8349279 0.8098136 0.8294604 0.783089 -9999 -9999 -9999 -9999 -9999 0.8441249 -9999 -9999 -9999 -9999 0.8173098 0.8116137 0.8011827 0.8023363 -9999 0.765585 0.7373086 0.6243668 0.4982221 0.4579788 0.6102955 0.7153068 0.7841775 0.8300139 -9999 -9999 -9999 -9999
0.1707809 0.4898636 0.288141 0.1428187 0.2364531 0.2687669 0.2942491 0.273098 0.2369315 0.2247959 0.2901957 0.3470005 0.1996855 0.1819762 0.2410282 0.300351 0.3677325 0.501429 0.6216738 0.5846157 0.5508139 0.5922709 0.5421059 0.5030505 0.4969344 0.4742603 0.5366948 0.6429889 -9999 0.7068706 0.7367962 0.7214566 -9999 0.7899826 0.8413719 -9999 0.8095021 0.8471881 0.7936723 0.8226787 0.8379081 -9999 -9999 -9999 0.8546897 -9999 -9999 -9999 -9999 -9999 -9999 -9999 0.7954981 0.7797348 0.705707 0.7010931 0.587649 0.473065 0.4549897 0.5334775 0.6485816 0.7682923 0.8184122 -9999 -9999 -9999 0.8195332
0.195493 0.634937 0.2846511 0.1675779 0.2597909 0.2800969 0.260178 0.3023641 0.278923 0.2389107 0.2601531 0.3416395 0.2761514 0.199505 0.2721139 0.3399922 0.4178052 0.5585658 0.6803391 0.6719686 0.6164046 0.6109916 -9999 0.5639556 0.5396626 0.5046393 0.5553575 0.6022518 0.5953988 0.6685379 0.6796775 0.6758186 0.6877482 0.7387923 0.7962809 0.8146162 0.7919632 0.8077255 0.7937396 0.7901307 -9999 0.849629 -9999 -9999 0.8319108 -9999 -9999 -9999 -9999 -9999 -9999 -9999 0.8199407 0.7337397 0.6923615 0.70582 0.6031369 0.5176334 0.5200413 0.5674005 0.6249382 0.7540354 -9999 0.8443891 0.8287192 -9999 -9999
0.1714489 0.4819717 0.3106901 0.1543023 0.2462558 0.2954376 0.2782455 0.3149632 0.3505807 0.3257166 0.3211248 0.3617116 0.3166805 0.2113505 0.2762288 0.3620745 0.5002334 0.5854376 0.7172082 0.686503 0.6433216 -9999 0.5345519 0.5601453 0.5422417 0.5685025 0.6013616 0.6507723 0.6304692 0.5993969 0.6058011 0.6480756 0.6334111 0.6609275 0.7369791 0.8126285 0.7912317 0.7995044 0.8034272 0.8120986 0.8342901 0.8499017 -9999 -9999 0.8532805 -9999 -9999 0.8487169 -9999 0.8820065 -9999 -9999 -9999 0.7476495 0.7760293 0.7535582 0.6253729 0.5864937 0.6684999 0.6853078 0.683369 0.7138331 0.7670623 -9999 0.7905393 0.7960033 0.8012495
0.1481969 0.2438458 0.2423169 0.150618 0.1698478 0.2254243 0.2544988 0.2403626 0.2496618 0.30809 0.3413285 0.3655183 0.3497524 0.2188939 0.2288839 0.3104739 0.5564378 0.6558072 0.7583703 0.7480226 0.6680299 0.6351281 0.5410941 0.528241 0.5092828 0.5265109 0.6167228 0.7304435 0.7058449 0.6649866 0.6470143 0.6895146 0.6672969 0.6389265 0.7433569 0.8406439 0.8197078 0.8010412 0.746648 0.7751619 -9999 -9999 0.853371 0.8264956 -9999 -9999 -9999 0.8726133 -9999 -9999 -9999 -9999 -9999 -9999 0.7933658 0.7701717 0.6870543 0.6706204 0.7149554 0.7296215 0.7329218 0.6984261 0.686237 -9999 -9999 -9999 -9999
0.1450944 0.1538732 0.1962662 0.1516587 0.1671856 0.1768434 0.218589 0.2290082 0.2570489 0.3025289 0.2806276 0.288754 0.3354223 0.2849329 0.2607312 0.2558164 0.496784 0.6322034 0.7333892 0.7820402 0.732851 0.6838455 0.5994532 0.5549428 0.5239141 0.4643086 0.4891929 0.6812349 0.7049211 0.6921301 -9999 0.6938875 0.6854815 0.6520391 0.7507876 0.8246005 0.8166682 0.775587 0.6720895 0.7094516 -9999 0.8260131 0.8535114 -9999 -9999 -9999 -9999 -9999 -9999 -9999 -9999 -9999 -9999 -9999 -9999 -9999 -9999 0.7756805 0.7753873 0.8067753 0.7856036 0.6860211 0.7234565 0.7383804 0.7318619 -9999 0.7726826
0.1335099 0.1457049 0.1699504 0.1516187 0.1937263 0.1975215 0.2253039 0.2313965 0.2770325 0.3239649 0.2996964 0.3045067 0.3605918 0.4000621 0.3736199 -9999 0.4321595 0.5410576 0.5216058 0.5849058 -9999 -9999 0.5379046 0.4989118 0.4636993 0.4430052 0.3565974 0.5559039 0.6120319 0.639326 0.6667874 0.7136605 -9999 -9999 -9999 0.7781001 -9999 -9999 0.6304915 0.6642112 0.67585 -9999 0.7575163 -9999 -9999 -9999 -9999 0.8569596 -9999 -9999 -9999 -9999 -9999 -9999 -9999 -9999 -9999 -9999 -9999 0.814095 -9999 -9999 -9999 0.7365847 -9999 -9999 -9999
0.1498704 0.1815161 0.1609852 0.1420631 0.2015349 0.2301032 0.2315447 0.294111 0.3762797 0.3850028 0.3757342 0.3753207 0.3753835 0.3694605 0.3902696 0.4203122 0.4095492 0.4401044 0.425693 0.5754193 0.6248249 -9999 0.5918871 0.4748856 0.4832818 0.4647374 0.3455147 0.4315909 0.5152975 0.5669768 0.6505742 0.7346076 -9999 -9999 -9999 -9999 -9999 -9999 0.6098022 0.6351083 -9999 0.5552972 0.5803845 0.596651 0.6132893 -9999 0.8116524 -9999 -9999 -9999 -9999 -9999 -9999 -9999 -9999 -9999 -9999 -9999 -9999 -9999 0.6995599 0.5886956 0.5007265 -9999 -9999 -9999 0.7528282
0.19867 0.1883144 0.1377418 0.1373148 0.1793085 0.2226494 0.2304995 0.3014911 0.3896695 0.4060346 0.3737357 0.3692336 0.3825729 0.3743593 0.4320346 0.4277079 0.482095 0.5187202 0.5168977 0.5607719 0.6136053 0.6362337 0.6452456 0.5708858 0.5155161 0.5407363 0.4196345 0.4205191 0.4445954 0.5044585 0.5976179 0.696614 0.7442178 -9999 0.7798412 -9999 -9999 -9999 0.6144278 -9999 -9999 -9999 -9999 -9999 -9999 0.7021341 -9999 -9999 -9999 -9999 -9999 -9999 -9999 -9999 -9999 -9999 -9999 -9999 -9999 0.7850263 0.705029 0.6570779 0.6307681 0.656087 -9999 0.7658456 0.7268704
0.2086144 0.1625848 0.1602963 0.2013349 0.2523288 0.3159078 0.3281131 0.3466003 0.3092107 0.2773832 0.2952725 0.3440228 0.3795241 0.4401216 0.4598605 0.4625943 -9999 0.5139602 0.5283753 0.5657829 0.5826446 0.6233491 0.6678857 0.6723558 -9999 0.5693392 0.5030501 0.5100248 0.5182822 0.542906 -9999 -9999 0.610311 -9999 0.5870395 0.6496603 -9999 0.6239393 -9999 -9999 -9999 -9999 -9999 -9999 -9999 -9999 -9999 -9999 -9999 -9999 -9999 0.8552405 0.8674811 -9999 -9999 -9999 -9999 0.8891529 -9999 -9999 0.6815966 0.6650907 0.6905796 0.704345 0.769732 -9999 -9999
0.1540665 0.1434822 0.1888979 0.2150974 0.2484574 0.2935007 0.2886974 0.2429494 0.2310943 0.2666299 0.3549622 0.3991945 0.4537423 0.4437231 0.4451627 0.4666325 0.5002318 0.5910146 -9999 -9999 -9999 -9999 0.7609486 -9999 0.6841212 0.6024176 0.5166546 0.5075919 0.5198891 0.5300059 -9999 0.5476066 0.515151 0.4913554 0.5200671 0.538975 0.5454558 0.5676599 -9999 0.6071244 0.6233508 -9999 -9999 -9999 -9999 -9999 -9999 -9999 -9999 -9999 -9999 -9999 -9999 -9999 -9999 -9999 0.8953336 0.9011748 -9999 -9999 -9999 0.6980175 0.7403349 0.7596604 -9999 -9999 0.7970905
0.1511442 0.1589111 0.206886 0.2132014 0.2502422 0.3023645 0.3397057 0.2878001 0.2854452 0.2772052 0.3826784 0.4397968 0.3788913 0.390767 0.4269512 0.5399166 0.6687363 0.6988981 -9999 0.7350712 0.7314068 -9999 0.7903594 0.7876875 0.740859 0.6676679 0.56186 -9999 0.4760074 0.4727682 0.4889897 0.4852907 0.4602622 0.4578616 0.4951571 0.4967891 -9999 -9999 -9999 0.5848 0.5816991 -9999 -9999 -9999 0.7271093 -9999 -9999 -9999 -9999 -9999 -9999 0.851615 -9999 -9999 -9999 -9999 -9999 -9999 -9999 -9999 -9999 -9999 -9999 0.8279943 0.8438879 -9999 -9999
0.1616431 0.1739409 0.2452378 0.2612233 0.3035254 0.34531 0.3800473 0.3222125 0.2926331 0.2760895 0.3259351 0.3366041 -9999 0.3670743 0.4750132 0.6336583 0.7290301 0.6798809 0.6260014 0.6179785 0.6030488 -9999 0.6943954 -9999 -9999 0.7116453 0.5586209 -9999 0.4411276 0.4215562 0.4400011 0.4488688 0.4209894 0.4508193 0.4783484 0.4876345 0.5184545 0.5062116 0.5450827 0.5690074 0.643984 0.6567997 0.7112477 0.7916932 0.7687619 0.8288387 0.8209827 0.8349706 0.8338966 -9999 -9999 -9999 -9999 -9999 -9999 -9999 -9999 0.8914449 0.8872745 -9999 -9999 -9999 -9999 0.8452246 0.8458401 0.8737516 -9999
0.1562115 0.1654212 0.2191676 0.2565859 0.3198919 0.3577251 0.3148613 0.3010474 0.2871879 0.2586646 0.2493834 0.2608858 0.2973236 0.3768051 0.5247319 0.657658 0.624507 0.5581949 0.4528677 0.3735337 0.3433683 0.426499 0.4308429 -9999 -9999 -9999 0.4004557 0.3941137 0.3582763 0.3748227 0.4043106 0.4273742 -9999 -9999 0.4974975 0.5091667 0.5186058 0.5417116 0.5471308 0.5990191 0.6169764 0.6999952 0.7863175 0.7841733 0.825439 -9999 0.8514895 0.8659759 0.8527111 -9999 0.8464462 -9999 -9999 -9999 -9999 -9999 -9999 -9999 0.8978062 -9999 -9999 -9999 -9999 -9999 0.8342569 -9999 -9999
0.176579 0.1618705 0.1991583 0.2341119 0.294676 0.3066304 0.2583116 0.2840046 0.2825277 0.2195325 0.2382675 0.2752366 0.3054265 0.4097367 0.5346582 0.519959 0.4862632 0.4070284 0.3902442 0.3759711 0.3368448 0.3646245 0.3289969 0.3392097 0.3450539 0.4333397 0.4128881 0.3406836 0.3699984 0.3889283 0.3912268 0.4211995 0.4385931 0.4843003 0.5120204 0.5226347 0.48618 0.5286344 0.5886891 0.6510321 0.7088602 -9999 -9999 -9999 0.8089516 -9999 -9999 -9999 -9999 -9999 -9999 -9999 -9999 -9999 -9999 -9999 -9999 -9999 -9999 -9999 -9999 0.8645446 0.8587316 0.8398063 -9999 -9999 -9999
