trunk/projects/spp-inf/Zonation runs/Test data/Species/species6.asc
ncols         649
nrows         555
xllcorner     294205
yllcorner     6283604.6
cellsize      0.200
NODATA_value  -9999
[rows 464 to 492 of 555, columns 134 to 200 of 649]
0.2126587 0.2234507 0.2245181 0.2065306 0.2127085 0.1985784 0.2064235 0.1886243 0.1827806 0.1868359 0.2123715 0.2037082 0.1962341 0.1823765 0.1809306 0.1806486 0.1829446 0.1885175 0.1890888 0.1913604 0.1806015 0.1810365 0.1950116 0.1838534 0.1990943 0.2514569 0.2666314 0.2031662 0.1853088 0.1849646 0.2955152 0.1887649 -9999 -9999 0.2292309 0.3968539 0.2008785 0.2406798 0.2203448 0.1807949 0.1989497 0.2189364 0.2064518 0.1837765 0.2172385 0.2858319 0.281698 0.2842097 0.1836119 0.1776265 0.1910906 0.201197 -9999 0.2291492 0.2722924 0.1912923 0.1987992 0.2805866 0.3003483 0.3507577 0.3810388 0.3326748 -9999 -9999 -9999 -9999 0.3751037
0.1981491 0.2223659 0.2039129 0.1909114 0.213044 0.2017031 0.2019266 0.1921869 0.186031 0.1855423 0.1878795 0.1820261 0.1805955 0.1816495 0.1814554 0.1815482 0.1812737 0.1825513 0.1848237 0.1868348 0.1801262 0.1789671 0.1821623 0.1912024 0.2700984 0.2700897 0.2568296 0.1996826 0.1889346 0.177524 0.2609876 0.1971994 -9999 -9999 0.2055963 0.3071254 0.1883587 0.2059745 0.2132062 0.1871002 0.2408881 0.2226461 0.3446661 0.1935943 0.2116589 0.2412892 0.2956547 0.2713387 0.1828336 0.1743692 0.1778165 0.1881131 -9999 0.2553696 0.3193758 0.1862649 0.2780269 0.3358454 -9999 0.1841093 0.1841259 0.1986511 0.2717641 -9999 0.643287 -9999 0.518729
0.1863494 0.2287556 0.198337 0.2039108 0.2326674 0.203969 0.1876096 0.1823843 0.1838249 0.1866259 0.1997476 0.185986 0.193541 0.1996362 0.1826589 0.1816798 0.183279 0.1794655 0.183081 0.1881378 0.1889729 0.1806417 0.1822452 0.1992451 0.2340454 0.2291691 0.2102684 0.1836375 0.1795796 0.1739993 0.2154488 0.1799489 -9999 0.3226388 0.2180516 0.2925295 0.2553242 0.2030417 0.1810244 0.1988055 0.2721216 0.2453626 0.4695446 0.2038346 0.3031585 0.2763061 0.2897546 0.2322074 0.1771263 0.1787715 0.1807513 0.2238241 -9999 0.2366938 0.3736258 0.1870905 0.2482883 -9999 0.1822978 0.1763444 0.1788374 0.1831125 0.2333013 0.3183741 0.5320498 -9999 -9999
0.1864993 0.2021942 0.2078834 0.2107848 0.2080992 0.1876182 0.1841457 0.1846517 0.2267054 0.1965635 0.2047654 0.1963425 0.1930405 0.1844818 0.1817743 0.1834482 0.1828878 0.1805229 0.1994849 0.1864437 0.1835874 0.184201 0.1849359 0.2557864 0.2057909 0.2114201 0.1861207 0.2316419 0.1922387 0.1798739 0.1927543 0.1918081 -9999 -9999 -9999 -9999 0.2160769 0.2176272 0.2274981 0.2091876 0.2662853 -9999 0.4146033 0.2288617 0.2311551 0.2137821 0.2137255 0.2105033 0.1781886 0.1946146 0.1918994 0.2329114 -9999 0.2218654 0.4206621 0.196324 0.2872463 0.2738178 0.1871061 0.1784013 0.1833737 0.1819275 0.2345778 -9999 -9999 -9999 -9999
0.1873548 0.1933087 0.2082483 0.2007454 0.2141464 0.1858423 0.1849276 0.1892625 0.2170094 0.1983868 0.1855848 0.1918599 0.1943683 0.1837945 0.1840491 0.1859554 0.1810054 0.1825909 0.1831199 0.1806197 0.1801793 0.1824304 0.1868087 0.2838577 0.2250811 0.1874205 0.2055525 0.2168314 0.175955 0.1948983 0.183321 0.1829359 0.1843509 0.2757433 0.4086627 -9999 -9999 -9999 0.2046454 0.2099746 0.2065986 -9999 0.3268158 0.2204816 0.1981585 0.207126 -9999 0.2424458 0.1987324 0.2248352 0.1953744 0.1904263 -9999 0.1932188 0.3224986 0.1911526 -9999 0.2099929 0.18353 0.1839788 0.1797937 0.1840923 0.2185863 0.2537823 0.3069376 0.3979989 0.4685627
0.1862061 0.2063275 0.2086009 0.190555 0.213398 0.1856116 0.1864374 0.1848504 0.1972157 0.1957732 0.2104809 0.2115346 0.186483 0.1855744 0.2126441 0.2197737 0.2015161 0.1952004 0.1829511 0.1833053 0.1964873 0.2161542 0.1966086 0.218939 0.3584419 0.318852 0.2702079 0.2202788 -9999 0.2045975 0.1967743 0.1876514 0.2095467 0.3441657 0.4444754 -9999 -9999 -9999 0.1944475 0.18065 -9999 -9999 0.1973409 0.1851573 0.2171378 0.2565858 0.2714521 0.2649987 0.1984421 0.3080279 0.1901005 0.2342699 -9999 0.1918868 0.2575373 0.1933315 0.2637475 0.1948714 0.184163 0.1791622 0.1789928 0.1830224 0.1797321 0.2005783 0.2766083 0.3986734 0.4658383
0.1881517 0.1905154 0.1901432 0.1923041 0.2043277 0.1924061 0.1881894 0.1871068 0.198476 0.1835309 0.1871316 0.2004385 0.1877711 0.1871632 0.2089594 0.2296193 0.2225935 0.1959798 0.2061063 0.2127015 0.2031329 0.2150709 0.213452 0.2069541 0.2243054 0.2518597 0.2349069 0.1897639 0.1862061 0.1834008 -9999 0.181999 0.2087491 0.2875285 -9999 -9999 -9999 -9999 -9999 -9999 -9999 0.1801672 0.1880153 0.2159757 0.266194 0.246075 0.22492 0.1963429 0.2504178 0.301049 0.2032259 0.3199178 -9999 -9999 0.2286791 0.2109223 0.1789652 0.2075623 0.1909509 0.1715534 0.1865829 0.1824005 0.1867054 0.2185139 0.3060153 0.4154303 0.4575827
0.2280742 0.1891554 0.1958502 0.1995074 0.2253135 0.2098668 0.1877801 0.19275 0.1959451 0.1854589 0.192497 0.2090327 0.1984341 0.1844837 0.1832968 0.1866193 0.1907245 0.1894483 0.2242758 0.1856641 0.2060275 0.1952987 0.247246 0.346754 0.3707088 0.2082205 0.1811858 0.1753694 0.2234313 0.2322137 0.2468549 0.1990242 -9999 -9999 0.1989768 -9999 -9999 -9999 -9999 -9999 -9999 0.1947761 0.2064248 0.1836516 0.1886222 0.1846537 0.1835979 0.2009543 0.256971 0.2148102 -9999 0.3875917 -9999 -9999 0.19711 0.2012321 0.2257782 0.265299 0.1828204 0.2027308 0.2205774 0.1841459 0.1893537 0.2243655 0.3107263 0.4077216 0.5007449
0.3823286 0.1954851 0.1879095 0.1892131 0.2132273 0.2037945 0.1905158 0.2001824 0.1903179 0.1854627 0.1874194 0.1972177 0.1939722 0.1891776 0.1907277 0.1968123 0.2000473 0.1872301 0.1906896 0.1966455 0.236245 0.1841596 0.2263906 0.2031432 0.2580072 0.2156969 0.2366066 0.3374102 0.3084306 0.2396021 0.2890291 0.2790186 0.2036578 0.2090817 0.2824155 0.3199737 0.2816891 0.2379639 0.1898101 -9999 -9999 -9999 0.2306366 0.2012582 0.1878823 0.1877172 0.1993041 0.1948712 0.1840152 0.3294246 0.4718536 -9999 -9999 -9999 0.1796995 0.1807165 0.1800174 0.172488 0.1864351 0.2316463 0.1898626 0.2328615 0.3279532 0.3753973 0.4021474 0.4127427 0.5152256
0.5989317 0.2373574 0.1882854 0.1914083 0.2093447 0.196088 0.187784 0.211518 0.2026343 0.1866158 0.1888275 0.1987103 0.189966 0.2194188 0.2098567 0.1998502 0.1935219 0.184846 0.1872151 0.2157746 0.1947372 0.1815629 0.1839147 0.1815936 0.1907165 0.1839232 0.2242826 0.2342909 0.1900033 0.2018216 0.1943866 0.1917063 0.1926959 0.1889621 0.1913943 0.2001452 0.2570631 0.2381065 0.208977 -9999 -9999 -9999 0.1945986 0.1925945 -9999 0.1795817 -9999 -9999 -9999 -9999 -9999 0.2228131 0.2179473 0.1901041 -9999 0.1940276 -9999 0.1686178 0.1873379 0.1813433 0.2126372 0.2462997 0.2572192 0.2713408 0.29168 0.3829235 0.4943717
0.6713027 0.435859 0.1896072 0.2021278 0.1917353 0.1941621 0.1944461 0.2080143 0.186297 0.188247 0.1841072 0.189586 0.1877631 0.2157279 0.1986569 0.1862128 0.1871009 0.1823021 0.186651 0.1904269 0.1841585 0.1822401 0.1836629 0.1849518 0.1858743 0.1923164 0.201817 0.2167594 0.2155426 0.2357747 0.2339699 0.2164349 0.1859995 0.1793085 0.1895016 0.2241393 0.2040759 0.190883 0.1827048 0.1838165 0.1850943 -9999 -9999 -9999 -9999 -9999 -9999 0.1771015 0.1767352 -9999 0.2820325 0.3623435 0.3380389 0.2864481 0.1851781 0.1987844 -9999 0.1727 0.1820113 0.1854635 0.1915944 0.1807516 0.1802422 0.1863126 0.2239858 0.3121574 0.3494487
0.4819794 0.6613427 0.199023 0.2118413 0.2141297 0.189723 0.2368416 0.2520785 0.2356638 0.1925933 0.1904001 0.1856966 0.1855951 0.19983 0.2006854 0.1925109 0.1844441 0.1824664 0.1839557 0.1857513 0.1841226 0.1874859 0.1881236 0.1908105 0.2121612 0.2496517 0.264136 0.2328177 0.2847168 0.237093 0.2258743 0.2210456 0.2046641 0.1816378 0.2243958 0.2220926 0.2504185 0.2327881 0.2093337 0.1776134 0.1869459 -9999 -9999 -9999 0.1799597 0.1927594 0.2149813 0.2245368 0.2414112 0.2750291 0.3416868 0.2322157 0.1991286 0.2088115 0.1841934 0.1860612 -9999 0.1709612 0.1890575 0.1845813 0.1800361 0.178233 0.2010518 0.1944011 0.2157725 0.3021163 0.338317
0.2622324 0.645233 0.2323453 0.2031884 0.249318 0.215754 0.3096491 0.2459534 0.2005399 0.1881997 0.199447 0.1916178 0.1904336 0.1946806 0.1864559 0.2043246 0.2043654 0.2003458 0.1857581 0.1884131 0.1957367 0.2029892 0.1896544 0.1877777 0.2245537 0.2697724 -9999 0.1951864 0.1829031 0.1832568 0.1865445 0.197038 0.1987865 0.1830411 0.1964627 0.1898293 0.2368603 0.2028202 0.2123906 0.1798249 0.2308735 -9999 -9999 -9999 0.180307 0.185543 0.1905308 0.2051023 0.1959319 0.2397701 0.2118531 0.195196 0.2018749 0.1782379 0.177421 0.184228 0.1782852 0.1678886 0.1785551 0.183717 0.1766149 0.1768487 0.2101973 0.2171724 0.2720343 0.3768836 0.3936494
0.218845 0.6011595 0.4218857 0.3645574 0.3048241 0.2165036 0.281193 0.2039653 0.1992158 0.1907665 0.1936444 0.1879418 0.1890441 0.1877167 0.1867967 0.2005022 0.1930776 0.1932554 0.1908643 0.203848 0.1999645 0.1869535 0.1829992 0.1823219 0.1805523 0.1885483 0.2352511 0.1915454 0.1855683 0.1843407 0.180883 0.1914904 0.1997553 0.1903301 0.1889077 0.1795529 0.1799224 0.1764282 0.1861939 0.1921028 0.1970277 0.3583492 -9999 -9999 -9999 0.1915799 0.2079166 0.2909176 0.2584283 0.1944895 0.1970359 0.1990733 0.2069167 0.1782785 0.1843092 0.2122811 0.2172881 0.1661221 0.1696673 0.1738216 0.1754169 0.1802132 0.1911283 0.2122604 0.2711108 0.370322 0.3726055
0.2145607 0.2729466 0.3762923 0.3976353 0.2394841 0.275471 0.46922 0.2256294 0.1873353 0.1908075 0.1893156 0.1920457 0.1889132 0.1873897 0.2026955 0.2094763 0.2146271 0.2133362 0.2304783 0.2066219 0.1996887 0.1928074 0.1863067 0.1878473 0.1805707 0.1832692 0.2211825 0.1877276 0.1860029 0.1855236 0.1814765 0.1934513 0.1936834 0.1885628 0.1878907 0.1837214 0.1967103 0.1793026 0.1877271 0.1943691 0.215925 -9999 -9999 -9999 0.1858258 0.1933922 0.1892174 0.1992378 0.2270974 0.1986608 0.2090851 0.1974049 0.2011829 0.1866733 0.1801772 0.2252825 0.2290161 0.2678533 0.2350327 0.2042854 0.1799758 0.1814097 0.1995648 0.2097989 0.1864748 0.2466231 0.305369
0.2510178 0.2292035 0.2153244 0.2252045 0.3659187 0.3065267 0.3533973 0.2152582 0.1910598 0.1918945 0.2182793 0.2346674 0.1891758 0.1891955 0.2124086 0.2301934 0.2249841 0.2137072 0.2359672 0.1988411 0.2018735 0.2036047 0.1917964 0.1975581 0.1830623 0.1838794 0.2182409 0.1888877 0.1816083 0.1804384 0.1846451 0.1923401 0.1819895 0.1930944 0.2687098 0.2611019 0.2302345 0.1846946 -9999 0.2244237 0.216778 -9999 -9999 -9999 0.1957937 0.2079046 0.2164725 0.1832196 0.1826135 0.2052739 0.2252585 0.2187328 0.1945888 0.1780192 0.181086 0.2012237 0.2111786 0.358927 0.2428679 0.2618006 0.1877121 0.1821275 0.1777523 0.1807155 0.179148 0.1988446 0.2415362
0.2352164 0.3034896 0.2229426 0.4252348 0.7169369 0.4700273 0.2532226 0.2200501 0.1881539 0.1917551 0.1872853 0.1903933 0.1873116 0.2032818 0.2070754 0.267604 0.2450933 0.218687 0.2226355 0.2060266 0.212031 0.2196591 0.2259987 0.1900015 0.1844194 0.1821954 0.1873478 0.2003201 0.1857885 0.182013 0.1882657 0.2130224 0.1912936 0.2117938 0.2449745 0.2688652 0.2076798 0.1940098 -9999 -9999 -9999 -9999 -9999 -9999 -9999 0.1902387 0.1895919 0.1779357 0.184595 0.1904164 0.2182863 0.2450668 0.2210448 0.1938174 0.1712978 0.1736307 0.19392 0.281629 0.1782087 0.2324253 0.2043022 0.1857228 0.2072766 0.1990738 0.1806327 0.1930466 0.2168576
0.1988062 0.3226245 0.2061822 0.5069767 0.4672793 0.2192842 0.2019195 0.1966578 0.1915505 0.1868204 0.186959 0.1869187 0.1887106 0.2076925 0.2076021 0.2637925 0.2475516 0.2548535 0.2673903 0.2491904 0.2646059 0.2905792 0.2666958 0.216613 0.1831905 0.1817125 0.1870601 0.2149647 0.1884155 0.1829027 0.196558 0.2339586 0.1927191 0.3328233 0.4267229 0.3136168 -9999 -9999 -9999 -9999 -9999 -9999 -9999 0.194954 0.2626828 0.2895778 0.2401035 0.1787277 0.186119 0.1795058 0.1797943 0.1833903 0.1798207 0.1980753 0.1690722 0.1738808 0.1767546 0.2334887 0.2034527 0.1839754 0.1816955 0.1861833 0.1879635 0.1858419 0.2052102 0.2550114 0.2262845
0.1882551 0.2049599 -9999 0.4473793 0.4557126 0.193413 0.1903129 0.1890926 0.1902657 0.1881227 0.1867466 0.1946516 0.2093625 0.2184258 0.2161423 0.2257204 0.2098608 0.2541635 0.2796532 0.2569064 0.2367958 0.2130186 0.2008507 0.201455 0.1975356 0.1914728 0.1974132 0.2106074 0.1904301 0.1826223 0.1961265 0.2092434 0.1845612 0.1918143 0.2445516 0.3664861 0.2587409 -9999 -9999 -9999 -9999 -9999 -9999 0.2139557 0.2304298 0.2170447 0.1848428 0.1820178 0.1816435 0.1817466 0.1886038 0.188077 0.1802746 0.185057 0.1797688 0.1721495 0.1744431 0.2030185 0.2051238 0.1837908 0.1830308 0.1805935 0.1981805 0.2211717 0.2260286 0.3420058 0.2650224
0.2123288 0.3286756 0.3036876 0.2817634 0.2925774 0.1975482 0.1909929 0.1901282 0.1909176 0.1893397 0.1888987 0.2141725 0.2207876 0.2048661 0.1975882 0.2021554 0.2033404 0.227584 0.2306722 0.2439701 0.2137937 0.1901559 0.1887952 0.1862308 0.1956058 0.2161522 0.2223878 0.1934027 0.1875984 0.1840777 0.192952 0.1865329 0.1842203 0.1912058 0.1809196 0.2786827 0.2520167 -9999 -9999 -9999 0.1924653 0.1932671 -9999 0.2196562 0.2012823 0.2076742 0.2276111 0.2216747 -9999 -9999 0.2366148 0.2100691 0.2075248 0.1899948 0.1729277 0.1734791 0.1781281 0.1803282 0.1945302 0.1891585 0.1858897 0.1874155 0.2369139 0.299173 0.2634881 0.3491379 0.346327
0.2210657 0.4776564 0.3303007 0.2123967 0.1912437 0.1995637 0.1931719 0.1934333 0.205502 0.1990321 0.1907658 0.1905023 0.2054181 0.2091676 0.2101857 0.1938754 0.1880556 0.1878805 0.1866465 0.2213629 0.2016818 0.1845785 0.1867314 0.1871698 0.1897719 0.1951862 0.2232294 0.2250488 0.2419222 0.1953187 0.1868212 0.195319 0.1900581 0.2013497 0.1878056 0.2114583 0.2323302 -9999 -9999 -9999 0.1986066 0.1927783 0.1905404 0.2132028 0.2005783 0.2158405 0.1997507 0.1861369 0.2064323 -9999 -9999 0.4052625 0.3024181 0.2128566 0.1782725 0.1830289 0.1777245 0.1813841 0.1923541 0.2501428 0.2536612 0.2465965 0.2958528 0.337633 0.3181335 0.3991895 0.2906989
-9999 0.7178609 0.4746552 0.2227989 0.1909534 0.1908338 0.1893704 0.1918513 0.2072853 0.2039377 0.1876982 0.1885856 0.1949049 0.1992955 0.1965856 0.1908746 0.1937832 0.1947869 0.1862785 0.1854801 0.1851947 0.1855533 0.194794 0.2004697 0.1944989 0.1911068 0.2173198 0.1891744 0.221345 0.1899364 0.1908106 0.216648 0.1894763 0.1876816 0.1880565 0.1880784 -9999 -9999 -9999 0.2710599 0.2552613 0.2397454 0.2159842 0.1879022 0.2034441 0.1864032 0.1990508 0.1902453 0.181496 -9999 -9999 0.5247012 0.4320822 0.3325446 0.2713256 0.1994133 0.1794866 0.1837091 0.2001138 0.2914132 0.3170327 0.2685815 0.2452811 0.2972507 0.3384796 0.3788005 0.2951769
-9999 -9999 0.482148 0.2819495 0.1939512 0.1893307 0.2009363 0.2020626 0.1934443 0.2012836 0.1886644 0.1918505 0.1998038 0.1952454 0.189467 0.1884173 0.189651 0.1881927 0.1961943 0.1910367 0.185474 0.2065921 0.2126188 0.2008589 0.1992927 0.188154 0.1907146 0.1951392 0.1925216 0.1855454 0.2051559 0.215395 -9999 -9999 0.1873793 0.1939068 -9999 -9999 -9999 0.3206799 0.2842715 0.2125522 0.2274816 0.1822597 0.1835087 0.1837001 0.1871893 0.1829018 0.1866967 -9999 -9999 0.5681623 0.5184401 0.4617902 0.3976807 0.2699075 0.2045985 0.1934022 0.224145 0.4083306 0.3470739 0.2757967 0.2586865 0.2997322 0.3332136 0.3513361 0.25317
-9999 -9999 -9999 0.3173278 0.230913 0.1913401 0.1969407 0.1940882 0.1912343 0.1944407 0.1885914 0.1924963 0.2228347 0.2219986 0.1934013 0.1944663 0.1886346 0.1903645 0.195557 0.1914088 0.1868658 0.2072261 0.2347493 0.2176828 0.207489 0.1864153 0.1846177 0.2073633 0.2523197 0.231194 0.2165172 0.3697364 0.2734307 -9999 -9999 -9999 -9999 -9999 -9999 0.3314407 0.2756855 0.1880482 0.197998 0.1896218 0.1830751 0.1833692 0.1814125 0.1811619 -9999 -9999 -9999 -9999 0.4575625 0.5200452 0.4464909 0.3194261 0.2487821 0.2738093 0.3077461 0.4521335 0.3903234 0.3064121 0.292911 0.2733959 -9999 -9999 0.2866925
-9999 -9999 -9999 0.3223013 0.3132664 0.2748876 0.2088249 0.19533 0.1949017 0.2012717 0.1908293 0.1907794 0.1889141 0.1888643 0.2087897 0.253093 0.2095028 0.2038484 0.1945452 0.1931112 0.1863396 0.1943162 0.1961014 0.1924797 0.2017978 0.1958733 0.1867508 0.2001805 0.2182214 0.3091 0.1831633 0.3506195 0.3100102 -9999 -9999 -9999 -9999 0.2291235 0.2848892 0.3423245 0.2270804 0.195607 0.1857854 0.1834214 0.2014196 0.1992054 0.182226 0.1862715 -9999 0.5204251 0.5192215 0.4329917 0.4628618 0.5048102 0.5717135 0.5149366 0.3249547 0.3759432 0.453713 0.5535001 0.4586055 0.4234939 0.3951548 -9999 -9999 0.2925423 0.2583053
-9999 -9999 -9999 -9999 0.3281901 0.4707893 0.3726438 0.1926906 0.1905859 0.2087575 0.2255991 0.2167737 0.1986058 0.2044126 0.22953 0.2258969 0.2541438 0.281805 0.200734 0.2334859 0.19838 0.2042791 0.1928752 0.1936817 0.1866481 0.1918464 0.2167027 0.2460704 0.1983143 0.3446507 0.2416427 0.3063058 0.2675222 -9999 -9999 -9999 0.1986464 0.2097194 0.27395 0.2315829 0.2048924 0.2343869 0.218343 0.1881524 0.2080694 0.1995291 0.1967242 0.2144005 0.2521257 0.3238212 0.4326634 0.417248 0.4262295 -9999 0.6350207 0.6680606 0.404872 0.5036582 0.6032752 -9999 -9999 -9999 0.3267363 0.3071085 0.2920735 0.2455304 0.2222689
-9999 -9999 -9999 -9999 -9999 0.3824595 0.4939187 0.2054141 0.2195199 0.211925 0.2029202 0.1910651 0.1915823 0.1908142 0.2360415 0.2237194 0.2881859 0.5756921 0.3349063 0.1992979 0.192932 0.1973273 0.1892618 0.1935136 0.1909302 0.1876934 0.3813114 0.3717345 0.1859163 0.2375101 0.246087 0.2083491 0.1933902 -9999 -9999 -9999 0.1930183 0.206247 0.2542367 0.1875235 0.2059088 0.1926429 0.206375 0.2085188 0.2066476 0.2228205 0.2372104 -9999 0.304943 0.310017 0.3067228 0.3310902 0.4404638 0.5656203 -9999 0.6964661 0.638914 0.5787074 0.5624651 0.5627696 0.335487 -9999 0.2315648 0.1974483 0.2124952 0.224833 0.192176
-9999 -9999 -9999 -9999 -9999 0.3572126 0.5939407 0.2042081 0.2103146 0.2023727 0.2102652 0.1974922 0.1911695 0.1901321 0.2474798 0.3247636 0.2214369 0.4657733 0.3718089 0.2020261 0.1881586 0.1879327 0.1952974 0.2098451 0.191088 0.1875812 0.3018453 0.4701627 0.2983644 0.2100227 0.1873409 0.1860402 0.188368 0.2099023 -9999 -9999 -9999 0.2262505 0.3121659 0.2290644 0.1837582 0.1830853 0.1835242 0.2189776 0.2737893 0.3561524 0.4834558 0.5378565 -9999 0.3858341 0.3328036 0.358898 0.4450427 0.6436988 0.6244656 0.6480951 0.6751122 0.5404654 0.4291092 0.4004851 -9999 -9999 0.2309335 0.1968654 0.183468 0.1948335 -9999
-9999 -9999 -9999 -9999 -9999 0.3756723 0.638864 0.2127798 0.2139048 0.1967702 0.1926549 0.1918651 0.1928194 0.1927973 0.247007 0.4476914 0.2015529 0.2524724 0.2931064 0.1920682 0.190328 0.1882367 0.1914193 0.1990519 0.1885165 0.2009286 0.2008836 0.2254824 0.3432837 0.2482455 -9999 0.1876313 0.1990045 0.2264261 -9999 -9999 -9999 -9999 -9999 0.2892971 0.1876986 0.1903578 0.1862894 0.191684 0.2690567 0.4100375 0.4337103 0.5055431 0.5123447 0.5092471 0.5016152 0.5014278 0.5524904 0.639307 0.6337469 -9999 0.6497694 0.5165973 0.3251162 -9999 -9999 -9999 -9999 0.2067935 0.1954505 0.1880843 0.1987804
