trunk/projects/spp-inf/Zonation runs/Test data/Species/species6.asc
ncols         649
nrows         555
xllcorner     294205
yllcorner     6283604.6
cellsize      0.200
NODATA_value  -9999
[rows 232 to 260 of 555, columns 268 to 334 of 649]
0.0569715 0.0732799 0.06451207 0.05953724 0.04851718 0.04397145 0.0496428 0.06883888 0.05964174 0.06017669 0.05594958 0.05657061 0.04681545 0.05406132 0.05197205 0.04926508 0.04981313 0.06040926 0.05341171 0.05359906 0.05384175 0.05064167 0.06177732 0.0861448 0.112128 0.1132666 0.09697467 0.08576922 0.07900854 0.0894493 0.07290117 0.07518674 0.08103757 0.1335896 0.06165418 0.05844712 0.08339262 0.08553226 0.1265046 0.103804 0.07574185 0.1501914 0.2328321 0.3077502 0.4228185 0.4993799 0.4422048 0.3935014 0.4148764 0.4181886 0.3514724 0.3406506 0.3937626 0.4723306 0.5862116 0.7614172 -9999 0.7657161 0.7505396 0.7112539 0.6975071 0.7219571 0.67946 0.6582584 0.6520671 0.6267644 0.6236647
0.0633216 0.06021746 0.05567726 0.05136302 0.04668688 0.04708254 0.04652247 0.05495771 0.05436382 0.05215674 0.05073013 0.05488508 0.05315232 0.05967004 0.05419912 0.05052973 0.05276326 0.06080795 0.05276078 0.0522614 0.06111085 0.06335656 0.06487876 0.08508389 0.1028347 0.1089088 0.07483181 0.06135771 0.06573593 0.06615426 0.0634701 0.06064891 0.07393372 0.1002986 0.06103807 0.06887022 0.1331597 0.2080407 0.1151917 0.09035012 0.07849845 0.1400676 0.2529941 0.3408061 0.4493719 0.5062249 0.5017358 0.4080085 0.3923978 0.3937742 0.4164193 0.3468769 0.4021868 0.4600252 0.5787474 0.7293773 0.7938792 0.7908461 0.7303072 0.7337487 0.7415531 0.7304297 0.7298592 0.7388662 0.7032582 0.6998118 0.681815
0.05694012 0.04867573 0.0436352 0.04253928 0.04574234 0.04609896 0.05087508 0.04396262 0.04660232 0.05082774 0.04743832 0.05584921 0.05466958 0.05509736 0.05667977 0.0618645 0.06287435 0.05294434 0.04840759 0.04744033 0.04933589 0.05795927 0.06876537 0.06763494 0.06526669 0.07047621 0.07198619 0.0634792 0.07562032 0.07906353 0.07083761 0.0660504 0.05870704 0.06112026 0.06382085 0.1131757 0.2040199 0.2660056 0.1200814 0.08294085 0.08875555 0.1463197 0.2774296 0.3585103 0.4620259 0.5228357 0.536219 0.457967 0.4035046 0.3998835 0.446413 0.3484907 0.3787072 0.448056 0.5719666 0.7213865 0.801085 0.8233196 0.7114855 0.7222371 0.7657366 0.7826837 0.7613127 0.7465172 0.7296268 0.7161222 0.70681
0.05704727 0.0555191 0.05620278 0.05365972 0.05005328 0.04325139 0.04896619 0.04435692 0.04476228 0.05239787 0.0454895 0.04639938 0.04708704 0.051217 0.05934298 0.06982956 0.06517863 0.05115392 0.05032721 0.0680986 0.07028106 0.06940228 0.06716301 0.06041522 -9999 0.06426632 0.07307994 0.06840801 0.07393669 -9999 0.07292961 0.06561477 0.0557153 0.05799231 0.0722153 0.2868678 0.226467 0.1339096 0.07534128 0.08844158 0.1131245 0.1625842 0.270724 0.3712782 0.4554651 0.5289081 0.5384023 0.511562 0.4479347 0.4275114 0.4615157 0.3795834 0.3720717 0.4717067 0.5588194 0.6902578 0.7676629 0.7912822 0.7237939 0.7169653 0.7634761 0.7610005 0.7678523 0.7480956 0.7615348 0.7692817 0.7146326
0.05303576 0.04978342 0.06124568 0.05472038 0.05041376 0.04358656 0.04613201 0.05110918 0.04599838 0.04532545 0.04578676 0.04872969 0.05110819 0.06658865 0.08090788 0.06071985 0.06004216 0.06140114 0.05093478 0.05913959 0.07343379 0.06626125 0.06160739 0.06073094 -9999 0.06885763 0.06794009 0.07019874 0.07514155 0.08592509 0.07239904 0.0641822 0.05596338 0.05574857 0.11551 0.4113468 0.2168308 0.09093539 0.06575497 0.1123546 0.1433115 0.1837999 0.2825518 0.3623706 0.4091107 0.4571021 0.4594581 0.4656876 0.4926859 0.4896782 0.5103196 0.4245638 0.3599173 0.4346605 0.5027426 0.6170595 0.7165394 0.743533 0.7787973 0.745647 0.7463084 0.7629294 0.776475 0.7854261 0.8029931 0.7945375 0.7340837
0.05188725 0.04714887 0.04776246 0.04950221 0.04952591 0.04956037 0.04713552 0.06292681 0.05262417 0.0480229 0.04504601 0.04682549 0.05902103 0.05966626 0.05460311 0.04929641 0.05332352 0.05475985 0.05056185 0.05036099 0.05508721 0.055312 0.05915674 0.06269479 0.07987188 0.07593843 0.06677859 0.06699792 0.07798696 0.0785521 0.06581371 0.05980781 0.06281427 0.05947642 0.1554349 0.4252044 0.1951154 0.08607367 0.08198538 0.1479939 0.1872147 0.1957504 0.2539518 0.3412811 0.3779521 0.3950313 0.3981222 0.4114313 0.4855094 0.5015463 0.5169501 0.4661959 0.3606851 0.3684527 0.4868705 0.6196381 0.7224649 0.7578586 0.7887309 -9999 0.7232358 0.7314129 0.7730425 0.7820779 0.7831659 0.7740871 0.7541679
0.04902448 0.05331987 0.0527549 0.0505887 0.04883762 0.04997937 0.04693476 0.06002402 0.05459463 0.06159405 0.05683414 0.05135654 0.05776835 0.04802886 0.05016716 0.05383406 0.05095541 0.04751486 0.04736626 0.04601828 0.04543208 0.04901716 0.05803355 0.06196675 0.07008595 0.07147907 0.0697205 0.06382964 0.06475372 0.06064352 0.05636104 0.0529147 0.05271998 0.05182092 0.1072787 0.2980204 0.1642793 0.09996302 0.09039742 0.1894133 0.2515194 0.2483471 0.242781 0.2757957 0.3432542 0.387691 0.4033094 0.4598018 0.5015033 0.5043614 0.5041628 0.5050569 0.4177619 0.3812914 0.4716099 0.6301729 0.7793969 0.8084937 0.8034958 0.7840086 -9999 0.7632441 0.7757266 0.7660388 0.7835467 0.7851905 0.7818947
0.06425195 0.06845876 0.05635779 0.04989171 0.05104523 0.05325169 0.0481177 0.0590271 0.05141921 0.0516141 0.05114564 0.05360626 0.05318003 0.0602472 0.06517883 0.06658972 0.0913974 0.05306326 0.04912755 0.07340784 0.1001512 0.1198304 0.1371933 0.115681 0.08142017 0.1018431 0.09008328 0.07524253 0.06440284 0.05507698 0.05427816 0.05605802 0.05314693 0.05235553 0.07218024 0.1520796 0.1238438 0.1107218 0.0797421 0.1138011 0.1811133 0.2685353 0.2868433 0.2767967 0.2827609 0.3542908 0.4244529 0.5035422 0.534939 0.5295801 0.5218335 0.5312855 0.4698032 0.4611455 0.5235147 0.6682709 0.7685449 0.7960192 0.801438 0.7761558 0.8165807 0.8195054 0.7914514 0.7528157 0.7487333 0.7428271 0.7373955
0.04711534 0.04979769 0.05306099 0.0525385 0.04819876 0.04916889 0.0432554 0.04417219 0.04433899 0.04721663 0.05043485 0.04690046 0.04574104 0.06673474 0.09481726 0.06322742 0.1168936 0.09022588 0.06581514 0.08247592 0.1236654 0.1740569 0.188809 0.1491413 0.1831624 0.1829676 0.125508 0.1272547 0.07094911 0.05114689 0.04778759 0.05330605 0.05199143 0.05112541 0.05773389 0.1055126 0.09286734 0.1002162 0.08604033 0.120107 0.1459137 0.2384358 0.3027027 0.3238322 0.2753168 0.2977431 0.3476266 -9999 0.5653737 0.5664362 0.5424983 0.5787622 0.5211393 0.5338944 0.5672297 0.6967719 0.7894827 0.804091 0.8156159 0.7838579 0.8130076 0.825424 0.8165662 0.7850927 0.7409892 0.7174047 0.6696824
0.05808605 0.05141914 0.05249989 0.05313995 0.05764426 0.05239106 0.04386106 0.04279645 0.04250181 0.04445752 0.04404808 0.04452651 0.04653164 0.07727284 0.1143993 0.06833384 0.06560778 0.07497881 0.05863187 0.05578947 0.05618627 0.06458941 0.070121 0.0653585 0.09092477 0.1173253 0.1170015 0.1612849 0.06031919 0.055238 0.04831443 0.05177687 0.05188552 0.05359897 0.06733227 0.1360392 0.1334519 0.09828487 0.08396958 0.1185426 0.1481133 0.1961266 0.2608443 0.3013538 0.3483188 0.3759065 0.3795978 -9999 0.6482324 0.6635904 0.6401779 0.6515677 0.6587105 0.660112 0.6416054 0.6904268 -9999 0.7647364 0.7816659 0.7791449 0.8135538 0.8323873 0.7915521 0.6645129 0.5786944 0.5759919 0.5380202
0.05993082 0.07141978 0.07707693 0.07263228 0.07773563 0.06381046 0.04609253 0.04302706 0.0420556 0.04489302 0.04446175 0.0441168 0.05390627 0.09823473 0.08614396 0.05556212 0.04951367 0.05667656 0.05117479 0.04925265 0.04972264 0.05474632 0.06210232 0.06940647 0.06776578 0.06769107 0.115461 0.1201325 0.05295167 0.05975452 0.04949512 0.05043419 0.05100854 0.05116822 0.06860533 0.1006201 0.1142955 0.0712105 0.09739073 0.1360154 0.1525019 0.2009099 0.2529759 0.3040996 0.3921641 0.4491358 0.4860206 -9999 0.6547019 0.7040201 0.7442704 0.7593026 0.7834966 0.7803011 0.7724967 0.7511538 0.7764634 0.7495961 0.7488239 0.7938082 0.7905181 0.751334 0.7167921 0.5942633 0.4794142 0.4825441 0.4616283
0.05728712 0.06059366 0.06061798 0.06001378 0.06077452 0.0645336 0.04786646 0.04589383 0.04224619 0.04274544 0.05438301 0.04986531 0.05766566 0.0879411 0.06546219 0.05050685 0.06183228 0.05373878 0.05873876 0.06424709 0.07733455 0.07363912 0.07814561 0.06120871 0.072128 0.09411284 0.1162901 0.09187187 0.05080603 0.05088016 0.05585824 0.05961259 0.06314301 0.05009896 0.06144428 0.132004 0.1116602 0.08029322 0.1600801 0.1657367 0.1697315 0.2072808 0.2659467 0.3026781 0.365215 0.4090672 0.4514446 0.5038127 0.6198412 0.6918136 0.7448126 0.8000727 0.8119165 0.818044 0.8285543 0.7732768 0.799332 0.7686561 0.762638 0.8107561 0.7795159 0.6656349 0.6284875 0.530921 0.4729229 0.4458567 0.4681803
0.0717356 0.06987172 -9999 0.07643915 0.07136483 0.07299131 0.05142254 0.04794128 0.04767235 0.04615769 0.06096489 0.09723096 0.06613059 0.06767209 0.06481974 0.05115876 0.06801122 0.1169515 0.09689117 0.1167455 0.1537334 0.1572299 0.07586519 0.07475078 0.08845058 0.1012545 0.08034456 0.05514282 0.0511552 0.05176795 0.06571466 0.06463875 0.09557872 0.07846703 0.05365483 0.08138157 0.1207735 0.07375034 0.1236271 0.203087 0.2290366 0.2418371 0.2871725 0.352452 0.3963046 0.4485427 0.4975811 0.5601156 0.6186886 0.6910111 0.748944 0.809585 0.8160563 0.8180829 0.8436287 0.7917025 0.7841792 0.7558975 0.7673823 0.8231258 0.7733974 0.6480973 0.6062974 0.5640703 0.5517305 0.4990459 0.4776627
0.07316852 0.07205088 0.07768697 0.07846764 0.06713135 0.06784482 0.05210657 0.04753848 0.0588644 0.06228656 0.04768943 0.06578277 0.06707545 0.05094056 0.05921592 0.05229991 0.08871681 0.1617194 0.1667292 0.1833167 0.1920309 0.135473 0.06955442 0.0813811 0.06632653 0.06015213 0.0504861 0.0491228 0.05038032 0.05165612 0.0636702 0.08317296 0.08794305 0.1407436 0.09691623 0.07148847 0.08006947 0.07817286 0.08729999 0.2004382 0.259771 0.3123998 0.3131394 0.400503 0.4369598 0.456025 0.5087392 0.5794063 0.6362232 0.6902717 0.7736464 0.8173046 0.848999 0.8425602 0.8535107 0.783944 0.7538726 0.7542555 0.7567654 0.8264173 0.8044661 0.6920201 0.6222616 0.6018102 0.5946681 0.5948293 0.5923742
0.07927372 0.0786133 0.07295544 0.06573077 0.06259519 0.06235214 0.05037329 0.0461403 0.06615967 0.07772099 0.04554843 0.04504876 0.05186043 0.05133449 0.05397291 0.05990336 0.1111088 0.2073291 -9999 0.2695757 0.1535467 0.08817282 0.07048407 0.06982714 0.06141938 0.06025788 0.04886038 0.04959967 0.05049804 0.05244267 0.05567003 0.09888735 0.06230727 0.07472496 0.1085495 0.1082998 0.08150687 0.07782388 0.08338749 0.2150127 0.2737355 0.3349644 0.3910927 0.4384228 0.5186309 -9999 0.5304492 0.5654598 0.6733665 -9999 0.7851171 0.824203 0.8456821 0.8635018 0.863711 0.7969528 -9999 0.7805732 0.8001525 0.8408567 0.8292751 0.783964 0.720817 0.6858191 0.6949221 0.6933361 0.7059674
0.06464602 0.07308664 0.07747537 0.06250568 0.06630663 0.06526588 0.05246017 0.04879319 0.07020091 0.07081069 0.05100019 0.04680033 0.05308757 0.0577668 0.06069099 0.06922883 0.1088993 0.2207681 0.3556206 0.325515 0.1693234 0.1119862 0.08629124 0.07792153 0.09708562 0.08781898 0.05071724 0.05268732 0.05693513 0.06341278 0.05773463 0.07241123 0.05994301 0.06891128 0.06969822 0.07899359 0.08750512 0.08411516 0.08464915 0.1985401 0.2837626 0.357477 0.4648759 0.4890851 0.5171599 0.5739191 0.6417145 0.6509193 0.6775898 -9999 0.8071496 0.8121225 0.8094857 0.844889 0.8570197 0.8133795 0.7838955 0.7994948 0.8167062 0.8525888 0.8410742 0.8123834 0.7845878 0.7572448 0.7878477 0.7710325 0.7594069
0.07025079 0.08346516 0.08753219 0.06730859 0.07061142 0.06215063 0.04649839 0.05578413 0.07368865 0.0671289 0.05162111 0.04796699 0.06482391 0.06243218 0.07171565 0.08396962 0.1074365 0.2305004 -9999 0.3472235 0.1601792 0.1405516 0.1082514 0.07852466 0.08711507 0.08571593 0.05358253 0.05944512 0.06673613 0.07581928 0.07164524 0.06398208 0.06132456 0.1182067 0.2100055 0.1410297 0.09520606 0.09704056 0.0924202 0.1735242 0.2913904 0.3312003 0.4002077 0.5306045 0.5398775 0.5575857 0.6895379 0.7043217 0.69416 0.7927215 0.827189 0.8165197 0.8059894 0.8397444 -9999 0.7874812 0.7713268 0.7895139 0.8103309 0.8547058 0.812416 0.805112 0.7882934 0.7872465 0.7880541 0.7519841 0.7614779
0.08555686 0.09787983 0.0818812 0.07592721 0.078528 0.05272763 0.04665907 0.04966123 0.05277843 0.05801697 0.05079662 0.0483958 0.08292925 0.1003416 0.08433164 0.1066268 0.1409466 0.2194137 -9999 -9999 -9999 0.2719093 0.2166062 0.1030544 0.0769722 0.07105669 0.06227899 0.06312912 0.07377572 0.09958993 0.0786349 0.07211833 0.07524452 0.1520784 0.3102005 0.2401126 0.1416559 0.115846 0.1128951 0.1520489 0.2848797 0.3172201 0.3914714 0.5163783 0.5755733 0.5734675 0.6725047 0.7204178 -9999 -9999 0.8120863 0.8130302 0.8137017 0.8365188 0.8470401 0.7798461 0.7808869 0.7861246 0.8146858 0.8467318 0.8033968 0.7898984 0.8087242 0.7993838 0.8028634 0.7439328 0.7558832
0.0919663 0.0942465 0.09624728 0.09941618 0.09276022 0.04853033 0.04421021 0.04487188 0.05396508 0.09393995 0.0822385 0.05176516 0.05698685 0.1157084 0.1279921 0.1269126 0.1823661 0.2552789 0.3981496 0.5487784 -9999 0.2961694 0.1774544 0.1021912 0.07788233 0.07025056 0.09763449 0.1088281 0.08329993 0.1118943 0.1043358 0.1785254 0.1900979 0.2546605 0.366929 0.3465973 0.2669251 0.1492292 0.1421495 0.1465592 0.2632674 0.3173258 0.401893 0.4917755 0.5997395 0.663806 0.686216 0.6965053 -9999 -9999 -9999 -9999 -9999 -9999 0.8211755 0.7730776 0.7810789 0.7998369 0.8287835 0.8314279 0.7953516 0.8077537 0.8086269 0.8097253 0.8107156 0.7934488 0.774774
0.06116483 0.06154884 0.06770572 0.06254049 0.0620656 0.04722265 0.04445441 0.04519019 0.04565029 0.06180427 0.07679522 0.06408673 0.05188187 0.07928178 0.1778277 0.160574 0.2013379 0.2769905 0.399619 -9999 -9999 0.2899295 0.1667902 0.1155804 0.09147687 0.07261692 0.07675424 0.09088445 0.09750494 0.1095945 0.1212905 0.2521018 0.3665909 0.3963262 0.4390399 0.4244846 0.284214 0.1586702 0.1547302 0.1467254 0.2837534 0.3280842 0.3912733 0.4518178 0.5750393 0.7249155 0.7479018 0.7407747 -9999 0.811792 -9999 0.8139346 0.8149983 0.8225644 0.8252133 -9999 0.7908504 0.7919824 0.8353006 0.8245417 0.7880541 0.7877557 0.809 0.8025644 0.8183481 0.8069735 0.7780548
0.07673442 0.07056387 0.05538047 0.04646483 0.04731532 0.04682331 0.04431626 0.04854246 0.04891286 0.04427797 0.04561333 0.05379115 0.05552032 0.05604127 0.1339392 0.2081537 0.229781 0.2767251 -9999 0.4168826 0.4542997 0.3004293 0.1664611 0.1443536 0.128122 0.1465762 0.1967839 0.1009722 0.103755 0.1188083 0.1574036 0.2903707 0.4209435 0.4662378 0.4750587 0.4084003 0.2755393 0.1692465 0.1681538 0.1672875 0.2773101 0.3153131 0.3593792 0.4306258 0.515238 0.6020456 0.6998729 0.7664953 0.7917725 0.7966077 -9999 -9999 -9999 0.8400168 0.8591962 0.7744579 0.7789068 0.7919097 0.8398077 0.8425976 0.8182554 0.8129801 0.8382872 0.8065825 0.7964549 0.7936261 0.8132818
0.07978154 0.07656066 0.05565535 0.04723668 0.04778545 0.04783288 0.04426822 0.04659833 0.05297173 0.04974397 0.04347111 0.05100994 0.06048425 0.05099994 0.1165552 0.1905048 0.276596 -9999 0.3945184 0.4669191 0.4948359 0.3784147 0.2156632 0.1897349 0.1836773 0.2201131 0.2722216 0.1457165 0.16891 0.1966218 0.2783443 0.3515342 0.4510755 0.5000294 0.488343 0.383883 0.2695779 0.1985975 0.1965768 0.1874865 0.2285135 0.2875723 0.3811263 0.4686503 0.5360618 0.5641624 0.6238595 0.6636059 0.7748405 0.8015167 0.8565847 0.8576613 0.8714061 0.8719197 0.8479718 0.783727 0.7848346 0.7857741 0.8356764 0.8727155 0.8671249 0.8515949 0.845515 0.8301322 0.8260487 0.8272256 0.8245545
0.1002988 0.08988097 0.05156529 0.04780212 0.05201838 0.04991975 0.05082227 0.04468762 0.04460078 0.04512906 0.04370366 0.04747479 0.06266266 0.04902079 0.1134482 0.2002295 0.3309562 0.4352503 -9999 0.5012196 0.5236465 0.4895483 0.241272 0.1442154 0.1415999 0.1401276 0.270019 0.3357928 0.331645 0.3411632 0.3502913 0.3918588 0.4679784 0.5225154 0.4990028 0.398222 0.3070267 0.2473983 0.2414677 0.2102451 0.2465844 0.2907431 0.4394935 0.490473 0.5412522 0.5634558 0.6191251 0.6672863 0.7374682 0.8149775 -9999 0.8438673 0.8490097 0.8563257 0.842283 0.8004944 0.8052253 0.809999 -9999 0.8383451 0.846348 0.8484005 0.8559084 0.8534369 0.8406922 0.8275461 0.8140675
0.09538168 0.08884943 0.04831594 0.04600947 0.04733534 0.04578851 0.05472498 0.05067451 0.04532993 0.04728821 0.04823042 0.04854419 0.06598064 0.05964894 0.1124189 0.238472 0.3019441 -9999 0.578959 0.5600221 -9999 -9999 0.2487272 0.1189706 0.1175486 0.1072381 0.2288863 0.3683754 0.41914 0.4278436 -9999 0.4200649 0.5108901 0.5376471 0.5499738 0.5193141 0.4235956 0.4374015 0.3830123 0.258117 0.3016213 0.369637 0.5119278 0.5532365 0.6018201 0.5582646 0.6010849 0.6667308 0.736208 0.7621561 0.8017713 0.8148473 0.8160417 0.8171564 0.8384081 -9999 -9999 -9999 0.7975082 0.8037485 0.8134802 0.824059 0.8344442 0.8492751 0.8477638 0.8278663 0.814407
0.08285442 0.08117273 0.04812498 0.05245149 0.04776539 0.04522127 0.05111374 0.04620162 0.04570331 0.05541348 0.06026642 0.05857716 0.05992751 0.06771951 0.0807648 0.1555967 0.2722586 -9999 0.5980692 0.6059176 -9999 -9999 0.2110732 0.1105646 0.09992727 0.09205225 0.1734771 0.3149702 0.3714625 0.3784476 0.4229732 0.4651753 0.5305713 0.5589079 0.5840383 0.6110408 0.5883329 0.535449 0.4471019 0.3810171 0.4236557 0.4957753 0.6319312 0.6845847 0.6702365 0.6854177 0.6409485 0.6838939 0.7088561 0.7394609 0.7712614 0.815576 0.8309052 -9999 0.8458522 0.8602039 -9999 0.8132765 0.8078017 0.8176389 0.8307208 0.8171768 0.8108655 0.8333774 0.8412926 0.8351636 0.8384266
0.07580346 0.07020004 0.05391864 0.05663031 0.04989552 0.04938318 0.05318066 0.05075078 0.04745607 0.09326191 0.09716291 0.08004865 0.07821198 0.07585196 0.09102196 0.1373893 0.2187348 0.2983238 0.4732092 0.5124347 -9999 -9999 -9999 0.1033657 0.09138524 0.08751947 0.1507652 0.285755 0.3290578 0.366547 0.4120506 0.4978132 0.5525928 0.5916941 0.6333956 0.6445534 0.6357992 -9999 0.5315802 0.4583296 0.5055797 0.6348321 0.6816738 0.7040822 0.7118986 0.6953606 0.6796098 0.6978112 0.7200413 0.7495205 0.7573541 -9999 0.8164088 -9999 -9999 0.8478299 0.8306246 0.825959 -9999 0.8230519 0.8165647 0.8198929 0.8148056 0.8229055 0.8415921 0.83199 0.8433193
0.0553195 0.05329312 0.04646426 0.04327632 0.0438332 0.04765308 0.05763253 0.0558015 0.04702233 0.1109338 0.1606999 0.06514564 0.07507947 0.0889761 0.1043142 0.157616 0.2386602 0.325614 0.4227341 0.4557147 0.4930061 0.4560629 0.1612003 0.1014731 0.08731781 0.08529597 0.1190807 0.2580843 0.3369034 0.3863471 0.4249366 0.5123666 0.6021139 -9999 0.7102974 0.6675381 -9999 0.6866318 0.6468471 0.5840051 0.6083871 0.6600974 0.7611759 -9999 0.7169498 0.7415524 0.7367098 0.7310236 0.6615126 0.673099 0.6851845 -9999 0.8302382 0.8630154 0.85033 0.8046703 0.8132418 0.8216031 0.8318894 0.8304815 0.7994084 0.7954487 0.8187903 0.8087532 0.8418911 0.8287144 0.8366743
0.05784964 0.05672681 0.04910759 0.04540297 0.04484102 0.04549911 0.04909704 0.05174715 0.0514388 0.0673895 0.1206003 0.0916633 0.08540368 -9999 0.1566874 -9999 0.2398583 -9999 0.3796054 0.3759149 0.333878 0.2856387 0.0978578 0.08249786 0.07764802 0.08076676 0.113691 0.2469305 0.3767264 0.4136674 0.4571459 0.5398557 -9999 -9999 -9999 -9999 0.6758294 0.6718109 0.6894612 0.6299412 0.6694543 0.6812012 0.7467663 0.7815826 0.7846832 -9999 0.7176313 0.6484528 0.570635 0.5815773 0.6224777 0.6870055 0.8003182 0.8730075 0.8438527 0.8088449 0.8058194 0.8218497 0.8129477 0.8272282 0.7948897 0.7805595 0.8191182 0.8091074 0.8207973 0.8255559 0.8155739
0.05300769 0.05163134 0.06407517 0.0647302 0.05792076 0.05659753 0.0733082 0.08984485 0.0751644 0.05903585 0.06616497 0.08687773 0.08084282 0.1319011 0.1678571 -9999 -9999 -9999 0.447105 0.3718913 0.1764472 0.08912248 0.07831761 0.06986538 0.06644183 0.07932275 0.1220036 0.2738724 0.4150854 0.4462489 0.4865144 -9999 -9999 -9999 0.7660675 -9999 0.6865851 0.6977509 0.7185284 0.7336739 0.7220776 0.7023249 -9999 0.7646888 0.7651489 0.7780868 0.7387134 0.6509838 0.6085577 0.6173749 0.6458124 0.7305042 0.8360612 0.8667359 0.8399717 0.8276222 0.8100458 0.8071248 0.8157075 0.8142312 0.8175756 0.7886263 0.8047377 0.8056573 0.8067362 0.8222952 0.7939519
