projects/spp-inf/Species/species5.asc
ncols         649
nrows         555
xllcorner     294205
yllcorner     6283604.6
cellsize      0.200
NODATA_value  -9999
[rows 330 to 359 of 555, columns 330 to 395 of 649]
0.01074715 0.01095813 0.01200264 0.01203754 0.01179725 0.01074025 0.01050791 0.01035176 0.008880795 -9999 -9999 -9999 -9999 -9999 -9999 0.009342004 0.008889966 0.008051869 0.008570602 0.009102669 0.009639449 0.009401862 0.008366421 0.008162173 0.008182689 0.008563587 0.00817626 -9999 -9999 -9999 -9999 0.01108156 -9999 0.01067236 0.01221925 0.01362923 0.01393157 0.01477657 0.01502126 0.01459617 0.01842127 0.01940106 0.02051371 0.02111869 0.0225486 0.02106895 0.02233436 0.02909358 0.05076681 0.04162156 0.02918141 0.03653588 0.03411084 0.03211516 0.02640411 0.02537424 0.02406888 0.02076961 0.02154567 0.02681104 -9999 -9999 -9999 -9999 -9999 -9999
0.01072439 0.01094969 0.01103545 0.01189723 -9999 0.0101827 0.0112537 0.01043443 -9999 -9999 -9999 -9999 -9999 -9999 -9999 -9999 0.009755793 0.008948633 0.00908808 0.009187513 0.009308002 0.009624409 0.009871382 0.008972596 0.008613029 0.008664675 0.008663938 0.008851435 -9999 -9999 -9999 -9999 0.009023534 0.009604289 -9999 0.0125756 0.01399347 0.01511076 0.01814022 0.01895962 0.01513041 0.01766546 0.0194931 0.01977682 0.02412553 0.02535152 0.027808 0.03576829 0.04681711 0.04791555 0.03375442 0.03504827 0.0346789 0.03524471 0.02950479 0.02945321 0.02607238 0.02183569 0.02675247 0.03147202 0.0410735 -9999 -9999 -9999 -9999 -9999
0.01019695 0.01125967 0.01157912 0.01178562 0.009765199 0.01136614 0.01155687 -9999 0.01016978 -9999 -9999 -9999 -9999 -9999 -9999 -9999 0.01108395 0.01021633 0.01012956 -9999 0.009479568 0.009350425 0.009281977 0.009653507 0.008739126 0.008715535 0.008606403 -9999 -9999 -9999 0.01014384 0.01071795 0.009045125 0.009271434 -9999 0.01153258 -9999 0.01314018 0.0150592 0.01713945 0.01714454 0.01630171 0.01971395 0.02192981 -9999 0.03202492 0.03467573 0.04191104 0.04566879 0.04562455 0.03158753 0.02972093 0.03200078 0.03537676 0.03176699 0.03361382 0.03020625 0.03586753 0.04338481 0.04742636 -9999 -9999 -9999 -9999 -9999 -9999
0.01047973 0.01147897 0.01136326 0.01051938 0.009418069 0.01060787 0.01001901 0.009322472 0.009546403 -9999 -9999 -9999 -9999 -9999 0.008779828 0.009996002 0.01138867 0.01004725 0.00979388 -9999 0.01040695 -9999 0.009534224 0.009404135 0.009704093 0.008788201 0.008340031 -9999 -9999 -9999 0.009930164 0.01002244 0.008734572 0.008656686 0.00870487 0.009605696 0.01117605 0.0120686 0.01338686 0.01590839 0.0180743 0.01769704 0.0190536 0.02100336 -9999 -9999 0.03918225 0.0393845 0.03394294 0.03431762 0.03828077 0.04281019 0.03148073 0.03243151 0.0314279 0.03191053 0.02725653 0.04802687 0.05328302 0.04447154 -9999 -9999 -9999 -9999 -9999 -9999
0.0107507 0.01084594 0.01171359 0.01186214 0.01125952 0.01106939 0.009957946 0.009374495 0.009391672 -9999 -9999 -9999 -9999 -9999 0.008932765 -9999 0.01134948 0.01034449 0.009512151 0.009488505 0.009736666 -9999 0.01058636 0.01022839 0.009998811 0.009124996 0.008531108 0.008282695 0.007881749 -9999 -9999 -9999 0.0083333 0.008290729 0.008508256 0.009059632 0.0106482 0.01152907 0.01207327 0.01485886 0.0183425 0.01981721 0.02039577 0.01853745 0.01876827 0.02601326 0.03154009 0.03245477 0.03203085 0.045055 0.04641023 0.0560858 0.05899771 0.04938538 0.03392347 0.02756083 0.02200599 0.04904309 0.05899558 -9999 -9999 -9999 -9999 -9999 -9999 -9999
0.01255538 0.01265516 0.01361038 0.01353724 0.01276377 -9999 -9999 0.01047361 0.01060337 -9999 -9999 -9999 -9999 -9999 -9999 -9999 0.01150497 0.01125234 0.01087459 0.009947008 0.009504806 0.01160482 0.01216058 0.01187064 -9999 0.01014328 0.01018066 0.008932144 0.00798271 0.00802254 -9999 0.008385233 -9999 -9999 -9999 0.009357976 0.01081926 0.01130229 0.0114817 0.01321715 0.0165983 0.01968444 0.01933343 0.02125762 0.02094808 0.02912005 0.03326075 0.03884915 0.03641839 0.04488887 0.04887834 0.04156068 0.04167887 0.05324053 0.04994405 0.04692452 0.03750498 0.03882889 0.04872742 0.03584761 -9999 -9999 -9999 -9999 -9999 -9999
0.01434453 0.01388217 -9999 -9999 -9999 -9999 -9999 -9999 -9999 -9999 -9999 -9999 -9999 -9999 -9999 0.01146683 0.0108278 0.01041473 0.01143433 0.01071911 0.01065667 0.01140974 0.01319014 0.01271373 0.01172756 0.01144995 0.01108631 0.01034745 0.008867517 0.008449422 0.008581006 -9999 -9999 -9999 0.008744181 0.01026231 0.01082474 0.01158337 -9999 0.01376711 0.015823 0.01766268 0.01871154 0.02152773 0.02466147 0.02586558 0.02752649 0.03139123 0.03416577 0.03361689 0.04406131 0.04130761 0.03156307 0.0363912 0.04923464 0.04603237 0.05534983 0.04174543 0.03668334 0.03399736 -9999 -9999 -9999 -9999 -9999 -9999
-9999 -9999 -9999 -9999 -9999 -9999 -9999 -9999 -9999 -9999 -9999 -9999 0.008616226 0.009709817 0.01073024 0.01089651 0.01012697 0.009657083 0.01142744 0.0124373 0.01250408 0.01160523 0.01315917 0.0134363 0.01300927 0.01164362 0.01099292 0.01088774 0.009337419 0.009809322 0.009164777 -9999 -9999 -9999 -9999 0.01146071 0.01155208 0.01233514 0.01233586 0.01280332 0.01523801 0.01499798 0.01736328 0.02108497 0.02349336 0.02343687 0.02544624 0.03004885 0.03472165 0.0381733 0.03931294 0.04024061 0.03344413 0.02616397 0.03583992 0.03577878 0.03918442 0.03435961 0.0338113 0.03479966 -9999 -9999 -9999 -9999 -9999 -9999
-9999 -9999 -9999 -9999 -9999 -9999 -9999 -9999 -9999 -9999 -9999 -9999 -9999 0.01035629 0.01083239 0.01037173 -9999 -9999 0.01066162 0.0109157 0.0131772 0.01341963 0.01299594 0.01332999 0.01305651 -9999 0.01335196 0.01180739 0.01108503 0.01158709 0.01073436 0.009619218 0.009937667 -9999 0.01095425 0.01179599 0.01152307 0.01264457 0.01296296 0.0136994 0.01550469 0.01562873 0.01675435 0.02078684 0.02244272 0.02141379 0.02419097 0.02892682 0.03003676 0.03483114 0.03352943 0.04086769 0.04502961 0.03301668 0.02739976 0.02830499 0.02776605 -9999 0.02195804 0.02053505 -9999 -9999 -9999 -9999 -9999 -9999
-9999 -9999 0.01399369 0.01354098 0.01336282 0.01273386 -9999 0.01263998 0.01215466 0.01246623 -9999 -9999 0.01037596 -9999 0.01026439 0.00957016 -9999 0.009832857 0.01051205 0.01124289 0.01373294 0.01506774 0.01469849 0.01457526 0.01483984 0.01310697 -9999 0.01215035 -9999 0.01227926 0.01214722 0.01072968 0.01061044 0.01064584 0.01049931 0.01175255 0.01094208 0.01294458 0.01156812 0.01311615 0.01599533 0.01860834 0.01933931 0.02093095 0.02174165 0.01997273 0.02075628 0.02116174 0.02538924 0.03305012 0.03724276 0.03540559 0.0528663 0.05382559 0.04904271 0.04905933 -9999 -9999 -9999 -9999 -9999 -9999 -9999 -9999 -9999 -9999
0.02058042 0.0190053 0.01662058 0.01552477 0.01481039 0.01479624 0.01587887 0.01372891 0.01284662 0.0127903 -9999 0.01077716 0.01063772 0.01045648 0.009173695 0.009602804 0.009941269 0.01025541 0.01114066 0.0116981 0.0127286 0.01263755 0.01356345 0.01263954 0.01325647 0.01341595 0.01261334 0.01244307 0.01084514 0.0115504 0.0109106 0.01019791 0.0108234 0.009996227 0.01016563 0.01147969 0.01153866 0.01297605 0.0105194 0.01118334 0.01386781 0.0190498 0.02067687 0.02292912 0.02404061 0.02164025 0.0202531 0.01935347 0.02123754 0.02755134 0.03812334 0.04320524 0.04246164 0.061746 0.04921284 0.06430058 0.05719413 -9999 -9999 -9999 -9999 -9999 -9999 -9999 -9999 -9999
0.0209356 0.01935443 0.01860875 0.01670628 0.01632071 0.01748165 0.01786252 0.01538539 0.01514615 0.01532502 -9999 0.01188414 0.01133402 0.009787529 0.009817746 0.009991189 0.01035337 0.01079195 0.011215 0.01157432 0.01185331 0.01157244 0.01188872 0.01152124 0.01191433 0.01319261 0.01296414 -9999 0.01131424 0.01254149 0.01189225 -9999 -9999 0.00963722 -9999 -9999 0.01234635 0.01259878 0.01111183 0.01156839 0.01367 0.02040086 0.022839 0.02153235 0.02584197 0.02362895 0.02155986 0.02058805 0.02197933 0.02660759 0.03256986 0.04397269 0.04086008 0.03857701 0.03469288 0.07556626 0.08093345 -9999 -9999 -9999 -9999 -9999 -9999 -9999 -9999 -9999
0.02036996 0.0185478 0.01730174 0.01501439 0.01503575 0.01455585 0.01551115 0.01358783 0.0157024 0.01615316 0.01490286 0.01337902 0.01083987 0.01031809 0.01031748 0.01023746 0.0104858 0.01103619 0.01102226 0.01119543 0.01122402 0.01102077 0.01160705 0.01170874 0.01176392 0.01421247 0.01434967 -9999 0.01531593 0.0141969 0.01411046 -9999 -9999 -9999 -9999 -9999 0.01312979 0.0131535 0.01246111 0.01335723 0.01533736 0.02419139 0.02616435 0.02736624 0.02648176 0.02449763 0.02117514 0.02073882 0.02305972 0.02677063 0.03074577 0.03930227 0.04730615 0.03375218 0.02845312 0.06008579 0.08938523 -9999 -9999 -9999 -9999 -9999 -9999 -9999 -9999 -9999
0.01943017 0.01966075 0.01847271 0.01615197 0.01436042 0.01415552 0.01465285 0.01437705 0.01426127 0.01593681 0.01545235 0.01379966 0.01147961 0.01107662 0.01089492 0.01038745 0.01052829 0.01069632 0.01090697 0.01112061 0.01118837 -9999 -9999 -9999 -9999 0.01548561 0.01536677 0.01611894 -9999 -9999 -9999 -9999 -9999 -9999 -9999 -9999 -9999 0.01639809 0.01428582 0.01518452 0.01688215 0.02654453 0.02564216 0.02862147 0.03068706 0.02919951 0.0221431 0.02080664 0.02375859 0.02697037 0.0307315 0.03757206 0.04218158 0.03860454 0.04652708 0.06934743 -9999 -9999 -9999 -9999 -9999 -9999 -9999 -9999 -9999 -9999
0.02363351 0.02342333 0.01998054 0.0180816 0.01796334 0.01652161 0.01573622 0.0142978 0.01352211 0.01447634 0.01561625 -9999 -9999 0.01098881 0.01077988 0.005349741 2.220446e-016 2.220446e-016 -9999 -9999 -9999 -9999 -9999 -9999 0.01276888 0.01321102 -9999 -9999 -9999 -9999 -9999 -9999 -9999 -9999 -9999 0.02238579 -9999 -9999 0.01600889 0.01652162 0.01840211 0.02616232 0.02794361 0.02966242 0.02914997 0.03301112 0.02624208 0.02172192 0.02425475 0.0269208 0.02973953 0.03370761 0.03141229 0.05092929 0.06739204 0.07419171 -9999 -9999 -9999 -9999 -9999 -9999 -9999 -9999 -9999 -9999
0.02416728 0.02194324 0.01875211 0.01662588 0.0168307 0.01601205 0.01566896 0.01464318 0.01344456 0.01320957 -9999 -9999 -9999 -9999 0.01088964 0.00546177 2.220446e-016 2.220446e-016 -9999 -9999 -9999 -9999 -9999 0.01215817 0.01207781 -9999 -9999 -9999 -9999 -9999 -9999 -9999 -9999 -9999 -9999 0.02445306 -9999 -9999 -9999 0.01800623 0.01925591 0.02248709 0.02481471 0.0310239 0.02850457 0.03070074 0.02683749 0.02403765 0.02594695 0.02897907 0.03298534 0.04410077 0.04778524 0.05925056 -9999 -9999 -9999 -9999 -9999 -9999 -9999 -9999 -9999 -9999 -9999 -9999
0.02239172 0.01992087 0.01741677 0.01658644 0.01542182 0.01550675 0.017661 0.01661018 0.01584512 0.01518743 -9999 -9999 0.01225288 0.01103197 0.01125184 0.01125252 0.01084723 2.220446e-016 -9999 -9999 -9999 -9999 0.01239111 0.01223936 0.01147809 -9999 -9999 -9999 -9999 -9999 -9999 -9999 -9999 -9999 -9999 0.02734723 -9999 -9999 0.02039717 -9999 0.01999204 0.0207588 0.0220306 0.02634714 0.02606357 0.02380593 0.02540151 0.02593176 0.02792806 0.0321891 0.03776259 0.05393308 0.06044268 0.05369277 -9999 -9999 -9999 -9999 -9999 -9999 -9999 -9999 -9999 -9999 -9999 -9999
0.02246565 0.0219019 0.02009216 0.01942137 0.01699466 0.01639527 -9999 -9999 0.01578065 0.01639236 -9999 -9999 -9999 -9999 0.01200265 0.01200045 0.01162529 0.01383894 0.01608631 -9999 0.01294327 0.01333747 0.01384829 0.01340506 0.01278658 0.01127499 0.01108872 -9999 -9999 -9999 -9999 -9999 -9999 -9999 -9999 -9999 0.02890386 -9999 0.02723085 0.02931717 0.02612399 0.02368419 0.0219328 0.02181594 0.0211812 0.02116875 0.02561124 0.02860099 0.02995123 -9999 -9999 -9999 -9999 -9999 -9999 -9999 -9999 -9999 -9999 -9999 -9999 -9999 -9999 -9999 -9999 -9999
0.02574365 0.02351179 0.02149079 0.01955418 0.01718421 0.01645368 0.01738051 0.01766881 0.01699682 0.01607565 0.01819464 0.02060937 -9999 0.01181448 0.01267887 0.01231564 0.01231856 0.01294961 0.01650571 0.01581358 0.01278365 0.01235734 0.01285357 0.01290903 0.0122682 0.0118187 0.01110356 0.01032459 -9999 -9999 -9999 -9999 -9999 -9999 -9999 -9999 -9999 -9999 -9999 0.03539171 0.03239633 0.02742328 -9999 -9999 -9999 -9999 -9999 -9999 -9999 -9999 -9999 -9999 -9999 -9999 -9999 -9999 -9999 -9999 -9999 -9999 -9999 -9999 -9999 -9999 -9999 -9999
-9999 -9999 -9999 -9999 -9999 0.01840839 0.01758158 0.01828923 0.01861114 0.01683298 0.01852371 0.02168238 0.01758794 0.01383663 0.01306712 0.01229896 0.012463 0.01434696 0.01518287 0.01307674 0.01244848 0.01163435 0.01168373 0.01096814 0.01083239 0.01151196 0.01109152 0.01016694 0.01010137 -9999 -9999 -9999 -9999 -9999 -9999 -9999 -9999 -9999 -9999 0.04060142 -9999 -9999 -9999 -9999 -9999 -9999 -9999 -9999 -9999 -9999 -9999 -9999 -9999 -9999 -9999 -9999 -9999 -9999 -9999 -9999 -9999 -9999 -9999 -9999 -9999 -9999
-9999 -9999 -9999 -9999 0.01774018 0.01821164 0.01918368 0.01942603 0.01873402 0.017051 0.01775452 0.02089266 0.01923511 0.01501608 0.01266065 0.01208687 0.01285335 0.01465815 0.01542023 0.01271438 0.01161895 0.01178102 0.01171996 0.01108557 0.01105851 0.01173492 0.01158888 0.0108515 0.01045857 -9999 -9999 -9999 -9999 -9999 -9999 -9999 -9999 -9999 -9999 -9999 -9999 -9999 -9999 -9999 -9999 -9999 -9999 -9999 -9999 -9999 -9999 -9999 -9999 -9999 -9999 -9999 -9999 -9999 -9999 -9999 -9999 -9999 -9999 -9999 -9999 -9999
-9999 -9999 -9999 -9999 -9999 0.02065275 0.01859972 -9999 0.01706572 0.01692608 0.01750573 0.01869789 -9999 0.01548858 -9999 0.01264767 0.01379214 0.01579441 -9999 -9999 0.01186642 -9999 0.0117553 0.01129801 0.01135092 0.01176486 0.01236745 -9999 -9999 -9999 -9999 -9999 -9999 -9999 -9999 -9999 -9999 -9999 -9999 -9999 -9999 -9999 -9999 -9999 -9999 -9999 -9999 -9999 -9999 -9999 -9999 -9999 -9999 -9999 -9999 -9999 -9999 -9999 -9999 -9999 -9999 -9999 -9999 -9999 -9999 -9999
-9999 -9999 -9999 -9999 0.02418259 0.02442071 0.02191131 -9999 -9999 -9999 0.02390407 -9999 -9999 0.0153914 0.01380776 0.01465927 0.01523525 -9999 -9999 -9999 -9999 -9999 0.01169799 0.01149445 0.01149097 0.01155158 0.01240383 0.01346286 -9999 -9999 -9999 -9999 -9999 -9999 -9999 -9999 -9999 -9999 -9999 -9999 -9999 -9999 -9999 -9999 -9999 -9999 -9999 -9999 -9999 -9999 -9999 -9999 -9999 -9999 -9999 -9999 -9999 -9999 -9999 -9999 -9999 -9999 -9999 -9999 -9999 -9999
0.01788388 0.01773735 0.01885059 0.01952625 0.02142957 0.02259628 -9999 -9999 -9999 -9999 -9999 -9999 0.01509456 0.01341676 0.01316787 0.01402994 0.01426724 0.01249144 0.01329685 0.01326239 -9999 0.01199052 0.01248449 0.012825 0.01365327 0.0124895 0.01299639 0.01339217 -9999 -9999 -9999 -9999 -9999 -9999 -9999 -9999 -9999 -9999 -9999 -9999 -9999 -9999 -9999 -9999 -9999 -9999 -9999 -9999 -9999 -9999 -9999 -9999 -9999 -9999 -9999 -9999 -9999 -9999 -9999 -9999 -9999 -9999 -9999 -9999 -9999 -9999
0.01559389 0.01575871 0.01624024 0.01672422 0.0184735 -9999 -9999 -9999 -9999 -9999 -9999 -9999 0.01411032 0.01428567 0.01380807 0.01386871 0.01441075 0.0144818 0.01466141 -9999 0.01409211 0.01357532 0.0132555 0.0143693 0.013108 0.01418285 0.01371849 -9999 -9999 -9999 -9999 -9999 -9999 -9999 -9999 -9999 -9999 -9999 -9999 -9999 -9999 -9999 -9999 -9999 -9999 -9999 -9999 -9999 -9999 -9999 -9999 -9999 -9999 -9999 -9999 -9999 -9999 -9999 -9999 -9999 -9999 -9999 -9999 -9999 -9999 -9999
-9999 -9999 -9999 -9999 0.01659088 0.01841928 0.01596097 -9999 -9999 -9999 -9999 -9999 -9999 0.01497591 0.01460031 0.01383977 0.01280125 0.01368354 0.01376844 0.01414642 0.01452443 -9999 0.01467465 0.01426913 0.0132374 0.01489932 -9999 -9999 -9999 -9999 -9999 -9999 -9999 -9999 -9999 -9999 -9999 -9999 -9999 -9999 -9999 -9999 -9999 -9999 -9999 -9999 -9999 -9999 -9999 -9999 -9999 -9999 -9999 -9999 -9999 -9999 -9999 -9999 -9999 -9999 -9999 -9999 -9999 -9999 -9999 -9999
0.01446344 0.01458019 0.01435841 -9999 -9999 0.01633107 0.01678484 -9999 -9999 0.01493377 -9999 -9999 0.01388188 0.01321407 0.01333755 0.01420258 0.01305772 0.0131347 0.01361718 0.01347052 0.01389415 -9999 0.0147057 -9999 -9999 -9999 -9999 -9999 -9999 -9999 -9999 -9999 -9999 -9999 -9999 -9999 -9999 -9999 -9999 -9999 -9999 -9999 -9999 -9999 -9999 -9999 -9999 -9999 -9999 -9999 -9999 -9999 -9999 -9999 -9999 -9999 -9999 -9999 -9999 -9999 -9999 -9999 -9999 -9999 -9999 -9999
0.01449902 0.01475895 0.01491779 0.01488246 -9999 -9999 -9999 -9999 -9999 -9999 -9999 -9999 0.01381888 0.01282218 0.01236072 0.01421067 0.01493478 0.01432791 0.01520539 0.01488109 0.0146726 0.01481764 0.01527257 -9999 -9999 -9999 -9999 -9999 -9999 -9999 -9999 -9999 -9999 -9999 -9999 -9999 -9999 -9999 -9999 -9999 -9999 -9999 -9999 -9999 -9999 -9999 -9999 -9999 -9999 -9999 -9999 -9999 -9999 -9999 -9999 -9999 -9999 -9999 -9999 -9999 -9999 -9999 -9999 -9999 -9999 -9999
0.01524705 0.0157964 0.01541031 -9999 -9999 -9999 -9999 -9999 -9999 -9999 -9999 -9999 0.01527948 -9999 0.0131698 0.01374564 0.01402818 0.01300104 0.01388846 0.01447342 0.01357438 0.01452566 -9999 -9999 -9999 -9999 -9999 -9999 -9999 -9999 -9999 -9999 -9999 -9999 -9999 -9999 -9999 -9999 -9999 -9999 -9999 -9999 -9999 -9999 -9999 -9999 -9999 -9999 -9999 -9999 -9999 -9999 -9999 -9999 -9999 -9999 -9999 -9999 -9999 -9999 -9999 -9999 -9999 -9999 -9999 -9999
0.01581704 -9999 0.01629166 -9999 -9999 -9999 -9999 -9999 -9999 -9999 -9999 -9999 0.01526857 0.01455962 -9999 -9999 0.01426997 0.01441752 0.0152699 -9999 -9999 -9999 -9999 -9999 -9999 -9999 -9999 -9999 -9999 -9999 -9999 -9999 -9999 -9999 -9999 -9999 -9999 -9999 -9999 -9999 -9999 -9999 -9999 -9999 -9999 -9999 -9999 -9999 -9999 -9999 -9999 -9999 -9999 -9999 -9999 -9999 -9999 -9999 -9999 -9999 -9999 -9999 -9999 -9999 -9999 -9999
