projects/spp-inf/Species/species5.asc
ncols         649
nrows         555
xllcorner     294205
yllcorner     6283604.6
cellsize      0.200
NODATA_value  -9999
[rows 480 to 509 of 555, columns 132 to 197 of 649]
0.007624167 0.06755728 0.1188257 0.03263396 0.08465125 0.4173775 0.4559958 0.3355964 0.3264094 0.212641 0.03009277 0.2079905 0.2050114 0.1782935 0.2054119 0.06120463 0.1360856 0.1104313 0.1032545 0.1342057 0.1359207 0.1141391 0.1693321 0.1276623 0.1476661 0.2774851 0.1666707 0.1429529 0.2678927 0.407668 0.07142273 0.118332 0.1716298 0.08165782 0.2531511 0.3072625 0.4193812 0.4404052 0.2971281 0.1564233 -9999 -9999 -9999 -9999 -9999 -9999 -9999 0.2868712 0.3700506 0.3124218 0.3017963 0.2370405 0.2031516 0.2241904 0.2528459 0.2865643 0.3880105 0.4874901 0.5003541 0.5114202 0.03655249 0.4706826 0.5648998 0.4672374 0.5551142 0.571804
0.07082245 0.2414529 0.1045909 0.02554104 0.1187113 0.2830398 0.04277651 0.0192028 0.1765445 0.2079505 0.1145212 0.07093309 0.07864659 0.1356214 0.2043549 0.1035354 0.1329216 0.1097177 0.12298 0.1179522 0.109529 0.1231345 0.1154765 0.1034752 0.1196647 0.1781743 0.2411637 0.08436537 0.242549 0.4388175 0.07309562 0.2098144 0.2126009 0.1271583 0.1745313 0.5069083 0.6068213 0.5068837 -9999 -9999 -9999 -9999 -9999 -9999 -9999 0.317262 0.5409504 0.5671451 0.505105 0.302348 0.3082671 0.3703481 0.2681932 0.4073555 0.4252931 0.2480556 0.2185752 0.3888151 0.4098917 0.5241826 0.06074644 0.2897735 0.4415246 0.4899024 0.358604 0.3012537
0.06727391 0.06648027 0.06214627 0.07994954 -9999 0.3750328 0.2012776 0.007828634 0.06484022 0.1250686 0.1458267 0.1655576 0.1561933 0.0709922 0.1017038 0.05578473 0.09669329 0.08401717 0.09638276 0.09694597 0.08065103 0.08097388 0.1181543 0.1580421 0.1354558 0.1908531 0.2030246 0.1545703 0.204966 0.4006689 0.09885333 0.09089321 0.190366 0.1603551 0.0761563 0.04739791 0.08550348 0.3198656 0.4630929 -9999 -9999 -9999 -9999 -9999 -9999 0.405311 0.339821 0.2732648 0.1655733 0.2279368 0.3040061 0.3346128 0.1395071 0.05884991 0.3102766 0.2590871 0.1741266 0.3891881 0.3435107 0.5048612 0.1391632 0.3976152 0.4786361 0.4450306 0.2278574 0.1608549
-9999 -9999 0.06780889 0.07641831 0.1497687 0.215114 0.2190501 0.1092087 0.1003322 0.06433871 0.1225027 0.1551179 0.167809 0.09331026 0.07779916 0.1380025 0.1446868 0.1366321 0.1638473 0.1515931 0.1501729 0.1083272 0.132589 0.1349321 0.0912469 0.2762194 0.2320438 0.1377019 0.1516917 0.2240053 0.2597022 0.1267697 0.1204451 0.2037458 0.2414348 0.1918513 0.07282896 0.1307908 0.4384055 -9999 -9999 -9999 0.1852364 0.1688782 -9999 0.4065548 0.2215211 0.1007132 0.1005937 0.08787118 -9999 -9999 0.1388319 0.1551143 0.1578152 0.1620224 0.3636413 0.3575603 0.2834389 0.4161334 0.1360668 0.234309 0.4085384 0.4046089 0.2380157 0.1014242
0.03456217 -9999 0.06129377 0.1326461 0.01622321 0.1154854 0.08569284 0.07115526 0.0901846 0.08622935 0.03878404 0.06839007 0.0862513 0.1294803 0.08669935 0.1544785 0.1620639 0.2119877 0.2848563 0.2508191 0.2332908 0.1653286 0.1952484 0.186719 0.05184022 0.108673 0.2588225 0.2070435 0.1451274 0.1327898 0.1073293 0.1625471 0.09852578 0.1913526 0.3019904 0.3166352 0.1512893 0.2248013 0.4131688 -9999 -9999 -9999 0.3018714 0.2207454 0.2413031 0.4012467 0.3184983 0.08756544 0.1699287 0.2117603 0.173835 -9999 -9999 0.09319618 0.09984932 0.154328 0.3624279 0.4488246 0.3828861 0.3347878 0.2511775 0.09589595 0.1110737 0.2171138 0.2039135 0.1850315
0.04282499 -9999 -9999 0.3795359 0.1242731 0.04821447 0.06369536 0.08221607 0.05699653 0.07431397 0.04567445 0.04160339 0.1561471 0.2106648 0.07259715 0.06925036 0.1074084 0.1127153 0.07130272 0.05402526 0.2007422 0.2295609 0.2431553 0.291467 0.1818098 0.1393144 0.182111 0.1790015 0.1499661 0.1710708 0.07099677 0.1895994 0.2985442 0.3566843 0.2730303 0.2751652 0.2136379 0.2333371 -9999 -9999 -9999 0.4276058 0.3495879 0.1388915 0.3185483 0.2309453 0.2763544 0.1895534 0.2040624 0.2451182 0.28145 -9999 -9999 0.06965326 0.07994558 0.0883292 0.0907127 0.1618347 0.345492 0.3598418 0.2792183 0.1600687 0.1481386 0.1779037 0.2574419 0.2300104
-9999 -9999 -9999 -9999 0.1875261 0.1032939 0.06722071 0.04211951 0.009504213 0.02105983 0.08795124 0.06212096 0.1129103 0.2170779 0.1063456 0.1418833 0.2607285 0.1885508 0.1352444 0.1643904 0.06691483 0.08333947 0.1790034 0.1797862 0.2017228 0.240853 0.2143914 0.2297353 0.1975315 0.2490467 0.06032691 0.1270977 0.3098983 0.3314226 -9999 -9999 0.1902809 0.1927717 -9999 -9999 -9999 0.4895597 0.2460352 0.1065981 0.3472719 0.1551782 0.2572868 0.2198787 0.2063636 0.2625726 0.2651182 -9999 -9999 0.06237568 0.06540373 0.07280647 0.07972335 0.1082452 0.122567 0.2404966 0.23211 0.1200494 0.1612884 0.1708802 0.1574332 0.1822727
-9999 -9999 -9999 -9999 -9999 0.1378351 0.0927176 0.073902 0.03332093 0.03728751 0.1092534 0.08209281 0.1125667 0.2236568 0.2557698 0.2723379 0.3060148 0.2036186 0.1463633 0.283029 0.1140204 0.1425577 0.2263441 0.1653848 0.1293355 0.1451173 0.1295099 0.2008231 0.2168023 0.3282721 0.3810786 0.148594 0.1450858 0.4349048 0.4274355 -9999 -9999 -9999 -9999 -9999 -9999 0.3592446 0.295826 0.07262091 0.2767572 0.2613345 0.205919 0.1802778 0.1856037 0.173802 -9999 -9999 -9999 -9999 0.07473385 0.06777097 0.08151232 0.1229747 0.1692153 0.09997865 0.1463719 0.1143994 0.1600069 0.2082397 0.2099955 0.2527593
-9999 -9999 -9999 -9999 -9999 0.1017616 0.152631 0.1250846 0.04817923 0.02701046 0.08339535 0.08061583 0.119606 0.1265036 0.1728002 0.2289412 0.311415 0.3099461 0.2512726 0.318586 0.1407949 0.1263756 0.1784367 0.162855 0.1581855 0.1309114 0.09363525 0.136522 0.190961 0.2631858 0.2773921 0.373414 0.008083664 0.2116065 0.480628 -9999 -9999 -9999 -9999 0.2223295 0.2930852 0.4275979 0.2122251 0.07351772 0.114408 0.1321513 0.1413737 0.1537484 0.2496797 0.2413262 -9999 0.04427866 0.04756168 0.06961256 0.07001489 0.06873392 0.06773268 0.0859616 0.1680039 0.0919321 0.1210115 0.1150287 0.1295299 0.1527065 0.1595646 -9999
-9999 -9999 -9999 -9999 -9999 -9999 0.07898269 0.2382058 0.1619053 0.03161895 0.0944154 0.1594485 0.206884 0.2487456 0.210374 0.1728058 0.3190733 0.2886935 0.3963615 0.3556443 0.08176363 0.02139855 0.08298577 0.1312133 0.117477 0.05015299 0.1291566 0.1328707 0.1939611 0.3426795 0.2370889 0.3082076 0.04599363 0.2087117 0.396022 -9999 -9999 -9999 0.09253612 0.228891 0.3503839 0.1945714 0.05477461 0.03248188 0.03664669 0.1199746 0.1244235 0.1475748 0.1588194 0.1486028 0.09621095 0.08895428 0.05562468 0.05374542 0.06538729 -9999 0.06324915 0.06956501 0.1838353 0.1289438 0.1088134 -9999 -9999 -9999 0.1861883 0.1505075
0.000785334 -9999 -9999 -9999 -9999 -9999 -9999 0.1241398 0.2558354 0.01176079 0.01985415 0.01919521 0.02022756 0.07537834 0.05437321 0.08051623 0.2981318 0.2305426 0.3550854 0.4992235 0.1024788 0.01960812 0.04532167 0.0999316 0.1006555 0.01955356 0.04374505 0.06351493 0.3727174 0.4077908 0.1121597 0.2912003 0.2439446 0.1138701 0.20264 -9999 -9999 -9999 0.09116346 0.2645484 0.2589894 0.03407061 0.07835176 0.07027514 0.03715052 0.09092657 0.1123445 0.1067122 0.08841144 -9999 0.1126634 0.1030903 0.09698152 0.08950452 0.0646669 0.05558731 -9999 0.07357016 0.09673741 0.109773 0.09426215 0.07400335 0.1637223 -9999 0.2857594 0.3423196
0.0006791604 -9999 -9999 -9999 -9999 -9999 -9999 0.07808411 0.2533275 0.01875893 0.02974181 0.04205605 0.02926394 0.05648813 0.1234251 0.1409821 0.1718197 0.3525092 0.1478752 0.4782789 0.3959118 0.1004058 0.08006731 0.1512134 0.1905905 0.1077771 0.09243812 0.04342195 0.1112319 0.4475887 0.3013835 0.1916568 0.1559736 0.07426939 0.07533678 0.07648937 -9999 -9999 -9999 0.2921404 0.337868 0.08564082 0.1373723 0.1555364 0.123134 0.06294161 0.0415065 0.04109633 0.03874944 0.04247225 -9999 0.07693124 0.09570876 0.08838779 0.06872103 0.04721632 0.05543848 0.07234581 0.07697817 0.0952459 0.1112034 0.1016933 -9999 -9999 0.2714995 0.366354
-9999 -9999 -9999 -9999 -9999 -9999 -9999 0.06297593 0.2724902 0.0107796 0.03415789 0.06637797 0.04929738 0.03182274 0.08132215 0.04677985 0.1002894 0.4142942 0.1160477 0.2433211 0.2309527 0.03803942 0.09640612 0.1276559 0.1596237 0.1653399 0.1371257 0.06156951 0.03552324 0.05958969 0.1579339 0.1981714 -9999 0.06666438 0.05102693 0.05604634 -9999 -9999 -9999 -9999 -9999 0.3028878 0.1339693 0.1146673 0.1300844 0.1282058 0.07054214 0.03487193 0.04474328 0.0459023 0.05032151 0.05656545 0.06028502 0.06241573 0.05982764 0.0523586 0.05394632 -9999 0.07132313 0.08653072 0.1337053 -9999 -9999 -9999 -9999 0.3102278
-9999 -9999 -9999 -9999 -9999 -9999 -9999 0.03374071 0.2508516 0.01571244 0.02040019 0.04224848 0.1027245 0.03006355 0.01514655 0.01264068 0.03563878 0.3149305 0.1150053 0.1828212 0.2273867 0.007318598 0.1925681 0.1768828 0.1306602 0.1496641 0.1001656 0.02246656 0.0283733 0.02028444 0.03074267 0.1420464 0.03950144 -9999 -9999 -9999 -9999 -9999 -9999 -9999 -9999 0.2137704 0.1625337 0.1293947 0.153853 0.1859175 0.04265413 0.03728017 0.05379079 0.05059364 0.04740717 0.05091917 0.05410915 0.06118088 0.05727188 0.05547036 0.06571135 0.07850761 0.06887607 -9999 0.09030127 -9999 -9999 0.09857579 0.1889196 0.3857998
-9999 -9999 -9999 -9999 -9999 -9999 -9999 0.02284844 0.1442572 0.01094872 0.01344443 0.02506534 0.05605646 0.07241426 0.04412834 0.05509762 0.0385915 0.1878501 0.143359 0.140925 0.3666233 0.1982389 0.3232319 0.08504119 0.08730105 0.2133285 0.1873246 0.02556306 0.0196382 0.01914795 0.03568738 0.09085242 0.04459421 -9999 -9999 -9999 -9999 -9999 -9999 -9999 -9999 -9999 0.1920041 0.1675516 0.3040051 0.2205156 0.03325474 0.02861475 0.05061395 0.05140011 0.04996293 0.05417275 -9999 0.07313997 0.05988181 0.04675322 0.05497517 0.07598231 0.07584036 0.07711957 0.1107628 0.1509866 0.1990735 0.1380114 0.08904208 0.365757
-9999 -9999 -9999 -9999 -9999 -9999 -9999 0.02604909 0.09109053 0.03540572 0.00621588 0.01990866 0.02493795 0.03430834 0.01954971 0.02582748 0.01946074 0.03982718 0.1276719 -9999 -9999 0.2123457 -9999 -9999 -9999 0.1842379 0.327264 0.2298279 0.06631352 0.02831742 0.02641515 0.04297213 0.03032698 -9999 -9999 -9999 -9999 -9999 -9999 -9999 -9999 -9999 -9999 -9999 0.3630748 0.4221901 0.2943716 0.08757367 0.05174816 0.06417979 0.05944931 0.06008872 0.07425658 0.07636621 0.05428952 0.06359074 0.06052604 0.05685143 0.1098301 0.1168151 0.1160885 0.1654294 0.2153495 0.2372905 0.08420265 0.3207971
-9999 -9999 -9999 -9999 -9999 -9999 -9999 -9999 0.03628945 0.0343167 0.006340166 0.00463248 0.01294793 0.01843407 0.01884929 0.01342453 0.02859317 0.05015556 0.09498139 0.07586242 -9999 -9999 -9999 -9999 -9999 -9999 -9999 0.1121394 0.07216357 0.02810651 0.02425773 0.02918491 0.009228921 -9999 -9999 -9999 -9999 -9999 -9999 -9999 -9999 -9999 -9999 -9999 -9999 -9999 0.553299 0.3094835 0.04881733 0.1081007 0.1129114 0.09308693 0.09592137 0.1250579 0.08102939 0.0924518 0.09729847 0.07715227 0.09935831 0.1321186 0.1320248 0.2266003 0.2132705 0.2888166 0.08573377 0.2458878
-9999 -9999 -9999 -9999 -9999 -9999 -9999 -9999 0.01966126 0.03240344 0.02394933 0.007523705 0.009864813 0.009349338 0.01361106 0.01388681 0.03050785 0.07007459 0.02474362 -9999 -9999 -9999 -9999 -9999 -9999 -9999 -9999 -9999 0.03514621 0.02671495 0.01591727 0.0173868 -9999 -9999 -9999 -9999 -9999 -9999 -9999 -9999 -9999 -9999 -9999 -9999 0.1075845 -9999 -9999 0.4917699 0.1676316 0.2636355 0.2780491 0.2141804 0.1552341 0.1341275 0.08961372 0.09808411 0.1118979 0.1037098 0.08331885 0.1360082 0.1734863 0.3475225 0.2883198 0.4137603 0.2016394 0.1411348
-9999 -9999 -9999 -9999 -9999 -9999 -9999 -9999 0.008553824 0.01674755 0.0266758 0.009433241 0.007613024 0.007995551 0.01010597 0.01236899 0.02194067 0.02728196 -9999 -9999 -9999 -9999 -9999 -9999 -9999 -9999 -9999 -9999 -9999 -9999 0.01219604 -9999 -9999 -9999 -9999 -9999 -9999 -9999 -9999 -9999 -9999 -9999 0.1687905 0.2319333 0.2680277 0.2943935 0.3346159 0.4095296 0.3613942 0.4149795 0.2551587 0.2379689 0.1708649 0.1399159 0.09328779 0.08915943 0.1108336 0.118338 0.06368732 0.09584566 0.179354 0.3839778 0.4845107 0.4326813 0.4883579 0.4780558
-9999 -9999 -9999 -9999 -9999 -9999 -9999 -9999 -9999 0.006857249 0.01424593 0.006912978 0.002534473 0.007251935 0.01714481 0.01330989 0.01451209 -9999 -9999 -9999 -9999 -9999 -9999 -9999 -9999 -9999 -9999 -9999 -9999 -9999 -9999 -9999 -9999 -9999 -9999 -9999 -9999 -9999 -9999 -9999 -9999 -9999 0.25874 0.201539 0.1788032 0.1896542 0.3729692 0.3459235 0.3679014 0.2993577 0.3722674 0.2442539 0.200716 0.1435055 -9999 0.09981001 -9999 0.1108593 0.07255854 -9999 0.09664532 0.2179691 0.5584016 0.5049072 0.3570732 0.3903439
-9999 -9999 -9999 -9999 -9999 -9999 -9999 -9999 -9999 -9999 0.01126409 0.009040299 0.001500439 0.005679029 0.01392086 -9999 -9999 -9999 -9999 -9999 -9999 -9999 -9999 -9999 -9999 -9999 -9999 -9999 -9999 -9999 -9999 -9999 -9999 -9999 -9999 -9999 -9999 -9999 -9999 -9999 -9999 0.1159714 0.3165594 0.06911018 0.04669001 0.06483766 0.2500099 0.2940701 0.251803 0.3434579 0.296233 0.1433194 0.1316597 0.1411506 0.1120331 -9999 0.114376 0.1073638 0.09257078 0.2013676 0.318231 0.1563779 0.3322864 0.5651419 0.2322216 0.2475324
-9999 -9999 -9999 -9999 -9999 -9999 -9999 -9999 -9999 -9999 -9999 0.01659525 0.00881744 0.008522329 0.01054014 -9999 -9999 -9999 -9999 -9999 -9999 -9999 -9999 -9999 -9999 -9999 -9999 -9999 -9999 -9999 -9999 -9999 -9999 -9999 -9999 -9999 -9999 -9999 -9999 -9999 -9999 0.1089666 0.2910467 0.05771638 0.03865933 0.1225521 0.1788728 0.1332406 0.1126244 0.2066918 0.2274746 0.2303536 0.1519883 0.1412328 0.1274384 0.09226049 0.1133126 -9999 0.08857336 0.3590445 0.5719222 0.5615794 0.6120214 0.5918479 0.1786739 0.2098067
-9999 -9999 -9999 -9999 -9999 -9999 -9999 -9999 -9999 -9999 -9999 -9999 0.008820467 0.009310816 -9999 -9999 -9999 -9999 -9999 -9999 -9999 -9999 -9999 -9999 -9999 -9999 -9999 -9999 -9999 -9999 -9999 -9999 -9999 -9999 -9999 -9999 -9999 -9999 -9999 -9999 -9999 0.1643777 0.2144202 0.07221672 0.0633406 0.06827907 0.1564957 0.1401166 0.1108764 0.1631793 0.2277408 0.2964935 0.1598195 0.1173489 0.1147414 0.1070599 -9999 0.1470081 -9999 0.4402957 0.6777987 0.3653492 0.5251797 -9999 -9999 -9999
-9999 -9999 -9999 -9999 -9999 -9999 -9999 -9999 -9999 -9999 -9999 -9999 -9999 -9999 -9999 -9999 -9999 -9999 -9999 -9999 -9999 -9999 -9999 -9999 -9999 -9999 -9999 -9999 -9999 -9999 -9999 -9999 -9999 -9999 -9999 -9999 -9999 -9999 -9999 -9999 0.09474149 0.2706672 0.08004811 0.0880348 0.1116951 0.06516226 0.1872975 0.1755796 0.1108595 0.1991468 0.289999 0.3047079 0.1160385 0.2364406 0.1576924 0.1420461 0.1635022 0.1799046 0.05923104 0.3476436 0.7714106 0.4694934 -9999 -9999 -9999 -9999
-9999 -9999 -9999 -9999 -9999 -9999 -9999 -9999 -9999 -9999 -9999 -9999 -9999 -9999 -9999 -9999 -9999 -9999 -9999 -9999 -9999 -9999 -9999 -9999 -9999 -9999 -9999 -9999 -9999 -9999 -9999 -9999 -9999 -9999 -9999 -9999 -9999 -9999 -9999 -9999 0.165031 0.2247563 0.03795897 0.1025286 0.1349693 0.04780466 0.09912138 0.2128749 0.1900066 0.2400648 0.4009447 0.3107403 0.1691118 0.347021 0.1882233 0.1332952 0.1486228 0.1967884 0.1734637 0.3701581 0.7300503 0.4770439 -9999 0.4556 0.4436748 -9999
-9999 -9999 -9999 -9999 -9999 -9999 -9999 -9999 -9999 -9999 -9999 -9999 -9999 -9999 -9999 -9999 -9999 -9999 -9999 -9999 -9999 -9999 -9999 -9999 -9999 -9999 -9999 -9999 -9999 -9999 -9999 -9999 -9999 -9999 -9999 -9999 -9999 -9999 -9999 0.09230711 0.3258544 0.07082163 0.06041571 0.1180315 0.1175601 0.1849101 0.1185518 0.1334209 0.2512456 0.2605064 0.3370609 0.1408989 0.1425713 0.4217191 0.2741001 0.1690838 0.1641506 0.1885684 0.2872256 0.6201776 0.6563234 -9999 0.5970367 0.6164548 0.6727078 -9999
-9999 -9999 -9999 -9999 -9999 -9999 -9999 -9999 -9999 -9999 -9999 -9999 -9999 -9999 -9999 -9999 -9999 -9999 -9999 -9999 -9999 -9999 -9999 -9999 -9999 -9999 -9999 -9999 -9999 -9999 -9999 -9999 -9999 -9999 -9999 -9999 -9999 -9999 -9999 0.1417999 0.1942133 0.01087143 0.1238964 0.1713692 0.1644861 0.288121 0.27696 0.1875902 0.2066199 0.242194 0.245836 0.1671715 0.1292118 0.3288473 0.3230178 0.2974198 0.2527691 0.2443666 0.523149 0.5601248 0.4421349 -9999 0.7285421 0.5407659 0.6436277 0.5461209
-9999 -9999 -9999 -9999 -9999 -9999 -9999 -9999 -9999 -9999 -9999 -9999 -9999 -9999 -9999 -9999 -9999 -9999 -9999 -9999 -9999 -9999 -9999 -9999 -9999 -9999 -9999 -9999 -9999 -9999 -9999 -9999 -9999 -9999 -9999 -9999 -9999 -9999 0.03326014 0.1101608 0.1209514 0.3183855 0.3274346 0.2129281 0.1305282 0.180419 0.2761749 0.2552048 0.1615578 0.2306213 0.1955488 0.2293828 0.1880329 0.2256307 0.2322097 0.4242849 0.4508745 0.3872634 0.589458 -9999 -9999 0.5297562 0.7835804 0.2529436 0.3864003 0.7128509
-9999 -9999 -9999 -9999 -9999 -9999 -9999 -9999 -9999 -9999 -9999 -9999 -9999 -9999 -9999 -9999 -9999 -9999 -9999 -9999 -9999 -9999 -9999 -9999 -9999 -9999 -9999 -9999 -9999 -9999 -9999 -9999 -9999 -9999 -9999 -9999 -9999 -9999 0.0395857 0.1200267 0.1815715 0.1885743 0.2539763 0.2954001 0.1174682 0.1845623 0.2574987 0.2077278 0.213245 0.2395479 0.1655589 0.1944135 0.1957403 0.2230811 0.2962082 0.5332541 0.4496537 0.4628785 0.5839839 -9999 0.442529 0.701138 0.5454347 0.1093184 0.2754667 0.6206709
-9999 -9999 -9999 -9999 -9999 -9999 -9999 -9999 -9999 -9999 -9999 -9999 -9999 -9999 -9999 -9999 -9999 -9999 -9999 -9999 -9999 -9999 -9999 -9999 -9999 -9999 -9999 -9999 -9999 -9999 -9999 -9999 -9999 -9999 -9999 -9999 -9999 -9999 -9999 -9999 -9999 -9999 0.3266556 0.204927 0.04118457 0.1561321 0.2257003 0.09363745 0.2743506 0.1865024 0.1669091 0.1886109 0.2176964 0.1700022 0.276452 0.5060067 0.496132 0.3888159 -9999 -9999 0.5172613 0.5974142 0.2816658 0.1617087 0.186195 0.4523841
