projects/spp-inf/Species/species5.asc
ncols         649
nrows         555
xllcorner     294205
yllcorner     6283604.6
cellsize      0.200
NODATA_value  -9999
[rows 210 to 239 of 555, columns 264 to 329 of 649]
-9999 0.05369501 0.04764454 0.04372369 0.04717557 -9999 -9999 0.04750466 0.05047016 0.04632277 0.0425547 0.03328595 0.04155469 -9999 -9999 -9999 -9999 -9999 -9999 -9999 -9999 0.08323577 0.1480886 0.3015625 0.2180392 0.2650204 0.1827564 0.1727234 0.1155997 0.1187031 0.154434 0.1709249 0.1740738 0.2136542 0.195549 0.2561664 0.1526883 0.1882291 0.183404 0.1697878 0.3013566 0.7105856 0.8332461 0.2326849 0.1379618 0.5831212 0.8480716 0.5904011 0.3143785 0.2102386 0.1677103 0.1208189 0.09401476 0.08872553 -9999 0.1050552 0.1346329 0.3366435 0.3206764 0.2234636 0.4171914 0.5635878 0.4422165 0.3954023 0.4807951 0.4709896
0.04279274 0.05463834 -9999 -9999 0.05131794 0.0537573 0.05888611 0.09121393 0.09982159 0.08711834 0.1008385 0.08782765 0.09462993 0.10466 0.07408606 0.0616205 0.05383994 -9999 -9999 -9999 0.07776974 0.1270359 0.3363335 0.6592762 0.3688884 0.496038 0.2593852 0.1870022 0.1709792 0.1601773 0.1555834 -9999 0.1696659 0.2402885 0.258835 0.3921072 0.3756662 0.4201295 0.3479376 0.2597244 0.3428274 0.7236738 0.9102596 0.7416556 0.1908785 0.7054091 0.8906274 0.7614038 0.5494901 0.3000599 0.1926288 0.1578929 0.1270182 0.1112541 0.1048765 0.127189 0.1333927 -9999 0.3925267 0.4549482 0.2181332 0.6954764 0.7855164 0.7534033 0.7163178 0.6136813
0.05278458 -9999 -9999 0.05739526 0.05721207 0.07339615 -9999 -9999 0.1749381 0.1930651 0.1813784 0.2461748 0.2474487 0.2354473 0.2495361 0.1098033 0.08732367 0.06421869 -9999 0.08032414 0.09692171 0.2068171 0.5616679 0.7924036 0.1155369 0.5961593 0.634052 0.3299533 0.2346113 0.21939 0.2093829 0.2117597 0.2016599 0.255852 0.2810213 0.4381141 0.5345452 0.6675991 0.7688662 0.6490082 0.4402224 0.6439112 0.9267383 0.7391472 0.34273 0.7018977 0.9339839 0.9071333 0.7638201 0.4638979 0.281282 0.2070552 0.1672152 0.1672442 0.1288767 0.1615286 0.1478795 0.1769073 0.2991001 0.6474839 0.4913349 0.4191983 0.8734071 0.9111377 0.8946408 0.7937891
0.05983766 0.07002843 -9999 -9999 0.07437799 -9999 0.1038648 0.1363498 0.2681235 0.4404918 0.3019287 0.589547 0.5341238 0.3653159 0.4136313 0.1652822 0.106537 0.1045826 0.08700329 0.1121621 0.1927721 0.3793061 0.772487 0.8271111 0.1643923 0.4224524 0.8445847 0.6770052 0.4662712 0.4195712 0.293955 0.2379216 0.2451265 -9999 0.2644401 0.4722845 0.7585598 0.7516987 0.8981524 0.9343999 0.8806048 0.6950995 0.929669 0.7986119 0.4842609 0.4184787 0.6171561 0.9200411 0.8518093 0.6617567 0.507703 0.3445292 0.2324135 0.2174965 0.1841253 0.2049333 0.1682331 0.1912346 0.2500639 0.5399792 0.8177323 0.6547543 0.3761643 0.4076438 0.548998 0.7494466
0.08032534 0.07653978 -9999 -9999 0.09191634 0.1061718 0.1337372 0.1887055 0.4100128 0.5804611 0.1297203 0.6004028 0.4476784 0.4118159 0.6318621 0.369902 0.2106352 0.1556427 0.1400606 0.1511661 0.2812285 0.6594489 0.9151782 0.6414755 0.3222418 0.5464011 0.8228105 0.9239438 0.9069624 0.8627142 0.6162205 0.4106416 0.3139076 0.2723984 0.3394265 0.5343249 0.9048852 0.7896147 0.6719065 0.7888306 0.9531598 0.9166892 0.8789824 0.8516866 0.7738689 0.6461231 0.6401383 0.9692446 0.9352732 0.9075713 0.7917544 0.5639699 0.3944316 0.2995045 0.2475642 0.2551253 0.2091642 0.2619408 0.3827625 0.5143877 0.6806377 0.8856902 0.6720689 0.2918729 0.1418965 0.4782184
0.1137731 0.1122022 0.1038299 0.1214265 0.1079059 0.1173999 0.1692731 0.264258 0.5842341 0.7374519 0.1304006 0.1084708 0.1458987 0.5343236 0.8170778 0.7448788 0.5350272 0.3835272 0.3786564 0.3069788 0.4077528 0.8483608 0.8928857 0.392679 0.2974494 0.3500985 0.5756533 0.784596 0.7431673 0.9616929 0.9515028 0.8264874 0.6211834 0.3717073 0.4059366 0.6712899 0.9588081 0.5520831 0.2365165 0.4209416 0.7449487 0.8958034 0.8998117 0.8100135 0.802933 0.8207461 0.7075095 0.9136198 0.9202937 0.9487448 0.8947212 0.7039954 0.5336492 0.4511737 0.3077686 0.2802728 0.2366388 0.4143914 0.7077314 0.8473893 0.8621605 0.8552052 0.7460197 0.4717545 0.305512 0.3142791
0.1355167 0.1605914 0.1671137 0.167954 0.1480755 0.1457767 0.2112951 0.3194251 0.6570167 0.5929865 0.3674368 0.2848212 0.2352797 0.3087907 0.5893624 0.8611507 0.8497912 0.7593491 0.7255086 0.6220211 0.5754689 0.9269667 0.8351462 0.2990056 0.290352 0.4482217 0.5843274 0.5871224 0.6586201 0.5955328 0.8855495 0.9484828 0.7878675 0.5455911 0.4480911 0.7778758 0.9177283 0.549964 0.2255729 0.3358792 0.4325872 0.5574411 0.7886487 0.8649186 0.8638114 0.8757096 0.6004555 0.5313218 0.4182179 0.76474 0.9182967 0.8029351 0.6196053 0.3505096 0.4034494 0.3189704 0.2783275 0.4645031 0.7468065 0.5730512 0.4061633 0.6107737 0.712245 0.8430461 0.8987284 0.7120494
0.2020112 0.194511 0.1805294 0.2362557 0.2336588 0.2602446 0.3066225 0.354219 0.6543546 0.7967181 0.6849731 0.3942927 0.3276286 0.2977243 0.3185502 0.5392363 0.8507624 0.8132327 0.7178755 0.8245729 0.7426224 0.9129953 0.7081902 0.3372213 0.388491 0.5163631 0.5572234 0.5492588 0.4578974 0.3695033 0.7466906 0.905441 0.9512823 0.8296661 0.5307708 0.7781098 0.9284344 0.8663088 0.7202964 0.7226028 0.7028621 0.5996654 0.588787 0.7183452 0.8053071 0.7852461 0.5225872 0.6658076 0.5416443 0.6375167 0.7717446 0.466843 0.2860348 0.2932425 0.44735 0.4696967 0.4873441 0.4843336 0.8006948 0.7007747 0.04842727 0.5745128 0.9097844 0.8900098 0.9093837 0.9205115
0.3352744 0.3354083 0.3644373 0.4080849 0.4644208 0.5668033 0.697349 0.6820242 0.6672899 0.8126065 0.6793355 0.3001342 0.279056 0.2526866 0.2913277 0.3204016 0.5898668 0.4599385 0.4625528 0.8146408 0.7199941 0.8080153 0.7369999 0.4853377 0.4351024 0.4934174 0.5138271 0.4760942 0.4483008 0.4160571 0.4945425 0.4792966 0.8439211 0.8841114 0.5726777 0.6367064 0.7709668 0.9451942 0.8034108 0.6883612 0.7021393 0.7588564 0.7581554 0.7610874 0.7184573 0.7244825 0.731313 0.8941196 0.9753258 0.953732 0.9027038 0.8661987 0.7776363 0.5945114 0.3704445 0.3154878 0.4595855 0.6547606 0.8146271 0.6782714 0.3531163 0.7934488 0.8263066 0.5524576 0.5987108 0.7788413
0.6980016 0.7408179 0.7636935 0.7687522 0.8093927 0.8886265 0.9343723 0.909292 0.9165985 0.8487161 0.6338525 0.4168755 0.5198548 0.7038837 0.7633018 0.6723428 0.561763 0.4364171 0.4372231 0.7468503 0.7311546 0.6927614 0.7701046 0.6667845 0.4762369 0.4885921 0.4970691 0.5177737 0.6367242 0.6973156 0.712818 0.7385545 0.9409915 0.8809035 0.8077715 0.9283711 0.8908281 0.9355489 0.7434429 0.7016151 0.7718944 0.7765134 0.7637072 0.7957398 0.7840604 0.6998404 0.7445518 0.9747583 0.9716634 0.9238506 0.8358982 0.6894636 0.4794791 0.3798648 0.4204966 0.4372882 0.2825587 0.4334819 0.5730577 0.2155842 0.7806488 0.7921299 0.6213983 0.4081162 0.2927493 0.4450226
0.8900923 0.8737949 0.8806503 0.920189 0.9263341 0.7681047 0.5605927 0.3598998 0.6779655 0.4276882 0.4561089 0.7255566 0.8223255 0.8221707 0.7375181 0.6926779 0.6295633 0.6293273 0.5459557 0.5967369 0.7361647 0.7572668 0.8027617 0.7158627 0.5088145 0.5001531 0.5055939 0.5775632 0.6936177 0.7138612 0.7275382 0.8161227 0.9252095 -9999 0.9152322 0.8498739 0.8988034 0.92901 0.7791765 0.6512383 0.5862796 0.7352678 0.8262199 0.8218948 0.7070674 0.7701858 0.9077464 0.9811211 0.9259703 0.7436103 0.5367879 0.3952549 0.2809509 0.2560951 0.2761541 0.4749773 0.6721412 0.5535562 0.2862161 0.147159 0.8015359 0.6153041 0.3861037 0.2992415 0.191468 0.2118898
0.520007 0.4253871 0.5505649 0.4996349 0.6446348 0.4725395 0.4501141 0.4244822 0.3431123 0.4722439 0.8445603 0.8175542 0.778398 0.7490096 0.7420111 0.681208 0.5889727 0.6743534 0.6766688 0.6252512 0.6362718 0.7377646 0.743522 0.632813 0.5276619 0.5248305 0.5798609 0.6849657 0.6935417 0.7139208 0.7147031 0.5210664 0.8014084 0.933555 0.970353 0.710622 0.5517495 0.8118848 0.7680023 0.7799731 0.7294087 0.6898071 0.5668788 0.585483 0.6706535 0.918291 0.9823922 0.9229248 0.7346283 0.4821668 0.3748609 0.312968 0.2435537 0.2090664 0.1914321 0.2926502 0.4970546 0.728287 0.6095127 0.2650636 0.6702229 0.4775178 0.2328876 0.1885005 0.1383968 0.1391958
0.4587271 0.4731173 0.3663592 0.1837538 0.3278468 0.3307743 0.6545859 0.6960726 0.5409092 0.82304 -9999 0.8526201 0.847395 0.7300664 0.7559776 0.6826595 0.6013499 0.6250363 0.72327 0.7387527 0.7195036 0.6990373 0.5825648 0.5365152 0.5459772 0.5729447 0.6463792 0.6919675 0.6972312 0.7081479 0.6074173 0.5323694 0.6844867 0.8903183 0.9061928 0.65161 0.5050259 0.7759237 0.8081642 0.7488787 0.7684076 0.7124812 0.6579183 0.6813842 0.8425528 0.9646448 0.9499588 0.6574392 0.4260552 0.3009222 0.2655412 0.2804565 0.2349187 0.1769964 0.1615925 0.172124 0.2475791 0.4232868 0.5671347 0.3087333 0.3503127 0.3374428 0.182601 0.1303757 0.1042799 0.1082588
0.7891657 0.8069641 0.683861 0.5661927 0.8083873 0.7789599 0.7513425 0.8827903 0.8516461 0.8826973 0.7924701 0.8673123 0.6759996 0.3530835 0.5833062 0.7065626 0.7325475 0.7288871 0.7011471 0.7413568 0.7797932 0.7581027 0.6100222 0.5248309 0.52368 0.5539374 0.6542996 0.6886535 0.6965841 0.611141 0.6129357 0.8189425 0.8344845 0.7758766 0.8849911 0.7115122 0.5720765 0.6444944 0.7728767 0.7705138 0.7249669 0.7221946 0.6371937 0.7854713 0.9605791 0.9451457 0.7755631 0.3918516 0.3167192 0.274277 0.2415871 0.2485605 0.2168535 0.1597738 0.1348046 0.1338591 -9999 0.2354554 0.3143477 0.2761992 0.1708335 0.1974368 0.1722288 0.1270434 0.09623935 0.08867544
0.8213744 0.8421788 0.7156435 0.8670336 0.9495268 0.9209176 0.8985212 0.8480896 0.7970603 0.7866205 -9999 0.623733 0.4722421 0.5888686 0.5842929 0.5945971 0.7055942 0.7512214 0.7464636 0.623807 0.5820314 0.6508756 0.6152454 0.5991954 0.5967099 0.6078664 0.6206586 0.609629 0.582931 0.5535235 0.7187495 0.8192102 0.7532321 0.7559226 0.8375026 0.8022958 0.688879 0.614408 0.7738675 0.7860413 0.7367635 0.698143 0.7029122 0.8730924 0.9762762 0.9156867 0.7220694 0.3950137 0.3805148 0.3384255 0.2763072 0.2481865 0.1998119 0.1451227 0.1233244 0.1070786 0.1112667 0.1292175 0.1697014 0.1830641 0.1460828 0.1090765 0.1281855 0.1321274 0.1099072 0.09282382
0.9043729 0.8778807 0.8127037 0.8754851 0.6937875 0.5617893 0.6152369 0.7126662 -9999 -9999 0.3986145 0.5656744 0.7347711 0.7080776 0.6657339 0.6527196 0.6641247 0.6224214 0.6574793 0.5927572 0.6264229 0.7028008 0.7029402 0.6895009 0.6885207 0.6743945 0.7515917 0.7579297 0.7151945 0.7085745 0.7807102 0.7465056 0.785827 0.7604117 0.7890337 0.7916788 0.803417 0.6775057 0.7135909 0.75866 0.7118257 0.6310112 0.525196 0.9098252 0.9657862 0.7832615 0.5463488 0.3277123 0.3328396 0.2772631 0.245459 0.2152018 0.1694753 0.1215625 0.113849 0.0975028 0.09660325 0.09647584 0.1069538 0.1164525 0.1376375 0.0822612 0.06552227 0.06461813 0.04904215 0.06965961
0.7850128 0.7652777 0.7134498 0.6570396 0.3922919 0.329991 0.3812417 0.664067 0.4621964 0.40533 0.7699545 0.8571149 0.8081954 0.6809835 0.6146994 0.6276174 0.673506 0.7891927 0.7667879 0.6694421 0.6723323 0.7116956 0.7129738 0.7074091 0.7201407 0.6738041 0.757728 0.7866883 0.8469542 0.8189428 0.7889194 0.7233654 0.7626076 0.7126866 0.7321526 0.8310941 0.8255013 0.7142498 0.7629491 0.7558065 0.7383513 0.6950658 0.772029 0.9791226 0.9358873 0.6680372 0.4341211 0.3079739 0.2815435 0.2474138 0.1949494 0.173209 0.1467478 0.1188511 0.09888469 0.08764757 0.08393911 0.08296674 0.08374129 0.08484321 0.09129354 0.08391587 0.08582964 0.07778815 0.05194707 0.04170333
0.3868834 0.4740678 0.4774088 0.411949 0.3502355 0.3422326 0.3841739 0.7254719 0.7776227 0.8100846 0.7663454 0.6692657 0.7471264 0.758006 0.7440741 0.7263719 0.6877628 0.6833565 0.7787668 0.7006602 0.6409955 0.730593 0.6788702 0.7298105 0.7139925 0.6624502 0.7779627 0.7753533 0.7765317 0.8061776 0.7860396 0.7912421 0.7833077 0.7676392 0.6955462 0.7463015 0.6943986 0.7614916 0.813953 0.7754375 0.7569499 0.6988282 0.9351645 0.9684278 0.8657014 0.4754607 0.3468952 0.2713663 0.2526228 0.2253065 0.1733778 0.1691345 0.1292511 0.1150111 0.09687062 0.08628994 0.07101189 0.06248752 0.06072152 0.07886971 0.06675218 0.06603885 0.06037235 0.05481458 0.04961404 0.03586151
0.3665975 0.366112 0.3472251 0.3548322 0.370427 0.3867939 0.4562785 0.5892586 0.5991216 0.5334522 0.5579096 -9999 0.746682 0.7661782 0.701326 0.6724176 0.6870049 0.7050011 0.781177 0.706123 0.6790913 0.7550882 0.7116864 0.717334 0.6810598 0.6105002 0.6618918 0.7244319 0.7539008 0.7839408 0.719613 0.8016341 0.8102167 0.7616174 0.784018 0.7825448 0.7036207 0.7808638 0.8035243 0.7996331 0.7257954 0.8102701 0.9893675 0.9088561 0.486676 0.3939679 0.3680084 0.3024566 0.2646418 0.2356402 0.1737572 0.1292481 0.1387751 0.1326091 0.1006411 0.07711162 0.0687068 0.05346818 0.05426795 0.07730874 0.04531841 0.05337628 0.04452994 0.03328534 0.03018008 0.02596227
0.6108571 0.700042 0.674057 0.6892142 0.7615873 0.7939863 0.8172524 0.8534062 0.8185025 0.760357 0.6389273 -9999 0.4439946 0.4268739 0.5609251 0.675189 0.6875198 0.7321105 0.7541077 0.6570071 0.7704742 0.7327344 0.7307556 0.670216 0.6767716 0.6179768 0.6112352 0.7204711 0.7359893 0.7726425 0.6901307 0.7967882 0.8086535 0.7566533 0.7312591 0.8006243 0.7319248 0.7618012 0.7645704 0.7236246 0.5706391 0.9054391 0.9835533 0.8512521 0.352132 0.3333488 0.34625 0.286375 0.2359737 0.2053276 0.1966629 0.1347213 0.1041896 0.08723646 0.08577274 0.08344995 0.06681636 0.04596798 0.05278634 0.07017256 0.04367848 0.03669532 0.03256953 0.03162468 0.02749387 0.0229905
0.9147999 0.9128046 0.914791 0.8936733 0.8594281 0.8945825 0.888651 0.8297586 0.6777288 0.8636416 0.7616563 -9999 -9999 0.6241008 0.552091 0.5748866 0.7363616 0.8076383 0.6654864 0.6025054 0.8024127 0.7243106 0.7111604 0.6351171 0.6924062 0.6621099 0.6569235 0.7336816 0.7167294 0.723104 0.7186592 0.7883983 0.8225582 -9999 0.7361445 0.7248097 0.7354419 0.7288459 0.7291193 0.7844205 0.7372046 0.9680888 0.9732518 0.8249597 0.4376782 0.3109357 0.3103251 0.2591386 0.1779887 0.1526794 0.1575218 0.1262045 0.1229042 0.1020899 0.07478135 0.06676701 0.06726251 0.05078784 0.04648093 0.04860552 0.0438081 0.03829818 0.02566105 0.01784712 0.02016361 0.02365572
0.8374086 0.6836918 0.8251548 0.8913647 0.7321206 0.5392926 0.5805508 0.6005965 0.5107828 0.7525156 0.8555729 0.7782527 -9999 -9999 0.6507536 0.6540344 0.7119659 0.6320599 0.5955324 0.5960026 0.8358784 0.7223567 0.6948898 0.6235614 0.741122 0.7695299 0.6252528 0.7083253 0.7621564 0.7660823 0.7779738 0.6848147 0.7201657 0.729242 0.7408139 0.7042572 0.7378207 0.6917721 0.7514018 0.8514292 0.9278382 0.9138342 0.961262 0.8559677 0.5096567 0.3166305 0.2571534 0.2127293 0.1637142 0.1285082 0.1295189 0.09660681 0.0902534 0.08976054 0.08358226 0.04781668 0.04948165 0.03831346 0.03700766 0.028544 0.02751266 0.02553613 0.02141597 0.01893594 0.01538017 0.01667387
0.3439124 0.223117 0.4265961 0.6495878 0.6891741 0.5917916 0.5993741 0.4769302 0.5666476 0.7111778 0.7412201 0.8567855 0.683678 0.836583 0.7418874 0.6979088 0.751287 0.6563898 0.7194288 0.7200875 0.8263003 0.747627 0.7599093 0.7437034 0.8062139 0.8323615 0.777714 0.7007617 0.7060192 0.6824831 0.7338678 0.7679641 0.7949101 0.754687 0.8105463 0.8238558 0.8102471 0.6593668 0.7994959 0.8498583 0.9234478 0.8450021 0.8002943 0.8691342 0.6108204 0.3453269 0.2517223 0.2107479 0.1553044 0.1195769 0.115709 0.097443 0.07079427 0.0696386 0.0736637 0.05172649 0.04108917 0.03781604 0.03396364 0.02810868 -9999 0.02005992 0.01878845 0.01883803 0.01501385 0.01002237
0.6141882 0.6307178 0.5258269 0.5029777 0.5664203 0.6467741 0.6908297 0.6636639 0.692234 0.6965985 0.5978639 0.7992997 0.771853 0.8032009 0.6993974 0.6363149 0.6170417 0.6186844 0.7361469 0.7401393 0.7714105 0.7208295 0.7621903 0.800269 0.7578349 0.7561328 0.7945125 0.7648148 0.7255125 0.6854926 0.7687162 0.8887036 0.8724415 0.8984843 0.8929707 0.8833942 0.771297 0.6822565 0.7997353 0.9243239 0.9016099 0.9438895 0.7846983 0.6823078 0.6125158 0.3955221 0.2520334 0.1985797 0.1479244 0.1179315 0.0957844 0.09460608 0.06460349 0.05854844 0.05425806 0.05098781 0.02929237 0.02553283 0.02193196 0.02016347 0.01763164 0.01421102 0.01748497 0.01347441 0.01230943 0.01258531
0.7382154 0.6410657 0.6368554 0.6743314 0.6513475 0.6927941 0.7833797 0.7923856 0.6420934 0.6809218 0.5362052 0.6535997 0.7595032 0.6587871 0.7401667 0.6216463 0.5810783 0.6507187 0.7041169 0.6808335 0.676578 0.7822841 0.8470673 0.8388882 0.8373264 0.8062705 0.7758625 0.7957985 0.8484595 0.7735626 0.7121308 0.8828567 0.8475066 0.8214753 0.8974629 0.9108617 0.8899398 0.8403712 0.8058885 0.9441603 0.9461877 0.9528011 0.8770149 0.6956781 0.4842228 0.3691277 0.2300265 0.1954089 0.1459889 0.1081928 0.08464683 0.07905008 0.06322432 0.04924076 0.04261191 0.0432772 0.02617562 0.02197981 0.02068323 0.01735628 0.01444012 0.01233984 0.01543963 0.01141926 0.009401053 0.009935461
0.7644203 0.5226273 0.6052694 0.6414121 0.5610466 0.6069723 0.6268413 0.6069687 0.5696254 0.7809603 0.7064646 0.7361938 0.7217359 0.6161352 0.7162219 0.6183054 0.6510388 0.7070941 0.6433201 0.6219098 0.6723513 0.7956634 0.7568718 0.5478258 0.6075891 0.6664172 0.7044362 0.8792663 -9999 0.852653 0.6446397 0.8348332 0.8635848 -9999 0.8231962 0.8915652 0.907204 0.8635228 0.8148139 0.9690318 0.9567406 0.9115894 0.7662649 0.5449498 0.3957255 0.3208061 0.2488161 0.1889283 0.1481158 0.1068229 0.08130306 0.06769155 0.05929419 0.04640768 0.03826785 0.03752756 0.02620436 0.01795947 0.01688122 0.01563282 0.01386757 0.01167983 0.01353087 0.01251249 0.007514543 0.008416133
0.9010196 0.755679 0.6294159 0.541612 0.6427096 0.6548622 0.6242055 0.6683637 0.6991251 0.7852776 0.7460899 0.6839266 0.7074755 0.7197509 0.6989621 0.66695 0.68304 0.5977511 0.5488113 0.6443694 0.5566841 0.6813443 0.7499248 0.6528248 0.6330632 0.6529579 0.7943989 0.8747587 -9999 0.8796055 0.7963296 0.8211912 0.8403556 0.7628434 0.8568836 0.8911611 0.9011152 0.8098264 0.7747825 0.9770203 0.9532877 0.8498796 0.6221865 0.4041871 0.3262157 0.2109954 0.1951972 0.1718992 0.152835 0.1137494 0.09243777 0.06948475 0.05241735 0.04108074 0.03218358 0.03256336 0.02712317 0.01566489 0.01412769 0.01223896 0.01193231 0.01117539 0.009893859 0.009124553 0.008209861 0.00608295
0.8388413 0.8549023 0.8622368 0.6110519 0.6912028 0.7260959 0.7697332 0.7681782 0.7413083 0.681263 0.7746214 0.6440539 0.6468661 0.7198813 0.7223682 0.7233788 0.621993 0.5918158 0.6494128 0.7199899 0.6092719 0.5805691 0.7386253 0.7494489 0.6782668 0.6908112 0.7821912 0.8230655 0.7067193 0.7268426 0.8066308 0.7664533 0.7651462 0.7477534 0.8526239 0.7662059 0.7014346 0.6166021 0.7671821 0.979858 0.9491554 0.830827 0.4804952 0.3020423 0.2585464 0.2330573 0.1646551 0.1435601 0.1286201 0.111984 0.08965 0.0690131 0.04765031 0.03642326 0.02889374 0.0268754 0.02701305 0.01935743 0.01136113 0.01080493 0.009817549 0.008795127 0.008357404 -9999 0.008137591 0.005764975
0.8327509 0.7760756 0.8063126 0.7035457 0.7253036 0.7079975 0.7348114 0.7607131 0.7764318 0.6762447 0.7859086 0.6554556 0.6620653 0.6397486 0.5735746 0.6658859 0.5793994 0.6660903 0.8391039 0.8410983 0.7561652 0.6587074 0.7444988 0.792616 0.689971 0.6779056 0.7035833 0.7663434 0.7312275 0.5574118 0.8098733 0.7983072 0.7914112 0.8667364 0.8764192 0.8055634 0.8831006 0.8617249 0.7574313 0.9695563 0.9397753 0.8516465 0.4891687 0.2589419 0.1962062 0.1862504 0.1753735 0.1413532 0.1058309 0.08537748 0.07037272 0.05437834 0.04007846 0.03077377 0.02486457 0.02217761 0.02290087 0.02156129 0.0134873 0.01110625 0.009822074 0.008751619 0.007616632 0.006995959 -9999 0.005663262
0.8361255 0.6782848 0.7217878 0.6246299 0.6115763 0.6205622 0.7124336 0.7653208 0.6926517 0.5941422 0.7522107 0.6366477 0.7218939 0.684621 0.6607111 0.6791711 0.5068747 0.7799177 0.8650626 0.8743315 0.8954184 0.6298468 0.6976075 0.8888038 0.8172858 0.8309401 0.8576663 0.8456573 0.8329285 0.6311366 0.8548028 0.8599457 0.8466039 0.8512683 0.7599199 0.6933646 0.9073572 0.8597693 0.5840137 0.8981307 0.8790181 0.8725492 0.6116708 0.3611414 0.2152608 0.1552131 0.1390551 0.1395017 0.1188306 0.06800217 0.06470744 0.04919823 0.0375024 0.02999426 0.02365889 0.01892305 0.01858111 0.01575939 0.01248431 0.009839877 0.009566137 0.008176187 0.006004636 0.006078059 0.005633601 0.00480768
