projects/spp-inf/Species/species5.asc
ncols         649
nrows         555
xllcorner     294205
yllcorner     6283604.6
cellsize      0.200
NODATA_value  -9999
[rows 390 to 419 of 555, columns 132 to 197 of 649]
-9999 -9999 -9999 -9999 -9999 -9999 -9999 0.02142326 0.01864184 0.01989692 0.02715949 0.03201931 0.01991697 0.04347612 0.1325022 0.2114428 0.2964464 0.3042621 0.2128545 0.2841629 0.07775418 0.2149329 0.1266023 0.1425149 0.2547025 0.2691673 0.2363671 0.2215399 0.4537707 0.5076417 0.4205343 0.3147441 0.2974187 0.203229 0.1108022 0.05604332 0.3598099 0.4539671 0.3302019 0.4673412 0.05907624 0.366439 0.3439903 0.213116 0.360914 0.3853652 0.2998519 0.3438109 0.4640265 0.6854846 0.2621312 0.1166753 0.3998966 0.3470006 0.2331643 0.1421926 0.06841383 0.07151242 0.06695508 0.05587597 0.0573775 0.04307437 -9999 -9999 0.02973776 0.02447129
-9999 -9999 -9999 -9999 -9999 -9999 -9999 0.01355617 0.01397513 0.01078541 0.02073429 0.02124857 0.02044931 0.05494925 0.0992078 0.1406293 0.0786531 0.1757433 0.2653121 0.3265742 0.1401087 0.2697911 0.2324106 0.1464917 0.360406 0.2185859 0.5167121 0.5115961 0.5015329 0.292727 0.4890686 0.3194025 0.2394046 0.2205706 0.1820856 0.1272339 0.0792492 0.3087099 0.5271069 0.5461069 0.1580836 0.4069259 0.3026325 0.3019597 0.1968592 0.4471737 0.3611003 0.3799461 0.4118257 0.624615 0.6121877 0.2272383 0.1518358 0.1970197 0.09911004 0.1570997 0.132918 0.1195505 0.09228782 0.06177413 0.04431833 0.03369236 0.02575833 -9999 -9999 -9999
-9999 -9999 -9999 -9999 -9999 -9999 -9999 -9999 0.01046891 0.02082545 0.0187195 0.01394027 0.02515572 0.04082006 0.04035952 0.03109473 0.05921313 0.1635758 0.2629474 0.4741841 0.1575395 0.1278385 0.3619209 0.1743079 0.4264135 0.2103881 0.3128804 0.5543069 0.4214442 0.1951546 0.3682454 0.4493088 0.3480371 0.2680604 0.137806 0.1067005 0.08206275 0.1053065 0.2387011 0.192039 0.06358241 0.3481968 0.2920792 0.262272 0.07235582 0.4721578 0.4159476 0.314985 0.5276597 0.4965487 0.616583 0.569122 0.5457275 0.5641998 0.3210987 0.325016 0.2035323 0.1512104 0.1274161 0.09985989 0.06018689 0.03363562 -9999 -9999 -9999 -9999
-9999 -9999 -9999 -9999 -9999 -9999 -9999 -9999 0.02337875 0.02393422 0.01388884 0.01575638 0.02701798 0.01761401 0.06612168 0.1783871 0.3133246 0.2042006 0.1843443 0.3418816 0.07781899 0.0854197 0.3069279 0.2019681 0.6192016 0.3578813 0.03113952 0.07814266 0.062745 0.03654863 0.1457742 0.2989942 0.3025147 0.2521854 0.1544828 0.1101845 0.09988168 0.08234831 0.06707844 0.05781006 0.05547249 0.2517453 0.2441968 0.2050638 0.09716721 0.4857463 0.5960919 0.2611594 0.2292865 0.5863236 0.381813 0.4007439 0.3770214 0.3598802 0.2989587 0.2227419 0.16548 0.1362198 0.1195538 0.1078162 0.07504068 0.04554629 -9999 0.02193637 -9999 0.02194178
-9999 -9999 -9999 -9999 -9999 -9999 -9999 0.002686999 0.01056568 0.01866054 0.01672294 0.01867149 0.01964153 0.0166056 0.1379119 0.2239551 0.1698582 0.1808677 0.1475797 0.2793186 0.1052219 0.3220592 0.2268381 0.3100713 0.5568811 0.09489562 0.1353143 0.1488204 0.08465572 0.1012923 0.0637473 0.07503679 0.06124573 0.09494145 0.102515 0.09308667 0.07293352 0.07531171 0.06904888 0.0576134 0.06556766 0.1672843 0.1657477 0.1172394 0.1104496 0.4409006 0.4652941 0.403322 0.04526646 0.4298025 0.4451948 0.3593584 0.3153365 0.3764479 0.3792804 0.2735104 0.2240202 0.1474851 0.1080232 0.08969074 0.07177579 -9999 0.0311574 0.02608958 0.02088295 0.02533146
-9999 -9999 -9999 -9999 -9999 -9999 -9999 -9999 0.002468146 0.01500591 0.0227356 0.01459664 0.02926954 0.04825005 0.1187472 0.2139701 0.284209 0.2907568 0.2543535 0.1741266 0.1369836 0.1497682 0.1250561 0.3258378 0.3069479 0.1383976 0.230168 0.1008289 0.1155713 0.216715 0.1800694 0.1540578 0.09081449 0.06902733 0.06730354 0.09597239 0.07222366 0.06441082 0.04691762 0.04437615 0.06413355 0.1165974 0.1104859 0.0798573 0.1125092 0.3314062 0.22796 0.4526194 0.08924089 0.2649465 0.3035367 0.391544 0.338434 0.3234843 0.1276958 0.1164246 0.1932055 0.1294465 0.06488056 0.06104518 0.06102978 0.04736403 -9999 0.02621214 -9999 -9999
-9999 -9999 -9999 -9999 -9999 -9999 -9999 -9999 -9999 0.00688256 0.02016895 0.02431781 0.02490786 0.02754252 0.059117 0.09224282 0.02999712 0.0558905 0.232354 0.1652952 0.1522083 0.06900381 0.1008007 0.2951011 0.2523815 0.2132298 0.1392347 0.2140066 0.2823921 0.1970619 0.1425485 0.1393352 0.113253 0.09180849 0.04406841 0.05931041 0.06593704 0.05483355 -9999 -9999 0.05217655 0.07222054 0.08843321 0.07342127 0.1091485 0.2465598 0.2064594 0.3217007 0.1309639 0.09858851 0.2430533 0.3177467 0.3695954 0.3148887 0.2743585 0.08093163 0.1279032 0.1239569 0.05617967 0.04117353 0.04689084 0.04543431 -9999 -9999 -9999 -9999
-9999 -9999 -9999 -9999 -9999 -9999 -9999 -9999 -9999 0.022184 0.02576368 0.01899575 0.02100823 0.02458631 0.03057251 0.04631699 0.07046255 0.1245791 0.1393986 0.1365587 0.1472614 0.07142179 0.1303137 0.2769575 0.2302608 0.1097695 0.07160903 0.2289774 0.152516 0.1264342 0.1477277 0.1132181 0.09351251 0.09213967 0.05676558 0.05499019 0.06259882 0.05125514 0.04721489 0.0459061 0.04621928 -9999 0.05085469 0.05449779 0.08306098 0.1514675 0.2187089 0.2387833 0.174144 0.0866548 0.0730319 0.06141284 0.1657176 0.2119685 0.2458894 0.1322207 0.07280526 0.0892919 0.0707283 0.04365529 0.03742832 0.04098897 0.03343003 -9999 -9999 -9999
-9999 -9999 -9999 -9999 -9999 -9999 -9999 -9999 -9999 0.01852823 0.01585518 0.0211672 0.02287346 0.03222948 0.05782237 0.100795 0.09895096 0.08802455 0.0567301 0.1014493 0.1844448 0.1052606 0.1403071 0.2695256 0.07205778 0.04760745 0.2087528 0.2558444 0.1276544 0.09503212 0.1076989 0.06741215 0.05896389 0.04944443 0.05963265 0.08034328 0.07406023 -9999 -9999 -9999 0.04584164 0.04480227 0.04002559 0.05650918 0.07348269 0.09655839 0.1389085 0.1347644 0.1075434 0.08432336 0.0675486 0.05405532 0.1482252 0.179604 0.1496354 0.1831301 0.08042122 0.06061511 0.05398423 0.04044626 0.03098056 0.03571976 0.03609935 0.0300712 -9999 -9999
-9999 -9999 -9999 -9999 -9999 -9999 -9999 -9999 -9999 0.01373607 0.0208906 0.0143628 0.02070588 0.05608433 0.07005321 0.06128299 0.05047484 0.08092185 0.0867303 0.1268073 0.1424537 0.1713684 0.1419881 0.3298585 0.1655206 0.2602624 0.291868 0.2035503 0.1824491 0.1464907 0.1520793 0.08359838 0.07421835 0.169424 0.2245887 0.164845 0.09364647 0.0551939 -9999 0.04207109 -9999 -9999 0.04223837 -9999 0.04861274 0.05655658 0.06542294 0.06104877 0.05484648 0.05378603 0.05147196 0.05149398 0.1293284 0.1524912 0.09664063 0.1176719 0.09632756 0.0667893 0.04111088 0.02797893 0.03136276 0.03545502 -9999 0.02656978 -9999 0.02926499
-9999 -9999 -9999 -9999 -9999 -9999 -9999 -9999 -9999 -9999 0.008508278 0.006414951 0.02177254 0.02753404 0.01283433 0.01783277 0.08392417 0.07917223 0.05290313 0.1378064 0.1202588 0.1677847 0.2423484 0.2322856 0.2071778 0.2449216 0.3014807 0.2109183 0.1822814 0.1390383 0.0947767 0.06066296 0.2080554 0.367822 0.3043733 0.1931417 0.09591985 0.0595549 0.06519857 0.07512118 0.08311912 0.07309555 0.05082165 0.04088978 0.03943894 0.0368093 0.04162904 -9999 0.04671475 0.04381408 0.0447348 0.04927487 0.1150432 0.1173316 0.09134159 0.08673148 0.07701803 0.07171616 0.04576503 0.03063219 0.03461661 0.03462774 0.03674567 0.03478913 -9999 0.02778187
-9999 -9999 -9999 -9999 -9999 -9999 -9999 -9999 -9999 0.011772 0.01667966 0.01343525 0.02318162 0.06471784 0.09262666 0.1105013 0.2400379 0.2115912 0.2298892 0.22254 0.14902 0.05235698 0.2134345 0.2306753 0.1268529 0.2398291 0.3706429 0.07175899 0.08503656 0.05774689 0.08008161 0.1916124 0.3479325 0.2928456 0.3655202 0.167063 0.05882817 0.06408256 0.1145037 0.1943188 0.1828016 0.0897459 0.06127165 0.04875941 0.03775867 0.03149606 0.03118853 0.03157134 -9999 -9999 0.04046006 0.03719192 0.07792108 0.08291861 0.07310524 0.07287635 0.05307041 0.0568167 0.03885007 0.03253374 0.03653764 0.03452853 0.03724428 -9999 -9999 0.02643127
-9999 -9999 -9999 -9999 -9999 -9999 -9999 -9999 -9999 0.01498259 0.0141207 0.01443135 0.02109018 0.04375542 0.07569118 0.09449273 0.1246027 0.1145656 0.1511528 0.1729017 0.1871243 0.1554674 0.02634353 0.1513849 0.1065022 0.3371572 0.4033065 0.03842119 0.1191288 0.3940797 0.474522 0.3886362 0.2500429 0.397796 0.3250801 0.04262611 0.1064231 0.2361513 0.1808002 0.1463563 0.143525 0.0822639 0.08673929 0.04815897 0.04081278 0.04451577 0.03907979 0.04294495 0.03746236 0.04103787 0.03688021 0.02995876 0.05605118 0.07274279 0.07742622 0.07631885 0.05593671 0.03643016 0.02605614 0.02739536 0.03674541 0.03697705 -9999 -9999 -9999 0.03224663
-9999 -9999 -9999 -9999 -9999 -9999 -9999 -9999 -9999 0.01860249 0.01761961 0.01786754 0.02363909 0.03190666 0.04332406 0.05140477 0.08785167 0.1366133 0.1446026 0.2322089 0.1917453 0.1819458 0.1246562 0.1942217 0.1024377 0.271191 0.08079366 0.198482 0.4326488 0.3333637 0.1981779 0.1560774 0.3113814 0.4863679 0.08645597 0.1719348 0.3404404 0.21856 0.1397564 0.1157319 0.1008773 -9999 -9999 0.04947878 0.0563583 0.05633854 0.04503991 0.04764963 0.04771268 0.0465197 0.04572004 -9999 0.05066535 0.05992326 0.05828014 0.04364581 0.03844197 -9999 -9999 0.03256558 0.04217065 0.03944254 -9999 0.04210148 0.03065356 0.03186304
-9999 -9999 -9999 -9999 -9999 -9999 -9999 -9999 -9999 0.01825432 0.01779923 0.01465275 0.02315748 0.04269083 0.05600732 0.06438404 0.09676898 0.05767194 0.05734842 0.2433998 0.2999665 0.179115 0.1330942 0.08771627 0.1032223 0.2644762 0.275567 0.35352 0.2501202 0.2771813 0.2959042 0.2918592 0.4194537 0.1466081 0.1253397 0.3018348 0.1775804 0.1463687 0.1404749 0.08561717 0.05651996 -9999 0.05211442 0.04199119 0.04726203 0.057643 0.05066723 0.04881607 0.04263421 0.04107197 0.04301926 0.03678502 -9999 0.03485972 0.04042494 0.03309279 0.02771214 0.03211484 0.03307277 0.03603202 0.03926066 0.03992519 0.04228498 0.04500156 0.03503339 0.03229988
-9999 -9999 -9999 -9999 -9999 -9999 -9999 -9999 -9999 0.01587541 0.02648477 0.02897809 0.03693114 0.02838717 0.0341363 0.063146 0.06353426 0.02421647 0.02904692 0.09095482 0.2068957 0.2582364 0.262673 0.140025 0.1119898 0.1264715 0.1160497 0.2229689 0.3804884 0.2362506 0.08790307 0.1156418 0.2473488 0.2038405 0.2769484 0.1543066 0.1399732 0.1067955 0.07216881 0.05358377 0.03962388 -9999 0.04491676 -9999 -9999 0.06500376 0.05702354 0.05442794 0.04220285 0.03414081 0.03275402 0.02987267 0.03017776 0.02989946 0.02416714 0.02165445 0.02356876 -9999 -9999 -9999 0.03960837 0.0420488 0.04111469 0.04374281 0.03455726 0.04029863
-9999 -9999 -9999 -9999 -9999 -9999 -9999 -9999 -9999 0.01273101 0.01519673 0.02008285 0.02531839 0.01865562 0.03794507 0.04354739 0.02774303 0.0621758 0.1430104 0.08026951 0.07292557 0.132715 0.2942359 0.3269631 0.1755857 0.1249733 0.1206089 0.2827914 0.1222418 0.08623635 0.212829 0.2539817 0.2493717 0.2126566 0.1598004 0.1412638 0.1219739 0.07560206 0.04687813 0.03730002 0.03283219 0.04933841 0.06278177 0.05821656 0.06592381 0.05421485 0.06003082 0.05882601 0.03735832 0.02766941 0.0287615 0.02617979 0.02417924 -9999 -9999 -9999 -9999 -9999 0.02237811 0.02577065 0.03447631 0.04312459 0.0466517 0.04285428 -9999 0.04971211
-9999 -9999 -9999 -9999 -9999 -9999 -9999 -9999 -9999 0.02002468 0.02322947 0.02241243 0.01039544 0.03560168 0.03797548 0.04184561 0.08528383 0.1485313 0.1566988 0.1670044 0.1072579 0.0586879 0.0772242 0.06056821 0.2121061 0.1490271 0.1565478 0.2237498 0.146062 0.274223 0.228929 0.4147332 0.3415727 0.3482247 0.3326054 0.3029097 0.200796 0.1124421 0.0673762 -9999 0.04781609 0.06757516 0.08197089 0.06283322 0.05692539 0.05477753 0.06020695 0.04253767 0.02881396 0.02274816 0.02626727 -9999 0.02317902 -9999 -9999 -9999 -9999 -9999 0.02303454 0.03247044 0.04118656 0.05804318 0.0638989 0.05488778 0.02903626 0.07039884
-9999 -9999 -9999 -9999 -9999 -9999 -9999 -9999 0.01748266 0.01999502 0.01667215 0.03375634 0.04549447 0.07350538 0.06505024 0.08830126 0.1212083 0.1130005 0.1127188 0.1366425 0.2209886 0.2663919 0.2140601 0.03668193 0.3726915 0.1158388 0.1314654 0.123978 0.2952687 0.4797948 0.4543831 0.4591485 0.06402694 0.06115828 0.111946 0.09547058 0.1310048 0.1581735 0.08418448 0.07753916 0.07224095 0.09486721 0.07103396 0.05962493 0.0555899 0.05093282 0.04429224 0.03275852 0.02533569 0.02159169 -9999 0.02079046 0.01939159 -9999 -9999 -9999 -9999 -9999 -9999 -9999 0.04718044 0.06883728 0.08299696 0.06724782 0.04390033 0.08294217
-9999 -9999 -9999 -9999 -9999 -9999 -9999 -9999 -9999 0.01671524 0.01360803 0.0169234 0.0349588 0.07414314 0.1088343 0.1251355 0.1160233 0.0800455 0.1098795 0.1936819 0.2763923 0.2180498 0.3190523 0.1234325 0.184289 0.1199885 0.1074075 0.20382 0.5073916 0.2500907 0.04427977 0.1126378 0.1341516 0.2364704 0.2195278 0.1713254 0.07868575 0.05220702 0.09583482 0.1368475 0.0829696 0.07938403 0.07122926 0.07967746 0.0513705 0.0324804 0.02734515 0.02783892 0.02017821 -9999 -9999 -9999 -9999 0.02290472 0.02394126 0.02657675 0.03433211 0.03580742 -9999 -9999 0.04094026 0.06333737 0.1032473 0.1071244 0.06543984 0.09079076
-9999 -9999 -9999 -9999 -9999 -9999 -9999 -9999 -9999 0.02326482 0.01830743 0.02475385 0.02931754 0.03215044 0.02485938 0.03320213 0.09435304 0.1131655 0.1766584 0.1771508 0.2848599 0.4361826 0.2013986 0.1961632 0.1490516 0.09846295 0.06156232 0.2942932 0.291754 0.06751753 0.05289995 0.3125485 0.3292594 0.2003933 0.168965 0.198364 0.1343322 0.0999524 0.2049438 0.1377005 0.086537 0.08927897 0.1095672 0.09872247 0.05303157 0.02571435 0.02486116 0.02722 -9999 -9999 -9999 0.01972334 0.01723346 -9999 0.02682319 0.0301265 0.03677278 0.0392676 0.03275112 -9999 0.04395696 0.04058418 0.1206864 0.1559925 0.0914494 0.0961655
-9999 -9999 -9999 -9999 -9999 -9999 -9999 -9999 0.01046964 0.01345118 0.01976964 0.01910312 0.02174927 0.05135931 0.07091719 0.02001591 0.04866323 0.1161388 0.1513553 0.05419061 0.08806613 0.4046415 0.369462 0.4266151 0.251605 0.1103429 0.0629344 0.258001 0.3659228 0.5014335 0.4545621 0.4037253 0.2050454 0.1865749 0.1906596 0.2062181 0.17695 0.1301348 0.1433497 0.1149426 0.1066276 0.1373344 0.114921 0.08817557 0.04875789 0.03249578 0.02880335 -9999 0.02176372 0.01977367 -9999 0.02083851 0.01799883 0.02148684 0.02897391 0.03308592 0.04269811 0.04796531 -9999 0.05800209 0.05770051 -9999 0.1053092 0.1758405 0.1223098 0.09132644
-9999 -9999 -9999 -9999 -9999 -9999 -9999 0.01366583 0.01380234 0.01313859 0.01299596 0.01635889 0.04364486 0.04082447 0.0740549 0.1145548 0.1032524 0.07749493 0.04853285 0.04165633 0.2374458 0.3640931 0.2901683 0.4028221 0.418476 0.2450305 0.1107699 0.1108739 0.2117454 0.2593311 0.2684369 0.4752622 0.3784963 0.342005 0.2237727 0.2111749 0.1400418 0.1095383 0.177303 0.1500171 0.2077788 0.1641684 0.08314412 0.05462843 0.03557751 0.0316864 0.02927924 0.02310472 -9999 -9999 -9999 0.02332295 0.02138098 0.02296871 0.03253445 0.03820768 0.04689248 0.05331298 -9999 -9999 0.06801952 -9999 -9999 0.1319386 0.1276837 0.1154321
-9999 -9999 -9999 -9999 -9999 -9999 -9999 0.007838486 0.01216534 0.01558036 0.02412725 0.0344203 0.03577798 0.03555736 0.0483201 0.06674445 0.1077555 0.1651185 0.1975427 0.126347 0.1251182 0.09328042 0.02518593 0.02718766 0.09744763 0.2120227 0.09454466 0.1920172 0.4486284 0.5718049 0.6820591 0.6498312 0.2318786 0.2951183 0.0854957 0.06463777 0.2121638 0.2760059 0.3028774 0.2313905 0.1763894 0.06417426 0.04346244 0.0331682 0.02760118 0.02622638 0.02554435 -9999 0.02411268 0.0221494 -9999 -9999 -9999 -9999 -9999 0.0385735 0.04617516 0.05847842 0.03397617 0.06332133 0.07375785 -9999 0.05438553 -9999 0.1342418 0.1382374
-9999 -9999 -9999 -9999 -9999 -9999 0.007779099 0.008546418 0.009212323 0.02632251 0.03675281 0.04802829 0.05511589 0.0539206 0.05726574 0.05350908 0.06453058 0.07867691 0.1125026 0.2180239 0.08308715 0.03996521 0.1901069 0.1818755 0.3878256 0.2648073 0.1635024 0.3240013 0.4351338 0.09222662 0.2047901 0.1054052 0.01924897 0.06996879 0.1066121 0.163117 0.315698 0.3261215 0.1866087 0.04938061 0.05141 0.04973957 0.02956468 0.02364665 0.0248562 0.02683915 0.02252508 0.02330269 -9999 -9999 0.02332368 0.02234459 -9999 -9999 0.03156094 0.04716678 0.05336018 0.0591918 0.03519123 0.05822918 0.08625951 -9999 -9999 0.07680482 0.1264935 0.1543749
-9999 -9999 -9999 -9999 -9999 0.007552357 0.008185035 0.008291452 0.00633037 0.008495255 0.01168765 0.01972956 0.01484849 0.03599158 0.07419837 0.09294632 0.07271562 0.09625555 0.08402118 0.170212 0.2448488 0.1692455 0.3353584 0.3297029 0.267201 0.1426222 0.2169172 0.1978621 0.1885201 0.1539172 0.1636391 0.1248699 0.1458064 0.3250871 0.2487693 0.1775892 0.2554303 0.3047358 0.09385598 0.1050276 0.05760809 0.03471749 0.03074265 0.02351288 0.02824003 0.02963272 0.0279931 -9999 -9999 -9999 0.02390005 0.02478095 0.02357984 -9999 0.03586688 0.05585068 0.06801488 0.07219703 0.05328405 0.07150154 0.1196787 0.1377623 0.1056804 0.06252785 0.1441224 0.1590069
-9999 -9999 -9999 -9999 -9999 -9999 0.01087941 0.0121003 0.01607139 0.0249001 0.0207534 0.05325752 0.05204995 0.04086558 0.03550069 0.03985406 0.02297035 0.0672024 0.1177225 0.1381792 0.145664 0.1297636 0.2589978 0.2937738 0.115845 0.1122644 0.177931 0.1991505 0.2806854 0.1636006 0.1022763 0.2417667 0.3797708 0.2760152 0.2467586 0.2226577 0.1982252 0.2391829 0.1683861 0.1217191 0.05183052 0.03080831 0.0297126 0.02382876 0.02436752 0.02601547 0.0220296 0.01891227 -9999 -9999 0.02585544 0.02718199 0.02945715 0.01927317 0.02838312 0.05700111 0.07343148 0.09167758 0.06841005 0.06967498 0.1715696 0.1620791 0.148336 0.05364568 0.1118982 0.1662129
-9999 -9999 -9999 -9999 -9999 -9999 -9999 0.01087287 0.01433954 0.02869426 0.01509444 0.03216764 0.05075252 0.08021703 0.09071313 0.1057977 0.1252678 0.05548806 0.06943984 0.2010975 0.1960664 0.08502125 0.09199545 0.3804437 0.1964634 0.08563489 0.1817841 0.46363 0.3135566 0.03146357 0.3071144 0.4799876 0.3107503 0.1998812 0.1657934 0.2614984 0.2914681 0.2444714 0.1829751 0.101156 0.04669758 0.02522415 0.02009396 0.01847098 0.02359997 0.02404653 0.01985048 0.02110285 -9999 0.03677825 -9999 0.02981934 0.03140256 0.02801572 0.03482334 0.04858157 0.06719369 0.1059864 0.1156244 0.06492579 0.1857006 0.2741234 0.2427477 0.1253202 0.1455448 0.1889652
-9999 -9999 -9999 -9999 -9999 -9999 -9999 0.009516876 0.01174171 0.02924725 0.03448414 0.03925566 0.03523608 0.04653686 0.06666836 0.06749798 0.1059897 0.2212971 0.2409635 0.2922666 0.287266 0.06882881 0.09276846 0.101845 0.2183322 0.11594 0.1534588 0.6393976 0.2687574 0.05247466 0.604049 0.2325337 0.2235695 0.2880107 0.277857 0.2285074 0.1020819 0.08038732 0.07858225 0.05099619 0.02683115 0.01887414 0.01835938 0.01845647 -9999 0.01920755 0.01835129 0.0213459 0.02735241 0.03807868 0.02701634 0.03091231 0.03522145 0.02744998 0.02995207 0.03497579 0.0652643 0.1254095 0.1563843 0.1592723 0.2514243 0.3294256 0.2948261 0.269622 0.2203567 0.1962305
-9999 -9999 -9999 -9999 -9999 -9999 -9999 0.007709141 0.008912561 0.01564668 0.02805542 0.04065453 0.0474178 0.06891133 0.1003672 0.1032003 0.1448446 0.1985042 0.1953489 0.200937 0.281098 0.07451455 0.3328486 0.1428074 0.1704073 0.1378849 0.3484439 0.7092722 0.1038453 0.2745844 0.541175 0.1996755 0.4671325 0.2879659 0.2164074 0.1865519 0.07488327 0.02553915 -9999 0.02362553 0.0196179 0.01921863 0.0185538 0.01819025 -9999 0.01764688 -9999 0.02237687 0.02311078 0.03750456 0.02529885 -9999 0.03756917 0.03112095 0.032816 0.03141357 0.05100903 0.1406752 0.1600752 0.2053925 0.3560045 0.2169485 0.1451309 0.1562766 0.1851796 0.2181667
