projects/guppy/input_data/MaxentEnvLayers3/H05_2.asc
ncols         16
nrows         16
xllcorner     1
yllcorner     1
cellsize      1
NODATA_value  -9999
0.490196078431373 0.466666666666667 0.509803921568627 0.545098039215686 0.466666666666667 0.549019607843137 0.431372549019608 0.470588235294118 0.427450980392157 0.466666666666667 0.466666666666667 0.52156862745098 0.509803921568627 0.474509803921569 0.517647058823529 0.517647058823529
0.47843137254902 0.450980392156863 0.435294117647059 0.619607843137255 0.647058823529412 0.498039215686275 0.454901960784314 0.407843137254902 0.466666666666667 0.36078431372549 0.576470588235294 0.580392156862745 0.466666666666667 0.513725490196078 0.568627450980392 0.611764705882353
0.498039215686275 0.533333333333333 0.529411764705882 0.564705882352941 0.498039215686275 0.556862745098039 0.450980392156863 0.447058823529412 0.403921568627451 0.494117647058824 0.525490196078431 0.611764705882353 0.603921568627451 0.615686274509804 0.588235294117647 0.549019607843137
0.525490196078431 0.490196078431373 0.556862745098039 0.494117647058824 0.474509803921569 0.466666666666667 0.396078431372549 0.501960784313725 0.52156862745098 0.549019607843137 0.568627450980392 0.666666666666667 0.662745098039216 0.603921568627451 0.564705882352941 0.556862745098039
0.541176470588235 0.47843137254902 0.533333333333333 0.490196078431373 0.47843137254902 0.431372549019608 0.43921568627451 0.470588235294118 0.52156862745098 0.513725490196078 0.498039215686275 0.458823529411765 0.505882352941176 0.580392156862745 0.419607843137255 0.47843137254902
0.537254901960784 0.43921568627451 0.403921568627451 0.423529411764706 0.52156862745098 0.396078431372549 0.427450980392157 0.447058823529412 0.435294117647059 0.509803921568627 0.462745098039216 0.462745098039216 0.549019607843137 0.501960784313725 0.407843137254902 0.552941176470588
0.596078431372549 0.517647058823529 0.435294117647059 0.317647058823529 0.352941176470588 0.392156862745098 0.388235294117647 0.537254901960784 0.454901960784314 0.384313725490196 0.431372549019608 0.356862745098039 0.474509803921569 0.458823529411765 0.423529411764706 0.568627450980392
0.541176470588235 0.498039215686275 0.513725490196078 0.501960784313725 0.470588235294118 0.47843137254902 0.454901960784314 0.486274509803922 0.533333333333333 0.411764705882353 0.392156862745098 0.411764705882353 0.509803921568627 0.423529411764706 0.388235294117647 0.525490196078431
0.556862745098039 0.486274509803922 0.525490196078431 0.470588235294118 0.486274509803922 0.486274509803922 0.474509803921569 0.513725490196078 0.498039215686275 0.482352941176471 0.529411764705882 0.509803921568627 0.474509803921569 0.4 0.423529411764706 0.47843137254902
0.525490196078431 0.545098039215686 0.474509803921569 0.454901960784314 0.643137254901961 0.529411764705882 0.556862745098039 0.568627450980392 0.533333333333333 0.603921568627451 0.647058823529412 0.462745098039216 0.450980392156863 0.525490196078431 0.474509803921569 0.494117647058824
0.517647058823529 0.52156862745098 0.447058823529412 0.458823529411765 0.505882352941176 0.505882352941176 0.576470588235294 0.584313725490196 0.509803921568627 0.498039215686275 0.525490196078431 0.533333333333333 0.498039215686275 0.486274509803922 0.474509803921569 0.541176470588235
0.552941176470588 0.490196078431373 0.47843137254902 0.470588235294118 0.411764705882353 0.517647058823529 0.576470588235294 0.592156862745098 0.47843137254902 0.513725490196078 0.56078431372549 0.482352941176471 0.529411764705882 0.529411764705882 0.443137254901961 0.509803921568627
0.509803921568627 0.435294117647059 0.372549019607843 0.486274509803922 0.517647058823529 0.635294117647059 0.607843137254902 0.533333333333333 0.545098039215686 0.431372549019608 0.549019607843137 0.607843137254902 0.592156862745098 0.584313725490196 0.498039215686275 0.517647058823529
0.43921568627451 0.482352941176471 0.407843137254902 0.509803921568627 0.517647058823529 0.513725490196078 0.52156862745098 0.513725490196078 0.513725490196078 0.494117647058824 0.552941176470588 0.596078431372549 0.537254901960784 0.490196078431373 0.443137254901961 0.482352941176471
0.450980392156863 0.52156862745098 0.501960784313725 0.494117647058824 0.47843137254902 0.329411764705882 0.443137254901961 0.501960784313725 0.501960784313725 0.564705882352941 0.580392156862745 0.545098039215686 0.482352941176471 0.443137254901961 0.435294117647059 0.462745098039216
0.411764705882353 0.392156862745098 0.392156862745098 0.549019607843137 0.482352941176471 0.490196078431373 0.501960784313725 0.474509803921569 0.411764705882353 0.47843137254902 0.533333333333333 0.549019607843137 0.498039215686275 0.52156862745098 0.454901960784314 0.388235294117647
