trunk/projects/spp-inf/Species/species2.asc
ncols         649
nrows         555
xllcorner     294205
yllcorner     6283604.6
cellsize      0.200
NODATA_value  -9999
[rows 150 to 179 of 555, columns 134 to 200 of 649]
-9999 0.01634338 0.0125281 0.0101344 0.0179742 0.0243163 0.02352982 0.03061679 0.04877558 0.08252635 0.134326 0.195592 0.2094619 0.2459365 0.3297867 0.4214265 0.5037568 0.5068594 0.4755994 0.5052989 0.5389977 0.5122539 0.4541976 0.4034017 0.3719838 0.3821196 0.3741753 0.3939115 0.415625 0.4852252 0.48652 0.4735817 0.4307494 0.3842128 0.3555976 0.4146383 0.3776606 0.3456239 0.3500615 0.3764058 0.4160152 0.4852301 0.4472442 0.3437268 0.3135252 0.3800891 0.4651596 0.5415453 0.5545582 0.4736207 0.4545703 0.5467038 0.5482454 0.4902596 0.4236543 0.3977888 0.3684465 0.4923254 0.635451 0.6582739 0.6163976 0.5465783 0.4748668 0.3954691 0.28983 0.2546314 0.2556826
-9999 0.01248832 0.0105274 0.01275627 0.02010078 0.03360221 0.03942107 0.05859744 0.08431576 0.1549888 0.2625057 0.3491951 0.3753481 0.3834192 0.3766958 0.4332849 0.5426314 0.5181864 0.5169829 0.5499673 0.4878834 0.4651719 0.4657336 0.4014976 0.3560219 0.4228436 0.4375421 0.3867065 0.4098338 0.4782033 0.4557073 0.398997 0.3894218 0.3557588 0.4059891 0.431031 0.3815936 0.3868882 0.3806798 0.3797084 0.3683454 0.4251459 0.4107457 0.3565387 0.2930425 0.2891346 0.320364 0.4242731 0.5260519 0.5589568 0.5622931 0.5253904 0.4330956 0.3964022 0.4060327 0.3987196 0.4268403 0.5446095 0.6451143 0.6064157 0.4971669 0.4175107 0.3778237 0.3461698 0.2606308 0.1927965 0.1612651
0.01532031 0.01318218 0.01192581 0.01371267 0.0193206 0.03926723 0.06063182 0.07376306 0.1230915 0.2537022 0.3677341 0.4377644 0.4967448 0.4356613 0.4215979 0.4882296 0.5333171 0.5509238 0.5161886 0.5053766 0.4716421 0.4326251 0.4186429 0.441179 0.3802493 0.4087161 0.4518174 0.4099442 0.4398008 0.4857432 0.4334466 0.3754611 0.3215817 0.3249285 0.4058795 0.4332466 0.4277949 0.3877274 0.3856801 0.44856 0.4011624 0.3250461 0.315546 0.3601761 0.286978 0.2703848 0.2874286 0.3070943 0.3765389 0.4668145 0.54421 0.4958292 0.436244 0.4929221 0.5279315 0.5416853 0.562939 0.6117277 0.6075522 0.5251055 0.4355016 0.4362649 0.4401783 0.4494389 0.352988 0.2107492 0.1453172
0.01742439 0.01448832 0.01304473 0.01331575 0.02067895 0.03975164 0.08701512 0.1186846 0.1824006 0.3393523 0.4413851 0.4859444 0.5266346 0.4574216 0.4218283 0.5091035 0.5643137 0.4944735 0.439455 0.4359852 0.4256186 0.3953072 0.3815122 0.3804682 0.3804761 0.3906111 0.4485814 0.4060808 0.4793799 0.4664157 0.3950247 0.3806036 0.3457716 0.3714664 0.3727197 0.4457482 0.4074801 0.354079 0.359339 0.4126735 0.4197575 0.3372835 0.2797404 0.349453 0.3265237 0.3058347 0.3199527 0.2558056 0.292804 0.4188333 0.5009334 0.5174432 0.5332507 0.5594279 0.5654085 0.5798929 0.5844854 0.612144 0.5926883 0.55268 0.5384897 0.5546224 0.5304148 0.4044117 0.3847248 0.2684425 0.189434
0.01649556 0.01441733 0.01404526 0.01849893 0.02229394 0.04310033 0.09760697 0.1956464 0.3027196 0.4578302 0.5831044 0.5905674 0.551587 0.4748901 0.447055 0.4647125 0.5498779 0.4986018 0.4186593 0.3800989 0.4035121 0.4049631 0.3886353 0.4239582 0.4415663 0.4027749 0.4734481 0.4377597 0.4957801 0.4485843 0.4357366 0.3994943 0.3476171 0.411076 0.430884 0.4574077 0.3945241 0.3425865 0.3819631 0.3369844 0.3293549 0.3608148 0.3125681 0.3268042 0.3838944 0.3768481 0.3207828 0.2491118 0.234431 0.3353347 0.4661298 0.4941889 0.4668149 0.4725249 0.4501508 0.4976695 0.4727145 0.518897 0.5817825 0.5710037 0.5230945 0.5415061 0.4562967 0.3647623 0.3228339 0.2836195 0.2134535
0.01750023 0.01688738 0.01999651 0.02243689 0.02525047 0.04233477 0.08459654 0.1805646 0.3219039 0.4589315 0.5327172 0.5398751 0.6099815 0.5826143 0.5133415 0.4711453 0.5483476 0.5016551 0.4200152 0.4287204 0.4845197 0.4557902 0.4289734 0.3976818 0.4462224 0.4736836 0.4941325 0.4681114 0.5197045 0.4734309 0.4385498 0.3824201 0.3496065 0.3959211 0.455938 0.4838428 0.395843 0.3408309 0.3986331 0.3769766 0.3444664 0.341387 0.339588 0.3358689 0.3430676 0.3874156 0.3617506 0.2981897 0.2400503 0.3119889 0.4393889 0.4713152 0.3755009 0.3214931 0.3377888 0.366695 0.3773745 0.3859117 0.4527437 0.4909027 0.4273173 0.4995945 0.4202439 0.3456415 0.2875348 0.2623526 0.1344031
0.02038983 0.02237746 0.02012022 0.02287769 0.0339016 0.045197 0.09268588 0.1765839 0.2883159 0.3932369 0.4604873 0.4786559 0.5372564 0.5873404 0.5874766 0.5134564 0.5586367 0.4701388 0.4374166 0.4962978 0.5108163 0.4425719 0.3845844 0.4027426 0.4329775 0.4875692 0.5173488 0.5157684 0.4694652 0.4480295 0.403786 0.345493 0.4008034 0.44005 0.4885789 0.4977655 0.4216784 0.3498308 0.3441267 0.3355217 0.3193185 0.2866022 0.2617596 0.2448401 0.2284752 0.316191 0.3929893 0.3672475 0.273012 0.3378091 0.4170141 0.422498 0.3905537 0.3416042 0.3346336 0.3654369 0.3887133 0.3699631 0.4173831 0.4401149 0.4195075 0.5009382 0.4563208 0.3621538 0.3005401 0.2044079 0.1152273
0.02744173 0.02312112 0.02415444 0.03000713 0.03607165 0.04959292 0.1047891 0.2260338 0.3190503 0.4408774 0.5040507 0.4789045 0.4692639 0.5271617 0.5713838 0.5859328 0.5791698 0.5154321 0.5262786 0.5101889 0.4944781 0.4520147 0.3730061 0.4135744 0.4905533 0.5304892 0.5250168 0.4887422 0.4155194 0.3733266 0.3749569 0.3437421 0.3633208 0.4047041 0.4836872 0.5294453 0.4516506 0.3819991 0.3171104 0.310124 0.2628421 0.2083482 0.2126621 0.1972566 0.1825003 0.232154 0.3308351 0.380814 0.3651391 0.3900476 0.3895846 0.346222 0.3158127 0.2963719 0.30176 0.3116795 0.3725955 0.403854 0.4106767 0.3862683 0.3889523 0.4761888 0.4527158 0.327534 0.2663924 0.1684255 0.09773001
0.03337266 0.02867431 0.02709557 0.02543299 0.03344679 0.06625181 0.1093032 0.2362895 0.3450269 0.5028408 0.5456673 0.5139034 0.4503211 0.4529492 0.5031512 0.5924227 0.6110024 0.5688762 0.5150927 0.4646803 0.4519667 0.3878291 0.4182957 0.4127163 0.4544419 0.5341504 0.494992 0.4380335 0.3806371 0.3634707 0.3867543 0.4047515 0.4348736 0.4119666 0.4600399 0.5444182 0.4789682 0.4604317 0.334957 0.3463651 0.303312 0.2235085 0.2410564 0.2549945 0.1946373 0.1857316 0.2986301 0.3571908 -9999 -9999 0.2969553 0.2332825 0.1992877 0.163445 0.1856001 0.1962237 0.2450277 0.3257361 0.3653623 0.3868536 0.3830245 0.4142858 0.3857647 0.2851433 0.2074536 0.1460521 0.07527858
0.03998027 0.02688344 0.02357074 0.02623253 0.037183 0.07621107 0.1169338 0.2493811 0.4131369 0.5399547 0.5139787 0.5361083 0.4929323 0.4396421 0.4920122 0.5444039 0.6123134 0.5660267 0.5333681 0.5195777 0.4795162 0.4054953 0.4545752 0.4511888 0.4745463 0.5605567 0.4963689 0.4372368 0.356539 0.3831577 0.4101547 0.4088214 0.4683344 0.4379894 0.4427186 0.5269563 0.555663 0.4714638 0.333843 0.3237884 0.3232844 0.2344647 0.2311081 0.2751135 0.222851 0.1953501 0.2829732 0.3368552 0.2803431 0.2437131 0.2299314 0.1500664 0.1384597 0.1111473 0.107622 0.1217531 0.1355926 0.2129461 0.2514439 0.3354892 0.3650033 0.3177741 0.260269 0.1914375 0.133332 0.09149164 0.05326493
0.04376187 0.02796094 0.02382126 0.03507988 0.04084052 0.0804455 0.1400995 0.2575825 0.4144683 0.5408931 0.5662677 0.5619877 0.5118599 0.4410335 0.4496071 0.5207993 0.6033195 0.5858145 0.5163587 0.4770395 0.4558674 0.4384423 0.5155215 0.4900404 0.5072418 0.5555626 0.4715214 0.429292 0.3692385 0.3543079 0.4306087 0.4192346 0.4866912 0.5269308 0.5254275 0.5729312 0.5795321 0.523406 0.398009 0.3262623 0.3399374 0.3010105 0.2748732 0.3222258 0.3067859 0.2794589 0.2880648 0.3340422 0.2287077 0.1710199 0.1350815 0.1193408 0.09100586 0.09996349 0.094881 0.08628803 0.1032311 0.1353948 0.1915094 0.2220736 0.2335938 0.1942877 0.1478228 0.113425 0.07111944 0.05385257 0.03356837
0.0471722 0.02894269 0.02739942 0.04108456 0.05292539 0.1070366 0.1566496 0.2014717 0.3155962 0.4546351 0.5019456 0.4974931 0.4467172 0.4537495 0.5135607 0.5567374 0.6297276 0.5669962 0.4697472 0.4380005 0.4532366 0.5274454 0.5543633 0.5600119 0.57921 0.5445906 0.5367265 0.4803702 0.4178912 0.3847379 0.4198633 0.4875388 0.5258536 0.5407924 0.5510704 0.501694 0.5497701 0.5529608 0.4882649 0.4140134 0.382029 0.355563 0.3617174 0.3429134 0.3183903 0.298654 0.3131318 0.2709813 0.1851567 0.1253181 0.09691393 0.07498026 0.07691713 0.09429131 0.1004104 0.08844516 0.1147044 0.1420364 0.156262 0.1458937 0.1448188 0.1002551 0.07480536 0.05616091 0.04777216 0.04828743 0.0300553
0.04636251 0.03035295 0.03959977 0.06155599 0.08635886 0.1204739 0.1457643 0.1632364 0.2400845 0.3654454 0.4742253 0.5093738 0.4834548 0.4561606 0.4658335 0.4862444 0.6023843 0.6324312 0.5462816 0.4846478 0.5477157 0.5963573 0.6179891 0.5657937 0.5269067 0.5503094 0.5443587 0.5278717 0.4905213 0.4297261 0.4067327 0.472693 0.4330921 0.5068283 0.5461938 0.4790344 0.4991571 0.5043053 0.4074279 0.3405745 0.3165861 0.2426576 0.2651979 0.2207196 0.203624 0.2165989 0.2609315 0.2333851 0.1818045 0.1466653 0.1169052 0.07969696 0.08505183 0.1025252 0.09074513 0.0896576 0.1000825 0.09749166 0.1022635 0.1212553 0.1134503 0.0717151 0.0526805 0.03466019 0.03405912 0.03853674 0.0240564
0.04780392 0.04730605 0.05876532 0.073769 0.07939245 0.09010406 0.1138992 0.1799135 0.2230351 0.3063757 0.3960871 0.4660448 0.512695 0.4911086 0.4488689 0.5267193 0.6043003 0.6683322 0.5694017 0.5344474 0.6112978 0.6259678 0.5611084 0.5034872 0.4247068 0.4924453 0.4535131 0.452574 0.4069495 0.4317145 0.385764 0.4179883 0.4238985 0.503826 0.4952802 0.4937493 0.4288915 0.461642 0.3565634 0.3376995 0.2832904 0.1979268 0.2003458 0.1617708 0.1591928 0.1779134 0.1996778 0.2281154 0.2220289 0.1563849 0.1012856 0.0740353 0.07678337 0.09170298 0.09868717 0.1002563 0.08299501 0.07280072 0.08995527 0.1090612 0.08316948 0.06540336 0.04150773 0.03165143 0.02679014 0.02920049 0.02033903
0.05293729 0.06664085 0.07025353 0.06579193 0.05888848 0.07247397 0.09654785 0.1565755 0.2397643 0.2975577 0.3553988 0.4294039 0.5016882 0.5005241 0.4798477 0.5553556 0.581498 0.6544573 0.6262789 0.6138485 0.6731031 0.5722948 0.4928376 0.4675735 0.3968285 0.4392764 0.4295487 0.4012389 0.3796102 0.3971306 0.3600662 0.359107 0.4279958 0.4437604 0.4496367 0.491814 0.4096224 0.416115 0.338907 0.3344071 0.2490809 0.1719443 0.1603701 0.1740956 0.1799904 0.1673652 0.171427 0.1921102 0.1886716 0.1593999 0.1189882 0.08306346 0.06471123 0.08179705 0.09424277 0.1010322 0.06775861 0.06366079 0.08605171 0.07920212 0.06905224 0.05991353 0.03470596 0.02688395 0.02950713 0.02536702 0.01811173
-9999 -9999 0.06335804 0.05282679 0.05782335 0.07536115 0.0905836 0.1267564 0.1827303 0.2442915 0.2778722 0.3094012 0.3624501 0.461918 0.4504242 0.4994281 0.5300333 0.6203709 0.6921418 0.684031 0.6007559 0.5031108 0.4197717 0.3954066 0.3720225 0.3747661 0.3799264 0.370497 0.3535869 0.3637996 0.3461621 0.342239 0.4026733 0.3934464 0.421765 0.4869104 0.4327158 0.359948 0.3345627 0.2544124 0.1981597 0.1671384 0.1642304 0.13117 0.143895 0.1610574 0.1534649 -9999 -9999 0.1747489 0.1320212 0.08736882 0.06591701 0.06515749 0.0896872 0.1156029 0.09170233 0.06734342 0.07787201 0.0637619 0.07053292 0.05133466 0.02944898 0.02937118 0.03052523 0.01982214 0.02258761
-9999 0.07136606 0.05940026 0.04659467 0.05254576 0.06796984 0.1044675 0.1457475 0.1710564 0.2124478 0.2571052 0.2795524 0.2868719 0.3600932 0.4140925 0.5053716 0.5805959 0.6008719 0.6437587 0.6587647 0.5075239 0.4296676 0.4251875 0.4078694 0.3762802 0.3756809 0.4105107 0.419309 0.3550209 0.3486437 0.3704664 0.3701928 0.3592992 0.3736543 0.4298939 0.4295453 0.4516821 0.369637 0.2824883 0.2418506 0.2152819 0.167334 0.1347584 0.1298682 0.1264138 0.091418 0.09801501 0.1307391 0.1463073 0.1819975 0.1424793 0.1117764 0.0834884 0.07925881 0.07819806 0.1149696 0.1051235 0.08421165 0.08159178 0.06511436 0.07550383 0.0456621 0.0304681 0.03833805 0.03037551 0.02342066 0.03231494
0.06487107 0.06849624 0.06512927 0.06805725 0.07282984 0.08351975 0.1382343 0.1805746 0.1898858 0.2178588 0.2343015 0.2574408 0.3236914 0.373696 0.3957557 0.472069 0.5232714 0.5281786 0.6051489 0.6371063 0.5137631 0.5110434 0.4990557 0.4108437 0.371847 0.389028 0.46339 0.4108194 0.371363 0.4083061 0.4456225 0.400271 0.3859176 0.3689172 0.3737527 0.3792517 0.36304 0.3332782 0.2548629 0.2210497 0.1787422 0.1465777 0.1189862 0.1007981 0.09142653 0.06328943 0.07259931 0.09838439 0.1207204 -9999 0.1559556 0.1188403 0.1164741 0.1177837 0.1211666 0.125938 0.1090779 0.1110658 0.08850934 0.07383854 0.07921372 0.05010341 0.03331063 0.04426445 0.03590573 0.03146134 0.03591458
-9999 0.08490924 0.08321438 -9999 0.08875511 0.1110418 0.1245173 0.1382493 0.1568279 0.1789696 0.2181372 0.3043747 0.3484219 0.3215376 0.3423663 0.4106334 0.531976 0.585635 0.6255292 0.6385537 0.5561228 0.4867148 0.4476151 0.4124939 0.3593996 0.4145586 0.4500813 0.3879056 0.4048305 0.4703763 0.4497142 0.3967688 0.4132682 0.3756937 0.3393567 0.289561 0.3009447 0.3033561 0.2354243 0.1648703 0.1153585 0.090275 0.0764166 0.06687792 0.07648493 0.05779513 0.05549645 0.07600343 0.08574636 0.1011692 -9999 0.1434521 0.1435221 -9999 -9999 -9999 -9999 -9999 0.1012234 0.08576781 0.07310733 0.05114068 0.03723498 0.04698721 0.04472502 0.04196697 -9999
-9999 -9999 -9999 0.09792501 0.1086478 0.1095299 0.1118241 0.1408703 0.1695585 0.1736709 0.2532777 0.3475091 0.3141994 0.3358308 0.345838 0.3355905 0.4707483 0.5232599 0.5595052 0.6427962 0.5561741 0.4677603 0.3915721 0.3672767 0.3925551 0.3933743 0.4536053 0.4325146 0.4664267 0.438955 0.4029043 0.4004692 0.4290894 0.3728477 0.3076001 0.2171424 0.2364272 0.2933888 0.2231739 0.1878882 0.129456 0.07900245 0.05262075 0.0490527 0.05944424 0.05532163 0.04822267 0.05779123 0.0845789 0.1002174 -9999 0.1251826 0.1114145 0.1063145 0.1044497 0.1070167 0.09810345 0.1067465 0.1013431 -9999 0.07321055 0.05830396 0.04879524 0.04981764 -9999 0.05039616 -9999
-9999 0.07210279 0.07483009 0.1040653 0.1147039 0.1115017 0.1043435 0.109651 0.1322711 0.1874982 0.3144683 0.3494239 0.3522461 0.3505501 0.3449587 0.3183045 0.3443429 0.3913397 0.4842823 0.5921561 0.5948733 0.4787838 0.4372246 0.4209138 0.4446468 0.4154344 0.4530165 0.4779452 0.4579551 0.4182205 0.3328134 0.3399158 0.3683243 0.3172103 0.2216083 0.2120174 0.2262937 0.2724279 0.234822 0.2146092 0.1502152 0.1067833 0.06395427 0.06183288 0.05069869 0.04764269 0.046507 0.05275211 0.07734734 0.103715 0.1252092 0.1304013 0.1118745 0.09364816 0.07227527 0.07882135 0.06697772 0.07838923 0.08637372 -9999 0.08116593 -9999 0.06446014 0.0566153 0.0525469 0.05069827 0.05170558
0.07076804 0.06773347 0.06358384 0.08713114 0.1172594 0.1194563 0.1148268 0.1347459 0.1593791 0.2514623 0.3070396 0.306918 0.3012174 0.2971363 0.3241315 0.3028706 0.3274617 0.4206061 0.5115325 0.5723425 0.6093776 0.5794784 0.5179366 0.4501506 0.4870752 0.4892347 0.4782069 0.4207588 0.3546889 0.3120152 0.2377175 0.240267 0.2779325 0.2395597 0.1669644 0.1987905 0.2399192 0.2509537 0.1936852 0.1988732 0.1929433 0.1267856 0.07813147 0.08245894 0.05858299 0.05529141 0.06753825 0.05673442 0.06651841 0.0905591 -9999 0.1367996 0.1126728 0.1036763 0.07110877 0.05211794 0.04585073 0.0688108 0.08322324 -9999 -9999 -9999 -9999 0.05678717 -9999 0.05065141 0.0529108
0.05862166 0.05716397 0.06050453 0.09280177 0.1225947 -9999 0.1661583 0.1815245 0.2137962 0.2297345 0.2439473 0.2899615 0.3099831 0.3055673 0.2858339 0.2674476 0.2699652 0.3489862 0.4623123 0.4506077 0.5041962 0.6107001 0.5529158 0.4622341 0.5116771 0.4270962 0.377728 0.3474732 0.2659606 0.1971987 0.1954677 0.2271973 0.2295877 0.2088294 0.1453493 0.1314699 0.1670655 0.2109785 0.1686644 0.1746724 0.1919882 0.1505989 0.1005369 0.09759535 0.07176416 0.06109292 0.08875925 0.08087027 0.08308734 0.1127274 -9999 0.1326054 0.102117 0.07938293 0.05659227 0.04160421 0.05558634 0.07692574 0.08006643 0.06977695 0.05888714 -9999 -9999 0.042829 0.05116154 -9999 -9999
0.06692018 0.05844367 0.07247058 0.09803439 0.09686904 0.1189002 0.1783008 -9999 0.2290905 0.2358141 0.2557935 0.2886011 0.2721427 0.2415809 0.2529314 0.2814899 0.2451976 0.2693803 0.3629197 0.3730643 0.4758875 0.6082278 0.5185555 0.4906352 0.4660902 0.336013 0.2704886 0.2319743 0.1986152 0.1495532 0.1517076 0.1792973 0.2035985 0.1988821 0.1598157 0.1247077 0.1368574 0.172283 0.1735021 0.1467274 0.1661582 0.1716916 0.1334991 0.1005775 0.06988086 0.07398109 0.1103781 0.1196254 0.1152184 0.1362677 0.1250184 0.1067467 0.1092473 0.07754701 0.05707204 0.04470935 0.0484154 0.06958978 0.06055623 0.0529703 0.04641109 0.05730984 0.04625327 0.0373158 0.04329583 -9999 -9999
0.0983448 0.07568953 0.06768309 0.07148489 0.08545864 0.1054069 0.134201 0.2205419 0.2235839 0.2184769 0.1881679 0.2190062 0.2642157 0.2810731 0.3150911 0.2953369 0.275094 0.2380355 0.2678362 0.3384034 0.4573686 0.5839446 0.5566893 0.5139149 0.40525 0.3149518 0.2443986 0.212001 0.177516 0.1448976 0.1142985 0.1246442 0.1554918 0.1924583 0.1521718 0.1434786 0.145794 0.1338322 0.1726454 0.1497802 0.1627354 0.1890316 0.1464215 0.1116409 0.07909144 0.1073272 0.1262859 0.1472219 0.1550213 -9999 0.1053681 0.08862624 0.09956113 0.0947057 0.08663521 0.06154817 0.0460284 0.05731618 0.04930721 0.04106103 0.0438602 0.05629149 0.04936127 0.02992711 0.03428991 0.03892389 -9999
0.1306758 0.1082528 0.08086382 0.08163863 0.1108522 0.1250548 0.1552217 0.1806239 0.250631 0.2512962 0.2409305 0.2844439 0.322971 0.3468204 0.3229454 0.2702535 0.2363631 0.2503229 0.2633085 0.3609717 0.4785262 0.5456731 0.546355 0.4179214 0.3172154 0.283106 0.2443672 0.2103843 0.1524863 0.1070351 0.1047077 0.1152208 0.126463 0.1785471 0.1548848 0.1570431 0.1879734 0.1415335 0.1731396 0.1646612 0.2006847 0.2159312 -9999 0.1401101 0.1228278 0.1390099 0.1618464 0.1665492 0.1409063 0.1183072 0.09670324 0.07535304 0.07018165 0.07103553 0.07829056 0.07873318 0.05554764 0.0534857 0.04203239 0.03302 0.03973433 0.05439708 0.05287432 0.0389207 0.03167898 0.03908341 -9999
0.1346864 0.1339031 0.1229365 0.09783835 0.1026297 0.1080128 0.1499161 0.1645356 0.230816 0.2832317 0.2975937 0.3068263 0.2670719 0.2568171 0.2209516 0.2147719 0.2496566 0.2695329 0.2635399 0.301279 0.3876406 0.4954832 0.5084607 0.4321212 0.3377432 0.2512459 0.1761309 0.134419 0.1149873 0.1072718 0.1002332 0.1221816 0.1407362 0.1715534 0.1555205 0.1509926 0.2163578 0.181764 0.1930102 0.1699639 0.1924088 -9999 0.1815722 0.1859154 0.174809 0.1711743 -9999 -9999 0.1658496 0.1543813 0.1197334 0.08353806 0.06410752 0.05426923 0.06623969 0.07948498 0.06454721 0.05038464 0.03712153 0.03358681 0.0509903 0.0491645 0.04233194 0.04622931 0.03584082 0.03464859 -9999
0.1343965 -9999 0.1398879 0.1066861 0.09381459 0.1045097 0.1475218 0.1610649 0.2330877 -9999 0.28697 0.2547065 0.2370982 0.2258291 0.1915769 0.2178361 0.2581605 0.2719212 0.2514437 0.2572339 0.3533105 0.3790613 0.3954302 0.4019667 0.2924014 0.2099361 0.1392597 0.1004278 0.1135295 0.1244787 0.1057683 0.09190149 0.1186658 0.1713027 0.1588494 0.1884123 0.2129383 0.2180359 0.2064649 0.1903985 0.2109268 0.1866947 0.1373734 0.1320507 0.1447859 0.1449637 0.1480908 0.1634643 0.1658377 0.170735 0.1782735 0.1582526 0.1202122 0.08255556 0.06486917 0.07860076 0.08550844 0.05734678 0.04140796 0.04360218 0.05322967 0.04126377 0.03430977 0.04066197 0.03740513 0.02945448 0.03350879
0.1492065 0.1768869 0.160859 0.1401991 0.119331 0.1080015 0.1361255 0.1537903 0.1920656 0.2322454 0.274077 0.2608492 0.2378618 0.1995266 0.2137115 0.2220707 0.1927146 0.2038338 0.1957743 0.2068926 0.2689844 0.2730129 0.3001562 0.3218966 0.2903126 0.2146548 0.1484307 0.1127086 0.1040477 0.1298834 0.1295695 0.1031119 0.0936387 0.1451952 0.1776994 0.2050454 0.2313968 0.2296173 0.2182861 0.2097752 0.1933428 0.1747206 0.1464502 0.1121419 0.1172183 0.1119863 0.1544915 0.1375518 0.1245657 0.1607398 -9999 0.2046538 0.1561645 0.126043 0.09410945 0.1024287 0.1205209 0.09330828 0.06125655 0.05548432 0.06123021 0.04004193 0.02964096 0.03442702 0.03761667 0.02284651 0.02207109
0.1817825 0.176641 0.1726392 0.1818172 0.1624391 0.1407609 0.1216963 0.1691809 0.2224341 0.2574424 0.2535914 0.2125119 0.1954779 0.221267 0.2246723 0.180486 0.1740162 0.1976331 0.1993321 0.1922881 0.2531921 0.2392242 0.2603362 0.3300767 0.2548729 0.1759968 0.1282292 0.09681302 0.09490612 0.1273791 0.1416362 0.1315184 0.1182533 0.1346022 0.1840017 0.2176983 0.2145101 0.1863979 0.1779756 0.1778321 0.1820695 0.1407869 0.1152724 0.1210928 0.09756668 0.1018128 0.1451825 0.12026 0.1087456 0.1545087 0.2237283 0.2598993 0.2122263 0.181463 0.1425202 0.1334161 0.1519259 0.1460742 0.0931599 0.08016971 0.06523657 0.04201906 0.03746424 0.04130097 0.03787001 0.02473456 0.01568368
