trunk/projects/spp-inf/Species/species2.asc
ncols         649
nrows         555
xllcorner     294205
yllcorner     6283604.6
cellsize      0.200
NODATA_value  -9999
[rows 150 to 179 of 555, columns 201 to 267 of 649]
0.2613103 0.25145 0.179105 0.1543916 0.1243398 -9999 -9999 -9999 0.02783741 0.01725693 0.01823038 0.01821736 0.01511223 0.01393422 0.01580009 0.01604977 0.01636816 0.01379521 -9999 -9999 -9999 0.02837089 0.02680076 0.03894207 0.05779599 0.08323795 0.1030004 -9999 -9999 -9999 -9999 -9999 -9999 -9999 -9999 -9999 0.4179233 -9999 -9999 -9999 -9999 -9999 -9999 -9999 -9999 0.3016239 0.3008121 -9999 0.2796719 0.29101 0.2845508 -9999 -9999 -9999 0.3259211 0.3320956 0.3295942 0.311741 -9999 -9999 -9999 0.1881782 0.1686341 0.1519857 0.140406 -9999 -9999
0.1900285 0.20557 0.1890153 -9999 0.1081858 0.08988506 -9999 0.04190788 0.02987073 0.02031593 0.0196654 0.02197861 -9999 0.01717878 0.01735746 0.01686388 0.02009249 0.01781959 -9999 -9999 0.0227694 0.02991384 0.02704934 0.04192077 0.06017865 -9999 -9999 -9999 -9999 0.1342198 -9999 -9999 -9999 -9999 0.3642053 0.3740827 -9999 0.3582607 -9999 -9999 -9999 -9999 -9999 -9999 -9999 -9999 -9999 0.2646334 0.2698563 0.2695609 0.2581866 -9999 0.2720955 0.2785219 0.2912193 0.3021993 0.3003213 -9999 -9999 -9999 -9999 0.1793878 0.1581398 0.1454509 0.1360567 0.1342529 0.1338325
0.1381283 0.1360237 0.1506801 0.1442253 0.1322899 -9999 -9999 -9999 -9999 0.02601438 0.02432779 0.02205839 0.01902535 0.01980918 0.01929731 0.0201542 0.02200228 0.01856781 0.01541467 0.0179525 0.02411673 -9999 0.02742263 0.0427887 0.06223516 -9999 -9999 -9999 -9999 -9999 -9999 -9999 -9999 -9999 -9999 0.3549082 0.3208227 0.2942338 0.2531876 -9999 -9999 -9999 -9999 -9999 0.2467639 -9999 -9999 0.2152955 0.2241168 0.2533061 0.2392263 0.2289093 0.2523861 0.2353165 0.2376636 0.2394266 0.2370076 0.2408195 -9999 -9999 0.1942932 0.1728206 0.1547354 0.1429967 0.1370806 -9999 0.1350069
0.1351767 0.1141599 0.1094982 0.1260517 0.1300193 0.09281573 -9999 -9999 -9999 0.03209228 0.02476283 0.02456332 0.02124126 0.02101454 0.02151909 0.01888836 -9999 0.02043683 -9999 -9999 -9999 0.02765236 0.02473481 0.03502297 0.0439022 -9999 -9999 -9999 -9999 -9999 -9999 0.1427607 0.1846432 -9999 -9999 -9999 0.2694362 0.2508956 0.2103098 -9999 -9999 -9999 0.1872908 0.2016165 0.1967705 -9999 0.1938889 0.1923845 -9999 -9999 0.1873405 0.1982153 0.1948442 0.1925707 0.1891257 0.1893407 0.1989917 0.1935983 0.1935092 0.1845909 0.1749489 0.1641808 0.1501565 0.1416032 -9999 0.1351514 0.1357888
0.1629937 0.1407201 0.1150731 0.1188249 0.1067529 0.08053104 -9999 0.04732897 -9999 0.03488965 0.02700924 0.02291165 0.02087608 -9999 0.02106549 0.01933067 0.02147726 0.02040126 -9999 -9999 -9999 0.02188175 0.0279577 0.02842548 0.03917991 0.05260854 -9999 -9999 -9999 0.1088968 0.1092428 0.1176725 -9999 -9999 0.2363427 0.2471679 0.2276472 -9999 0.1835258 -9999 -9999 0.1650763 0.1631519 -9999 -9999 -9999 0.164212 0.1601039 0.1398436 0.1641143 0.1723864 0.1679124 0.1682845 0.167135 0.162251 0.1697362 -9999 0.1760151 0.1734822 0.1673126 0.1591936 0.1549422 -9999 0.1427649 -9999 0.1355176 0.1364381
0.1303018 0.1307081 0.1032831 0.09877415 0.07655062 0.06159197 0.05043523 -9999 -9999 -9999 0.02351172 0.02207746 0.02180853 0.01784956 -9999 -9999 -9999 0.02328202 0.02228688 -9999 -9999 0.02357548 -9999 0.02264137 0.03126284 0.05132717 -9999 0.07781839 -9999 0.09641228 0.1058863 -9999 0.1839212 0.204047 -9999 0.2138773 0.1840938 0.1591984 0.1592906 -9999 -9999 -9999 -9999 -9999 -9999 0.1417098 0.1422686 0.1409515 0.130956 0.1465948 0.1481218 0.1490815 0.1502425 0.1506127 0.1496778 -9999 0.1472129 0.1532763 0.1513026 0.1486824 0.1446772 0.1419287 -9999 0.1387521 -9999 0.1307579 0.137076
0.1074432 0.08941913 0.08110257 0.06859533 0.05523586 0.0437126 0.03790748 0.02764588 -9999 -9999 0.02112312 0.01867124 0.02036872 0.0188195 0.0192963 -9999 -9999 0.02376253 0.02267879 0.0191479 0.01772921 0.02386486 0.02485257 0.0215325 0.03044767 -9999 0.05963967 0.07148941 0.07986003 0.09032916 0.09818184 0.1336511 0.153944 0.1598489 0.1989842 0.1894193 0.1512986 -9999 0.1466988 -9999 -9999 -9999 -9999 -9999 0.125203 0.1274474 0.1288712 0.1254718 0.1210238 0.1359277 0.1412032 0.141437 0.1411399 -9999 -9999 -9999 0.1405945 0.1411698 0.1409586 0.1394303 0.1383325 0.1379523 0.1376225 0.1374343 0.1373725 0.1152813 0.1193261
0.07344776 0.05175196 0.05841788 0.05678669 0.04313181 0.03012575 0.0267414 0.0265197 0.02640947 0.02468737 0.02355283 0.02275375 0.02100854 0.02009212 0.01971271 0.01808962 -9999 0.02130492 0.0188788 0.0204156 0.0177698 0.02024288 0.02892784 0.0261721 0.03266726 0.05904174 0.06410416 0.07622883 0.08559259 -9999 -9999 0.1260944 0.1321763 -9999 0.175945 -9999 0.1352697 -9999 -9999 -9999 -9999 -9999 -9999 0.120206 0.1213808 0.1206325 0.1206566 0.1196455 0.1185668 0.1414967 0.1422482 0.1411885 0.1413813 -9999 -9999 -9999 0.1398019 0.1394267 0.1390368 0.1395584 0.1396373 0.1393122 0.1398882 0.1400302 0.139466 0.1290915 0.1192064
0.04499234 0.04006072 0.04605374 0.03834063 0.03162032 0.02414496 0.02260073 0.02377489 0.02207455 -9999 0.02255533 0.0264872 0.03112521 0.02474139 0.0208383 0.01982377 0.02358655 -9999 0.01788209 0.01799356 0.01768503 0.02155958 0.03052265 0.0278969 0.03685215 0.06148913 0.06980325 0.07690862 -9999 -9999 -9999 -9999 0.1175737 0.1215151 0.136997 -9999 0.1253676 -9999 -9999 -9999 -9999 -9999 0.1208305 0.1206513 0.1207378 0.1201119 0.1199349 0.1191617 0.1294144 0.1469447 0.1477129 0.148261 0.148052 0.149051 -9999 0.1449286 0.1440203 0.1441461 0.1455954 0.1429618 0.1459123 0.1447036 0.1445715 0.1451896 0.1447991 0.1403477 0.1238862
0.03366121 0.03912811 0.03429247 0.0316995 0.02526446 0.02157541 0.01784953 0.01629962 0.01864265 0.02028034 0.02366586 0.03130037 0.03713173 0.03229026 0.02467107 0.02040981 0.02233846 0.02835995 0.02400335 0.0203322 0.01981352 0.02056986 0.0293197 0.03231769 0.04183347 0.05988292 -9999 -9999 -9999 -9999 -9999 -9999 0.1074468 0.107287 0.1064987 0.1287797 -9999 -9999 -9999 -9999 0.1214598 0.1236665 0.1231115 0.1220616 0.1237857 0.1242564 0.1251252 0.123992 0.1335212 0.1494051 0.1370418 0.134968 0.140547 0.1476449 0.1551647 0.1542346 0.151339 0.1522111 0.1521651 0.1517564 0.1521361 0.1514109 0.1531626 0.1539183 0.1559411 0.1442527 0.1319366
0.02459853 0.02409949 0.02941582 0.0341543 0.02676366 0.0219576 0.01856964 0.01944894 0.02588989 0.03052515 0.03052089 0.03920085 0.04173256 0.04077662 0.03008598 0.0254622 0.02197924 0.02511337 0.03177425 0.03036937 0.0289944 0.02408061 0.03323521 0.03492491 0.05095058 0.06603456 0.07379189 0.08794237 -9999 0.09865405 -9999 0.1058422 0.1040206 0.1009584 0.1051178 0.1068973 0.1141202 0.1230579 0.1232397 -9999 -9999 0.1257315 0.1309892 0.1302327 0.1305212 0.1315826 0.1328629 0.1378911 0.1383297 0.1405387 0.1448644 0.1476919 0.1471827 0.144026 0.1556191 0.1627543 0.1602308 0.1593834 0.157935 0.1568096 0.1599277 0.1602081 0.1628514 0.1662143 0.158545 0.143227 0.1436872
0.02163824 0.02495944 0.02682188 0.03373304 0.03014078 0.02572169 0.0256675 0.02539686 0.03554621 0.03971191 0.03842314 0.0413244 0.05079382 0.04697916 0.04303757 0.04193519 0.03609979 0.02991873 0.02904587 0.02958098 0.03158873 0.03064886 0.03173703 0.03669948 0.04335483 0.06455097 0.08298517 -9999 0.09626435 0.1167773 0.1132162 0.1087646 0.104519 0.1051759 0.116697 0.1147628 0.1136382 0.1246764 0.1282886 -9999 0.135816 0.1346136 0.1394826 0.1407318 0.1427076 0.1450553 0.147207 0.1478769 0.1503786 0.1566926 0.1580513 0.1618024 0.1608884 0.1570319 0.1612452 0.1758463 0.1705355 0.1666606 0.1674384 0.1709075 0.1698506 0.1671055 0.1706856 0.1785604 0.1771841 0.1620335 0.1550821
0.02572255 0.03444234 0.03502993 0.0342031 0.03095968 0.03248955 0.02796442 0.02987871 0.03605392 0.04779139 0.04687783 -9999 0.06062771 0.05924848 0.05853281 0.06043934 0.06103693 0.05422981 0.04215274 0.03942409 0.03561526 0.03611775 0.03569008 0.04066735 0.04769297 0.07241234 0.09559089 0.1103411 0.1143378 0.1212837 0.1242098 0.1202234 0.1115824 0.1137223 0.1189964 0.1243018 0.1263137 0.1290392 0.1343445 0.1431198 0.1435679 0.1529554 0.1529577 0.1548951 0.1584158 0.1622573 0.1645209 0.1656545 0.1667262 0.1687113 0.1721025 0.1761419 0.1765701 0.1725026 0.1720904 0.1868773 0.182419 0.1787682 0.1753002 0.1777155 0.1822641 -9999 -9999 0.1703413 0.174939 0.1734215 0.1681961
0.02466336 0.03458014 0.03493848 0.03667149 0.03354804 0.03375963 0.03490089 0.04036802 0.04042432 0.05319794 0.05368613 0.05969163 -9999 -9999 0.06786267 0.07110188 0.07689583 0.08179697 0.07217325 0.06459619 0.05114413 0.05180664 0.04383153 0.05018477 0.05610917 0.08555622 0.1120962 0.1240254 0.1381401 -9999 0.1326923 0.1339137 0.1386267 0.1314196 0.130328 0.1228254 -9999 0.1414515 0.1459036 0.1503776 0.1566466 0.1636585 0.1687285 0.1741405 0.1755234 0.1799071 0.1839468 0.1858352 0.1857352 0.1860682 0.1893708 0.1916679 0.190542 0.185477 0.180905 0.1928316 0.1839584 0.1932 -9999 -9999 -9999 0.1939027 0.1721556 0.175805 0.1810106 0.184737 0.1832949
0.0230068 0.03272191 0.03793348 0.03653859 0.040297 -9999 0.04096241 -9999 -9999 -9999 -9999 0.06718604 0.08124583 0.08158158 0.07990376 0.07426213 0.06907662 0.0677064 0.07453185 0.07352281 0.06773783 0.06785376 0.06013218 0.07619119 0.06488261 0.08107422 0.1161241 0.1384746 0.1549512 0.1478632 0.1401016 -9999 -9999 0.1376399 0.1365134 -9999 0.1532791 0.1512193 0.1475717 0.1518193 0.178452 0.1802905 0.1862186 0.1905385 0.1935257 0.1980652 0.2024572 0.2038807 0.2041207 0.2034054 0.2034237 0.2040933 0.2030082 0.198617 0.1901907 0.1842143 0.1872471 0.2077355 0.2061903 0.2083365 0.2106321 0.2090359 0.2234266 0.1901907 0.1935334 0.196342 0.1978957
0.0286195 0.03743255 0.04104821 -9999 0.04354456 -9999 0.05195345 0.05942665 -9999 -9999 -9999 -9999 0.09416646 -9999 0.09062515 0.08673813 0.07937331 0.07092181 0.07234168 0.08435322 0.08125381 0.08349358 0.08884297 0.09543375 0.1001183 0.08971497 0.1120665 0.1417058 0.1570952 0.1575806 0.1547746 -9999 -9999 -9999 -9999 -9999 0.1583126 0.1500149 0.1424692 0.1694549 0.1836116 0.1965637 0.2023849 0.2068909 0.2097045 0.2131399 0.2163991 0.2179296 0.2185084 0.2174657 0.2164371 0.2158552 0.2143764 0.2101206 0.2041944 0.1986086 0.1952159 0.210015 0.2203269 0.221969 0.2246806 0.2293438 0.2310995 0.2226095 0.2075245 0.2039562 0.2056783
0.03393473 -9999 0.04359274 0.04850465 0.05117533 -9999 -9999 -9999 -9999 -9999 0.07968856 0.07796548 0.0919778 0.1080349 0.1015306 0.09707121 0.10142 0.1032558 0.1012555 0.1194607 0.1060662 0.1106964 0.1332006 0.123099 0.1285309 0.128765 0.1302748 0.1407972 0.1596062 -9999 0.1653412 -9999 -9999 0.1682354 0.1703512 0.1727679 0.172419 0.1748735 0.1552538 0.1824126 0.1988675 0.2106563 0.2145279 0.2196188 0.2222229 0.2246906 0.226737 0.2278428 0.2278793 0.2265172 0.2265656 0.2252875 0.2227627 0.2191377 0.2159089 0.2124924 0.2088622 0.2074351 0.236407 0.2349727 0.2375356 0.2407122 0.2403763 0.242425 0.246903 -9999 -9999
-9999 -9999 -9999 0.04907324 0.07300532 -9999 -9999 -9999 -9999 0.08275638 0.09281164 -9999 0.09241362 0.1001882 0.1083302 0.1146139 0.1277868 0.1353153 0.1424968 0.1369963 0.1110672 0.1043985 0.1456176 0.1662125 0.1589262 0.153736 0.14866 0.1724248 0.1810331 0.182243 -9999 0.1904409 0.1904387 0.1871255 -9999 0.188513 0.1802552 0.1734157 0.1703198 0.1744576 0.1990645 0.2134231 0.2176515 0.2173868 0.2214608 0.2141495 0.2187312 0.2271077 0.2266276 0.2305643 0.2303991 0.2299773 0.2290279 0.2272895 0.2253806 0.2222686 0.2188501 0.2147872 0.2306082 0.2479731 0.2478611 0.2505047 0.2520137 -9999 0.2194857 0.2206489 0.2382802
-9999 -9999 -9999 -9999 -9999 -9999 -9999 -9999 -9999 -9999 -9999 0.09487647 0.0942865 0.09984057 0.105274 0.1129621 0.1176571 0.1224069 0.129609 0.1203076 0.114307 0.1247391 0.1624432 0.1845373 0.1829781 0.1657254 0.1433217 0.1594346 0.1751351 0.1851977 0.1797793 -9999 -9999 0.1880219 0.1846471 0.1773364 0.1714321 0.1720752 0.1770983 0.1787705 0.1996266 0.2116413 0.215341 0.2160665 0.2161489 0.1985773 0.2095105 0.2115875 0.2102453 0.2184303 0.2279547 0.220282 0.2292252 0.2301154 0.2300238 0.2285224 0.2265665 0.2233292 0.2214538 0.2277365 0.2349215 0.2588369 0.247611 0.2251015 -9999 0.2241048 0.2226703
-9999 -9999 -9999 -9999 -9999 -9999 -9999 -9999 -9999 -9999 -9999 -9999 0.1010879 0.102483 0.1073603 0.1129502 0.1257941 0.1367394 0.1526456 0.1624186 0.159249 0.1596214 -9999 0.2113611 0.1816154 0.1678597 0.1489335 0.1397493 0.1453537 0.1605603 0.1893371 0.1866847 0.1829834 0.1808245 0.1812 0.1810271 0.1812995 0.1819791 0.1826792 0.1833279 0.2006852 -9999 0.2179113 0.2172955 0.21511 0.2037189 0.201394 0.1874973 0.1813055 0.1915153 0.2161864 0.2037079 0.2089523 0.2257533 0.2287229 0.230546 0.2304262 0.2283425 0.2279044 0.2267946 0.2265846 0.2641673 0.2264537 0.2266902 0.2264849 0.22565 0.22477
-9999 -9999 -9999 -9999 -9999 -9999 -9999 -9999 -9999 -9999 -9999 0.1179121 0.1188118 0.1019367 0.1029056 -9999 -9999 -9999 0.1781534 0.182994 0.1841918 0.1811722 0.2141038 0.2011829 0.1858503 0.1749864 0.172825 0.1672626 0.1500318 0.1738367 0.1907252 0.1889317 0.1867169 0.1867269 0.1854874 0.1936955 0.2053825 0.1855282 0.1856325 0.1863593 0.2029408 0.2193261 0.2018798 0.1912763 0.211128 0.1805347 0.1785821 0.1755719 0.1685883 0.1823119 0.1968095 0.1950716 0.1945758 0.2164864 0.2221756 0.2279565 0.2303468 0.2312056 0.2306886 0.2298481 0.2293481 0.2477661 0.2427724 0.2289139 0.228062 0.2263225 0.2254665
0.05908753 -9999 -9999 -9999 -9999 0.1414362 -9999 -9999 -9999 -9999 -9999 -9999 0.1188293 0.106119 0.09993619 0.115355 -9999 0.1645601 0.1791516 0.1931853 0.2039391 0.2094414 0.1998454 0.1866271 0.1991862 0.1849434 0.1648488 0.1702181 0.1702234 0.1904083 0.1918631 0.1903676 0.1894306 0.1885778 0.1871778 0.2155147 0.2198591 0.1873824 0.1874586 0.1880263 0.200184 0.2154568 0.2082825 0.184652 0.2045496 0.1895853 0.1722706 0.1692382 0.1667186 0.1773406 0.1953545 0.1660144 0.1826402 0.1970501 0.2156447 0.2248462 0.2289379 0.231268 0.2319509 0.2315817 0.2310321 0.2306746 0.2303074 0.2296341 0.2292259 -9999 -9999
0.06502732 0.07173738 0.09821774 -9999 0.1392979 -9999 -9999 -9999 0.1980502 -9999 -9999 -9999 0.1173353 0.1158552 0.1100048 0.1165341 0.1370224 0.1536967 0.1706966 0.1845657 0.1963102 0.2032465 0.2060478 0.2048121 0.2029144 0.1863727 0.1741298 0.1765818 0.1969086 0.1839763 0.16757 0.192298 0.1914904 0.1898811 0.1886854 0.2127354 0.2213332 0.1965885 0.1933289 0.1971871 0.1920922 0.189897 0.1824653 0.1784641 0.1899787 0.1881422 0.1901037 0.1723895 0.1668813 0.1702816 0.1803642 0.1580824 0.173957 0.1968388 0.2105129 0.2205924 0.226771 0.2304314 0.2322739 0.2325692 0.2324405 0.2320818 0.231586 0.230986 0.2302324 0.229358 0.2271107
-9999 -9999 -9999 -9999 -9999 0.1680202 0.2009694 0.2216805 0.2162065 -9999 -9999 -9999 -9999 0.1160782 0.1162089 0.1143376 0.1325441 0.146357 0.1618656 0.1758085 0.1874696 0.1954572 0.1988556 0.1991758 0.1983816 0.1955299 0.1961635 0.1980486 0.1964099 0.1838908 0.179468 0.1938611 0.1927218 0.1914799 0.1946228 0.2190601 0.2236859 0.2237928 0.2233179 0.2218618 0.1947656 0.1841637 0.1811188 0.1769316 0.1744907 0.1729714 0.1716196 0.1726177 0.1675736 0.1667458 0.1605877 0.1473648 0.1766517 0.1951231 0.2074087 0.2159754 0.2238885 0.2282953 0.2312021 0.2323789 0.2332057 0.2331347 0.2325555 0.2314024 0.2296921 0.2283443 0.2260321
0.05547994 0.06040164 -9999 -9999 -9999 -9999 0.2067659 -9999 0.2255528 -9999 -9999 -9999 -9999 0.1150664 0.1148791 0.1195057 0.1275987 0.1391659 0.1521758 0.1665035 0.1781349 0.1960368 0.1919487 0.1920626 0.1940608 0.1962512 0.1972243 0.2049249 0.2255779 0.2203071 0.2117235 0.1985397 0.1978706 0.2140083 0.2218649 0.2256989 0.2253399 0.2244279 0.2222863 0.2201213 0.2131762 0.1973816 0.1912771 0.177141 0.1756774 0.174899 0.1734474 0.1713189 0.1700899 0.1680121 0.1539403 0.1516401 0.1847905 0.1816202 0.1969528 0.207726 0.2223763 0.2268807 0.2302099 0.2328726 0.2340423 0.2340141 0.2326568 0.2306239 0.22835 0.2257275 0.2219209
-9999 -9999 0.08448463 -9999 -9999 -9999 -9999 -9999 -9999 -9999 -9999 -9999 0.1329191 0.1141941 0.1131651 0.115506 -9999 0.1277628 0.144592 0.1542952 0.1920856 0.2012677 0.2112228 0.1991947 0.1974893 0.2138588 0.2286232 0.2300689 0.2296425 0.2286493 0.2284788 0.2286545 0.2283062 0.2274937 0.2266551 0.2259208 0.2249685 0.222775 0.2115475 0.2130182 0.2061184 0.2048266 0.1873927 0.1935159 0.1801222 0.1754324 0.1738961 0.1715052 0.1698098 0.1582242 0.1566618 0.1492421 0.1763719 0.17678 0.1988272 0.2203368 0.224939 0.2295624 0.2326719 0.2346603 0.2353362 0.2343234 0.2312038 0.2276062 0.2244082 0.2199313 0.2137224
-9999 -9999 -9999 -9999 -9999 -9999 0.1807529 -9999 -9999 -9999 -9999 -9999 -9999 -9999 -9999 -9999 0.1198765 0.1230812 0.1332376 0.1411275 0.1750719 0.1914729 0.194192 0.2017121 0.2158965 0.2218704 0.2249711 0.2275617 0.2288606 0.2291293 0.2294477 0.229546 0.2292644 0.2282888 0.2224442 0.2167378 0.2192374 0.2050034 0.1859783 0.1885375 0.1840746 0.1868244 0.1816177 0.1797852 0.177532 0.1755573 0.1736034 0.171644 0.1702063 0.1492812 0.1435744 0.1450574 0.1551921 0.173205 0.2058224 0.217191 0.230749 0.2345287 0.2364288 0.2365171 0.2351055 0.2324415 0.2276493 0.2233506 0.2190711 0.2144449 0.2075448
0.03880868 -9999 -9999 -9999 0.1006322 0.1399571 0.1702315 -9999 0.2080451 -9999 -9999 0.1694715 -9999 -9999 -9999 -9999 -9999 -9999 0.1227464 0.1277174 0.1556613 0.1750783 0.1727648 0.1870528 0.2079909 0.2155706 0.2204814 0.2233872 0.2269589 0.211172 0.2116558 0.2295202 0.225796 0.2212335 0.2071724 0.1969388 0.2107256 0.1891562 0.1880355 0.1878704 0.1874314 0.1860975 0.184701 0.1825333 0.1800192 0.1768277 0.1751307 0.1746012 0.1735604 0.1722666 0.1746683 0.1798755 0.1597355 0.1856 0.2150197 0.2255608 0.219007 0.2335448 0.233093 0.2350207 0.2310134 0.2265206 0.2220595 0.2188399 0.2080172 0.1895103 0.1839968
0.03088096 0.04239593 -9999 0.0558873 0.08748684 0.1153401 -9999 -9999 0.2028626 -9999 -9999 0.1587451 0.1492135 -9999 -9999 -9999 -9999 -9999 0.1154235 0.1193982 0.144589 0.1618787 0.173518 0.184828 0.1961268 0.2067027 0.2092157 0.2153598 0.2190531 0.1919363 0.1932271 0.2283145 0.2170041 0.196735 0.204826 0.1954768 0.1983702 0.1930306 0.1912481 0.1908466 0.189875 0.18843 0.1868997 0.1844265 0.1827598 0.181329 0.1805657 0.1809905 0.1819231 0.1838161 0.185132 0.1863327 0.187089 0.1874222 0.2169145 0.2174289 0.2172951 0.2294868 0.2227816 0.2177808 0.225064 0.2193491 0.2145579 0.2068543 0.186003 0.17031 0.1556758
0.02144355 0.03248023 -9999 0.05431726 -9999 -9999 -9999 -9999 -9999 -9999 0.1672769 -9999 -9999 -9999 -9999 -9999 0.1202804 0.1107608 -9999 0.1395698 0.1458529 0.1533424 0.1607299 0.1704649 0.1804841 0.1920303 0.2019649 0.2105633 0.2087802 0.1869797 0.1885973 0.2067261 0.2126931 0.193792 0.1951532 0.1965426 0.1964312 0.1956823 0.1943038 0.1922507 0.1918186 0.1900932 0.1881154 0.1863525 0.1855652 0.1858632 0.1863828 0.186705 0.1876471 0.1889612 0.1894714 0.1862244 0.1648594 0.1648295 0.1863601 0.1926952 0.191312 0.2129335 0.2047754 0.2025611 0.207578 0.2089937 0.1942599 0.1917916 0.1643321 0.1399046 0.1394452
