trunk/projects/spp-inf/Species/species1.asc
ncols         649
nrows         555
xllcorner     294205
yllcorner     6283604.6
cellsize      0.200
NODATA_value  -9999
[rows 270 to 299 of 555, columns 204 to 271 of 649]
0.735802 0.7094525 0.6373909 0.5429813 0.6667686 0.7087951 0.6059374 0.4855644 0.7202843 0.4681758 0.6956329 0.8910183 0.7973822 0.8846228 0.8498222 0.9391367 0.9299321 0.7569306 0.5594754 0.5953829 0.654713 0.8004971 0.6712591 0.4940931 0.3766114 0.2072172 0.1646699 0.210869 0.3044017 0.3443103 0.3378415 0.3534583 0.3464494 0.2109444 0.1173846 0.0894619 0.1829616 0.1997846 0.2123272 0.2487453 0.3522865 0.4540873 0.6097248 0.6578217 0.6817058 0.6820254 0.6814905 0.6804137 0.6342016 0.4980519 0.4541239 0.4541148 0.4897452 0.3896319 0.2337759 0.1283252 0.1007843 0.08097715 0.07174882 0.06991233 0.05911562 0.05157591 0.04467997 0.05242695 0.06346991 0.06992344 0.0625902 0.06318474
0.6761073 0.6032223 0.7012182 0.5650746 0.5148455 0.6464114 0.6353734 0.4141139 0.6201277 0.4146773 0.6201178 0.796338 0.6328302 0.6907817 0.7286274 0.8839338 0.7339609 0.7416846 0.5851152 0.4540648 0.6180983 0.7082521 0.7155178 0.520871 0.3969225 0.4151936 0.275017 0.1482077 0.1617362 0.224044 0.3793916 0.4639505 0.2798882 0.1740329 0.1660494 0.1248249 0.09704101 0.1776494 0.3049453 0.4529116 0.4885582 0.4987839 0.48226 0.5079883 0.6854453 0.6850199 0.6838766 0.6823369 0.5914157 0.589563 0.5652683 0.3431156 0.3379652 0.4696142 0.3540375 0.2207761 0.1664831 0.118623 0.1127692 0.1014086 0.1070853 0.06487538 0.04636402 0.04479695 0.06144724 0.05906732 0.05323824 0.05676735
0.6528479 0.4958078 0.6358726 0.607744 0.3799566 0.5437856 0.6610186 0.4203519 0.4971332 0.383723 0.519064 0.7049378 0.4518239 0.5280676 0.7133583 0.9026126 0.5370306 0.5796125 0.4847769 0.3832642 0.5032402 0.6446587 0.6934997 0.5911607 0.4421731 0.2601801 0.2068489 0.129426 0.2301431 0.2535389 0.4962825 0.5123057 0.329483 0.3317793 0.2772211 0.1470138 0.1011381 0.1549473 0.2220811 0.2440227 0.2513534 0.3345629 0.3512652 0.5342946 0.6877866 0.6866822 0.6850385 0.6832273 0.681394 0.6572592 0.6554967 0.4763364 0.2937839 0.2826522 0.4505075 0.461518 0.3288398 0.2254106 0.2192751 0.1909341 0.1346233 0.1012326 0.06006193 0.04620147 0.05659591 0.05056718 0.05191545 0.06219853
0.716291 0.55921 0.5076043 0.6527008 0.4993489 0.3528587 0.5547264 0.3844939 0.3679994 0.3900365 0.5678757 0.542393 0.477684 0.7210916 0.8387802 0.9301485 0.8229258 0.6466831 0.6608509 0.567557 0.3563421 0.5330914 0.6286179 0.3603302 0.421843 0.2649662 0.1275282 0.2043013 0.3425507 0.3983657 0.4344606 0.3219465 0.287161 0.2156795 0.2094027 0.1780134 0.115227 0.09616587 0.1126286 0.2420005 0.3759553 0.4861304 0.5786521 0.6682321 0.6893216 0.687637 0.6857098 0.6838158 0.6819053 0.6799408 0.6781397 0.4376441 0.4150085 0.2833911 0.2998032 0.318687 0.3968646 0.3081736 0.1924467 0.1355764 0.1011621 0.07846276 0.06441691 -9999 0.05145382 0.04751204 0.05712099 0.08113211
0.6552672 0.498144 0.5063735 0.6313649 0.6292481 0.4006117 0.3466734 0.2796279 0.2823204 0.4538338 0.5491227 0.3872553 0.5408308 0.6600249 0.8676819 0.9309046 0.8918608 0.8039915 0.6841309 0.4830649 0.4140357 0.4934962 0.5654696 0.2793806 0.2138398 0.2439669 0.1304424 0.1909237 0.2833104 0.42147 0.461085 0.2790273 0.2030767 0.1357512 0.1116511 0.132321 0.08944811 0.1714817 0.2387297 0.254408 0.2718066 0.4488318 0.4724515 0.6034505 0.6902599 0.6883262 0.7473118 0.7659713 0.7027656 0.6803012 0.6781783 0.5417176 0.4948087 0.2815157 0.1838319 0.1578438 0.1898999 0.2002558 0.1195035 0.07648667 0.06204223 0.05463814 0.04876941 -9999 0.04557081 0.04887956 0.08889918 0.1315407
0.6748151 0.4349062 0.5297936 0.6064407 0.522326 0.4659423 0.2738471 0.4276699 0.4154516 0.3300156 0.3748781 0.5847499 0.7066594 0.6845325 0.7833372 0.8502026 0.8913575 0.8125249 0.6401154 0.4636467 0.3849481 0.4179035 0.5035409 0.386381 0.2506484 0.126895 0.1433842 0.2747334 0.3896328 0.3283321 0.3788455 0.3356151 0.2303687 0.1937112 0.1188909 0.07924813 0.1028452 0.1840901 0.3292153 0.4823662 0.4397354 0.3401554 0.4756246 0.648719 0.6910519 0.7092686 0.7681714 0.7664693 0.7647111 0.7008538 0.7187006 0.6524511 0.5542309 0.4743496 0.3181796 0.2011438 0.1382019 0.1046523 0.08669344 0.09117204 0.1098764 0.09586798 0.0666151 0.05084206 0.05256487 0.06383029 0.1034951 0.08382684
0.5058125 0.3817771 0.4500421 0.4678134 0.3375031 0.3140669 0.3421667 0.518311 0.564034 0.3782232 0.3778605 0.479694 0.4957579 0.5561575 0.8342044 0.7507597 0.8147844 0.8626029 0.7419727 0.5223044 0.3793039 0.3762135 0.4831368 0.3661048 0.3467149 0.1329089 0.1402692 0.2114925 0.3531515 0.2480073 0.3386569 0.3070477 0.176135 0.1397453 0.09852844 0.0684885 0.11517 0.1596745 0.2062641 0.3192341 0.4387507 0.5096551 0.5373086 0.6928765 0.6918517 0.7706386 0.7689106 0.7671107 0.7649022 0.7624577 0.7601723 0.6963806 0.6530855 0.412997 0.4118425 0.2930128 0.2226962 0.131231 0.1140666 0.180159 0.2380179 0.1465326 0.08420213 0.07178505 0.06463973 0.08964343 0.08948177 0.06286545
0.301144 0.2138264 0.2445039 0.2510593 0.2964114 0.3378206 0.5242265 0.554464 0.664795 0.665956 0.4211393 0.3767831 0.5303736 0.7400941 0.852988 0.5853949 0.5587454 0.7762427 0.8664387 0.6680944 0.4624717 0.2974579 0.4592478 0.2841735 0.1968603 0.1077621 0.1801227 0.3110872 0.3924845 0.2105632 0.2893204 0.2753053 0.1623813 0.1579616 0.08528297 0.07185744 0.1243925 0.2438695 0.3580948 0.3121106 0.3963509 0.5076026 0.6030395 0.6490568 0.6923724 0.7110007 0.7496486 0.7476606 0.765868 0.7635756 0.7614191 0.7397972 0.6980586 0.6472157 0.4363748 0.2756624 0.3320738 0.2059053 0.189843 0.2089076 0.252879 0.1912415 0.09691012 0.1190592 0.0761997 0.1160673 0.08167747 0.07748865
0.2410266 0.4710994 0.341129 0.3099172 0.5224369 0.4639881 0.4017522 0.4857441 0.5283386 0.6754076 0.607541 0.628307 0.7074074 0.7883967 0.6843875 0.4920766 0.4894153 0.7341968 0.7109863 0.7259359 0.4373889 0.2742609 0.415247 0.2452899 0.1669618 0.09860069 0.1254617 0.1938815 0.2165819 0.1854005 0.2305175 0.2360996 0.1528143 0.0907688 0.07001007 0.08210412 0.1682116 0.2018242 0.3218647 0.4500298 0.4684333 0.4821736 0.4700016 0.4760651 0.604265 0.6693462 0.689875 0.6880235 0.7264711 0.765046 0.7633511 0.7624549 0.7203861 0.678005 0.4967884 0.4326304 0.4632616 0.3182899 0.2035742 0.2998701 0.3888078 0.2484782 0.1604207 0.1513693 0.1213165 0.152662 0.09990843 0.08062834
0.3400382 0.5506154 0.5272996 0.3333952 0.460117 0.5669733 0.5000389 0.4578972 0.5194525 0.6893744 0.596637 0.6598806 0.7405664 0.7597533 0.5654057 0.362943 0.4761008 0.5159084 0.5305573 0.6972431 0.4137399 -9999 0.3983059 0.3634557 0.2286527 0.1023537 0.07986199 0.1082595 0.1244113 0.1679974 0.1322878 0.2122129 0.162103 0.1098952 -9999 0.1059772 0.196771 0.3196304 0.3986615 0.4402859 0.4602847 0.4360304 0.318132 0.4704291 0.4334524 0.5588512 0.6683822 0.6669462 0.687095 0.725894 0.7649671 0.6817572 0.680503 0.6563895 0.6761687 0.6123192 0.5060998 0.3556534 0.3803602 0.4440008 0.4519382 0.3924549 0.3236201 0.2204055 0.1838122 0.1802038 0.1476099 0.1232229
0.2210943 0.3457714 0.4449092 0.4197505 0.4551384 0.6644604 0.7068965 0.5718353 0.5076824 0.6377222 0.5060153 0.523658 0.5636217 0.6720471 0.6686658 0.5167093 0.2923268 0.3079691 0.5049505 0.6761996 0.4413113 0.2735202 0.3638777 0.3665884 0.193772 0.2016309 0.108829 0.0715155 0.08856671 0.1582425 0.09174342 0.1787819 0.161373 0.07944717 0.06481881 0.1070216 0.1986703 0.2675437 0.4072629 0.3183248 0.3926137 0.357069 0.2796566 0.3520088 0.3542503 0.4861431 0.5579503 0.601041 0.6881334 0.6862919 0.6845722 0.6830436 0.569872 0.5895913 0.5638705 0.5812248 0.6395598 0.4998499 0.4562913 0.5336804 0.6099752 0.4541678 0.3621416 0.2503299 0.1597259 0.118073 0.118667 0.09693258
0.1937691 0.1772527 0.2960447 0.5129744 0.5083767 0.5039934 0.5463873 0.435657 0.558879 0.6927205 0.5614494 0.375134 0.4466484 0.5773614 0.6871232 0.6436548 0.3507636 0.2938751 0.5037083 0.6771035 0.4410619 0.2693005 0.2993385 0.4553126 0.3104765 0.2514505 0.1233592 0.07629311 0.06201764 0.09325451 0.07892413 0.1551978 0.1481448 0.06372643 0.07315713 0.103425 0.1280813 0.2443441 0.2752959 0.2496275 0.3396224 0.3245029 0.1816926 0.2936882 0.3156615 0.3399932 0.5120291 0.5568636 0.6447849 0.6430662 0.6855167 0.6835168 0.5267836 0.4223862 0.4943142 0.5335143 0.6362809 0.6488809 0.6127594 0.598995 0.465773 0.3665739 0.2857925 0.214133 0.1970701 0.1539023 0.10884 0.0999801
0.3402855 0.1426608 0.2517994 0.4451403 0.6111041 0.6055209 0.4340808 0.4076909 0.5227784 0.6143339 0.4655038 0.3727941 0.4227533 0.5481902 0.655407 0.5979363 0.3976928 0.2352237 0.4015149 0.4966229 0.3363098 0.2426955 0.3116964 0.430774 0.4353501 0.3333731 0.206659 0.08733083 0.06147853 0.05898289 0.06446286 0.131577 0.152555 0.06737079 0.06432687 0.08040536 0.1617683 0.1577688 0.203833 0.1735268 0.2793427 0.2782586 0.1386949 0.1943286 0.1900758 0.3035732 0.5084987 0.4114944 0.5113096 0.5109417 0.6185146 0.5493631 0.5238267 0.3412763 0.4138551 0.5291842 0.6550239 0.6442704 0.6269736 0.4554329 0.417928 0.264715 0.2092602 0.1161538 0.132668 0.1302689 0.1126786 0.08525722
0.3889683 0.1545089 0.2302025 0.2837231 0.4715053 0.6017011 0.5561052 0.3135967 0.4147283 0.4678792 0.3163825 0.3096772 0.4542099 0.6085829 0.5440319 0.4398555 0.3570555 0.2302722 0.2708151 0.2692905 0.2728303 0.1939594 0.2536387 0.298294 0.4331207 0.3267671 0.2500051 0.1508742 0.09271822 0.06617 0.06013097 0.09252005 0.1431106 0.08652364 0.04915551 0.09611952 0.1676549 0.1051673 0.1018929 0.1724036 0.2532412 0.2404464 0.1339055 0.1241617 0.2133747 0.3607979 0.5008586 0.4283825 0.3361272 0.5308882 0.5285168 0.394089 0.3536544 0.2799872 0.4271595 0.5464635 0.6042987 0.6378054 0.6003107 0.4949592 0.3753502 0.2646585 0.2164067 0.1789308 0.1149803 0.07369802 0.06070228 0.06114039
0.277851 0.1582732 0.1666777 0.3445042 0.5038003 0.5507382 0.6395154 0.3137249 0.3510896 0.3461711 0.3228462 0.3274647 0.4853067 0.5551399 0.4125217 0.2819209 0.266076 0.1936079 0.18334 0.2635423 0.1993784 0.2171495 0.3027899 0.4424084 0.3572879 0.3232855 0.2108878 0.2563897 0.1356658 0.08278498 0.06057929 0.06845731 0.09445637 0.06082429 0.05662505 0.1138853 0.1217769 0.07774519 0.1143603 0.1943531 0.1769431 0.1853038 0.09742296 0.1183189 0.2583243 0.435545 0.4901886 0.4992612 0.3511135 0.386014 0.5209548 0.3035223 0.2518147 0.3527746 0.6151949 0.6526824 0.642122 0.65188 0.6169767 0.5105997 0.3685814 0.2810915 0.1912622 0.1330812 0.07943487 0.06773661 0.05601642 0.0529575
0.4389882 0.2040463 0.1364727 0.3719831 0.5164489 0.476097 0.5425134 0.3080338 0.2601071 0.245452 0.4107674 0.4717813 0.4768977 0.4797393 0.4206532 0.2720937 0.1837769 0.1536158 0.1793627 0.3050376 0.313484 0.2708251 0.3483888 0.4371278 0.2689502 0.2227899 0.1654822 0.2431757 0.2035453 0.1103417 0.06465761 0.06088052 0.07598491 0.05187164 0.0624363 0.1161887 0.1153443 0.07022576 0.1102068 0.1617016 0.1030243 0.09312907 0.0854603 0.1395569 0.2533909 0.3597226 0.3363778 0.4257301 0.3969804 0.2649035 0.3526725 0.2158809 0.2993468 0.4754377 0.4499093 0.6424072 0.6328996 0.6204597 0.5860367 0.4349347 0.2985137 0.2415461 0.129986 0.1312919 0.1016731 0.100616 0.07756073 0.07098003
0.6226128 0.350926 0.1543925 0.1524226 0.3335968 0.3198245 0.2689215 0.2111478 0.2000021 0.2293115 0.2734712 0.3148778 0.356203 0.4518506 0.4949995 0.3087395 0.1445969 0.1738754 0.2251576 0.2356928 0.2733004 0.3482075 0.3972015 0.3735396 0.2210829 0.2219138 0.1595182 0.1737186 0.1725866 0.1271501 0.06993003 0.05344792 0.06252201 0.04891497 0.06280724 0.1201798 0.09953183 0.06268643 0.09237272 0.09449404 0.06842347 0.06197305 0.08949656 0.1795724 0.2117523 0.2578819 0.2194822 0.3534062 0.4339086 0.1918273 0.2117599 0.1689416 0.3764574 0.3532843 0.4854351 0.6118096 0.6227372 0.6120118 0.6016888 0.5444486 0.4195598 0.2265935 0.2121841 0.204202 0.109224 0.1355749 0.09967256 0.1167608
0.4759386 0.4364918 0.2018732 0.1256108 0.1531029 0.1927044 0.1495031 0.230328 0.2610583 0.2873535 0.3848957 0.4414178 0.4442187 0.4881983 0.4873638 0.3179126 0.1568404 0.1344784 0.2324153 0.3915333 0.3165802 0.2906454 0.388587 0.3911848 0.3088771 0.229654 0.1346916 0.09621224 0.08648913 0.1307753 0.09242558 0.0553938 0.04966687 0.0490658 0.05525927 0.09568155 0.0784032 0.06003582 0.07305668 0.06254538 0.05459746 0.08130205 0.1316957 0.1681189 0.1415272 0.1517116 0.2520364 0.4422172 0.323068 0.1945623 0.1074584 0.1716274 0.2443427 0.2773174 0.3547862 0.4839839 0.6125062 0.6029336 0.5692642 0.4908312 0.461981 0.2695126 0.309635 0.2602967 0.1604612 0.2030718 0.1715693 0.1657116
0.3814057 0.5154543 0.3849651 0.1642838 0.1064359 0.1178375 0.1473754 0.1610054 0.2107151 0.2962678 0.3262314 0.3774378 0.5025029 0.5253542 0.3458465 0.3398145 0.1721496 0.1154205 0.2828204 0.4190781 0.3925304 0.4078922 0.4199353 0.4118771 0.3883643 0.2005782 0.2337529 0.1868495 0.1196287 0.08495509 0.1174761 0.0627281 0.04993503 -9999 -9999 0.06130184 0.06057309 0.05814205 0.05475798 0.04886061 0.05283667 0.06711464 0.0675877 0.07527613 0.09357263 0.2082563 0.3161821 0.3168085 0.247523 0.1444744 0.1057268 0.2898452 0.3460214 0.366206 0.4153883 0.470578 0.6022716 0.4998804 0.3815802 0.3944048 0.5259907 0.3849006 0.3781917 0.3519742 0.2492457 0.2204967 0.1833902 0.1532637
0.2893034 0.4980236 0.4404142 0.2449652 0.1027515 0.1307343 0.1988113 0.3376702 0.284565 0.2554316 0.412473 0.450475 0.4969513 0.409586 0.1948803 0.1767012 0.1097561 0.1110178 0.2767153 0.3182676 0.3176377 0.3644825 0.4113734 0.4049291 0.4002227 0.3449033 0.338905 0.1974269 0.1056606 0.07368605 0.08846562 0.07599932 0.05513953 0.05060945 -9999 -9999 0.04855647 0.05172283 0.04886381 0.0536145 0.05166927 0.04976877 0.0567211 0.0757855 0.1149712 0.1638713 0.1265126 0.1162727 0.1214085 0.08716105 0.1119512 0.2595915 0.4167979 0.4749198 0.5809091 0.5264839 0.3866584 0.3644183 0.3240435 0.3042662 0.4317693 0.3615713 0.3746255 0.2956384 0.1668284 0.1601372 0.2055068 0.2098635
0.2273858 0.4411105 0.3868978 0.202986 0.1117372 0.2039109 0.3733231 0.425003 0.3191295 0.2630178 0.2495977 0.3850891 0.4466475 0.422805 0.3796667 0.1821168 -9999 0.1505047 0.2170491 0.204053 0.1986392 0.192571 0.2592573 0.3301544 0.3047858 0.3966931 0.3410091 0.2043695 0.1877811 0.09253708 0.07093315 0.08285907 0.07594799 0.05409978 0.05210984 0.04965062 0.04891232 0.04892616 0.05465269 0.07790948 0.06799529 0.05764504 0.05426573 0.07105626 0.06890003 0.06583352 0.05992221 0.06353017 0.06278486 0.0753279 0.09333699 0.1683678 0.2918708 0.3929514 0.520752 0.489151 0.3242587 0.2745179 0.2502511 0.2000964 0.327173 0.3770141 0.2549895 0.1802902 0.111755 0.1651381 0.2075875 0.2363209
0.1920285 0.4066357 0.3830457 0.1574263 0.105942 0.1872891 0.2944295 0.4427761 0.3049413 0.4335092 0.2713383 0.2860116 0.342247 0.4350295 0.2646971 0.1247526 0.08299157 0.1590291 0.1848172 0.2086969 0.3541089 0.2420387 0.242352 0.2502891 0.3444646 0.3963279 0.3052286 0.2042122 0.1207499 0.0982487 0.09068653 0.06121984 0.06369689 0.05015225 0.05084277 0.04961875 0.05700969 0.06916662 0.08126322 0.1133921 0.1188791 0.07108426 0.059905 0.05093189 0.05253074 0.05704511 0.05866838 0.07360199 0.08093395 0.114502 0.1766824 0.1994939 0.2927478 0.3581184 0.3598878 0.3560027 0.2634552 0.1539437 0.1789594 0.1793725 0.2751724 0.3316363 0.2006634 0.12013 0.1079524 0.16224 0.1392102 0.2023545
0.1722415 0.2820949 0.3494237 0.1482183 0.1042644 0.1769687 0.321981 0.4386879 0.4341434 0.4317153 0.3563296 0.4540033 0.4119089 0.3736225 0.1978526 0.1088807 0.08092207 0.1007949 0.08852669 0.1495582 0.2381786 0.2863433 0.3850354 0.3629175 0.3648623 0.2282253 0.2082011 0.2144008 0.1979192 0.1867725 0.1056261 0.06497791 0.05851012 0.05122057 0.05017566 0.05398718 0.07215937 0.07199286 0.08875477 0.1388346 0.1757461 0.1099753 0.07399986 0.06705723 0.06396247 0.1048852 0.104603 0.1004683 0.151847 0.1695624 0.1528983 0.1237025 0.1582628 0.1942764 0.2698659 0.3265696 0.159113 -9999 0.1022476 0.09286335 0.1442069 0.212753 0.1858306 0.1011917 0.08493811 0.1307137 0.07808475 0.1249937
0.1222155 0.1566878 0.1888511 0.1042452 0.1160803 0.1744941 0.2821381 0.3052215 0.4334968 0.3563464 0.4291464 0.4520641 0.3549135 0.2545452 0.1477522 0.08967874 0.07938236 0.08913665 0.1631697 0.198143 0.1655925 0.2349842 0.2468442 0.3307683 0.2763859 0.1636039 0.09423553 0.09407505 0.1227293 0.1324241 0.1221179 0.08672775 0.05591708 0.05275282 0.05221042 0.05367325 0.1123884 0.1248409 0.09214412 0.1201934 0.2094595 0.1838276 0.1240359 0.09027164 0.07743549 0.09271841 0.1709401 0.1611971 0.2037065 0.2325845 0.1231378 0.07342994 0.08194255 0.1261866 0.1678577 0.187619 0.2003324 0.1007986 0.06499886 0.07251526 0.1528607 0.2068641 0.1105955 0.07953101 0.08788706 0.1201574 0.06674439 0.08731166
0.1066813 0.1066196 0.1107104 0.09525017 0.1972085 0.273317 0.2519285 0.2735787 0.319011 0.2067345 0.3511662 0.2764084 0.2419513 0.2323384 0.1211472 0.08078481 0.07195973 0.08549815 0.1695932 0.252856 0.2409313 0.2612021 0.1795316 0.248597 0.2344969 0.1618521 0.1066995 0.08543493 0.0741238 0.081698 0.07986966 0.07714594 0.05363382 0.05500133 0.05207328 0.05991029 0.1033531 0.1634801 0.1410945 0.1339975 0.2108476 0.2213171 0.200045 0.1747654 0.1779661 0.1007611 0.1141761 0.1540569 0.2003589 0.1835808 0.1027781 0.06915271 0.06933616 0.08497303 0.0832404 0.1419951 0.1416437 0.0800322 0.0582091 0.06823512 0.1312849 0.1540933 0.121202 0.05458318 0.06602503 0.0920592 0.05645783 0.0854808
0.1272116 0.114187 0.09957073 0.1205563 0.172162 0.2315512 0.2147982 0.2872017 0.256106 0.1775124 0.2543714 0.2536706 0.1772573 0.2045389 0.1154261 0.07319324 0.1242847 0.1325585 0.1642982 0.3188764 0.3714986 0.2377598 0.149387 0.1557267 0.2342499 0.2321491 0.166801 0.1063352 0.074351 0.05862114 0.06663329 0.05939443 0.0532887 0.05891689 0.05259572 0.05927397 0.07839818 0.08776095 0.1544686 0.1915928 0.1999433 0.1985238 0.1513699 0.1750005 0.2292665 0.1636835 0.1944407 0.1371844 0.1890301 0.2104084 0.1355169 0.0776893 0.05110219 0.0565275 0.07205497 0.1291249 0.08126371 0.06309502 0.04813119 0.06402212 0.07069098 0.09363104 0.1077856 0.06040248 0.04955248 0.05419892 0.04992647 0.075982
0.2191876 0.2137416 0.1573548 0.2206386 0.197802 0.2084208 0.2142505 0.2870713 0.2178068 0.1736645 0.187474 0.2671991 0.1461132 0.1385379 0.09195779 0.07549712 0.1637517 0.2330435 0.2524445 0.271034 0.3502718 0.2178196 0.1617196 0.1362955 0.1741861 0.1794229 0.1834219 0.115858 0.1047914 0.06633716 0.05309771 0.05235174 0.05673509 0.05767142 0.05195864 0.05430583 0.06215043 0.07016758 0.09310931 0.2139461 0.1916522 0.1301968 0.1118791 0.1440109 0.2184886 0.2502418 0.2898938 0.2142225 0.2240048 0.1640676 0.09606564 0.07181303 0.05428242 0.04818433 0.05832641 0.07474727 0.06850899 0.04994589 0.04393855 0.05314525 0.05352256 0.06085858 0.0916202 0.08075079 0.05179481 0.0400879 0.05129893 0.08680394
0.2672023 0.2129481 0.2691008 0.2648966 0.2005166 0.1636931 0.1966619 0.2591899 0.1506882 0.1236591 0.1733107 0.2803813 0.1667331 0.09987384 0.1082565 0.07216011 0.1210335 0.1988996 0.220407 0.1791631 0.2410912 0.2007784 0.1442966 0.09283938 0.124881 0.1962743 0.1577975 0.1183844 0.08223371 0.06711209 0.05207077 0.05611681 0.05686785 0.05167905 0.05322437 0.06533965 0.08831972 0.1101528 0.1378167 0.2072867 0.1804548 0.1255167 0.1548143 0.2090648 0.2609404 0.3630228 0.25771 0.2929635 0.2687526 0.1802029 0.09155186 0.05770281 0.05466567 0.04597546 0.04529868 0.05172219 0.07047813 0.04747394 0.04076412 0.04052848 0.04067011 0.04735587 0.07002414 0.09706265 0.07765556 0.04806925 0.04212954 0.04733282
0.2068311 0.2060865 0.2150575 0.2310131 0.2412735 0.1651875 0.2136979 0.1941429 0.1111403 0.1167177 0.2081215 0.2404212 0.1542454 0.08420763 0.08711183 0.06538152 0.1074718 0.1905665 0.1712945 0.1799702 0.2176869 0.1703527 0.09735312 0.08354373 0.139838 0.138687 0.1292579 0.08329692 0.07381567 0.05420017 0.05401443 0.05815918 0.05311636 0.05963324 0.06855343 0.07261813 0.08631204 0.1431265 0.1777778 0.1928669 0.1557492 0.1140345 0.1753273 0.177274 0.2084963 0.248634 0.1822922 0.219163 0.2256633 0.2008732 0.0967243 0.07672531 0.07577118 0.0514823 0.04357553 0.044666 0.05246006 0.05332326 0.04261378 0.04020365 0.03992058 0.0481671 0.06567021 0.08743286 0.05798551 0.04097111 0.04124217 0.04803339
0.2538512 0.1792928 0.159403 0.2326487 0.2415891 0.1669286 0.196427 0.2225781 0.1224522 0.123242 0.1617267 0.2149252 0.1600242 0.07702504 0.06568423 0.0663497 0.1396707 0.2163012 0.1428612 0.1212012 0.164607 0.1315454 0.08722182 0.06996007 0.1016428 0.08014689 0.08225076 0.06085633 0.0548852 0.05356726 0.05659072 0.05632487 0.05367584 0.07126015 0.1071264 0.105643 0.1532981 0.179566 0.08891734 0.1512479 0.1790764 0.1244443 0.1054777 0.1316278 0.1487043 0.1845824 0.1236327 0.1551917 0.2033559 0.1894386 0.1140702 0.1074834 0.07002636 0.04780605 0.04445889 0.04241621 0.0440166 0.05787817 0.05280605 0.03966903 0.04103365 0.04087175 0.05448806 0.08777238 0.05074816 -9999 -9999 0.0497559
