trunk/projects/spp-inf/Species/species2.asc
ncols         649
nrows         555
xllcorner     294205
yllcorner     6283604.6
cellsize      0.200
NODATA_value  -9999
[rows 120 to 149 of 555, columns 134 to 200 of 649]
-9999 -9999 -9999 -9999 -9999 -9999 -9999 -9999 -9999 -9999 -9999 -9999 -9999 -9999 -9999 -9999 -9999 -9999 -9999 -9999 -9999 -9999 -9999 -9999 -9999 -9999 -9999 -9999 -9999 -9999 -9999 -9999 -9999 -9999 -9999 -9999 -9999 -9999 -9999 -9999 -9999 -9999 -9999 -9999 -9999 -9999 -9999 -9999 -9999 -9999 -9999 -9999 0.004286967 0.003877689 0.004932416 0.006700527 0.00591012 0.006208952 0.009663163 0.01629281 0.0205605 0.027506 0.03715028 0.05557799 0.07309885 0.06032282 0.05230147
-9999 -9999 -9999 -9999 -9999 -9999 -9999 -9999 -9999 -9999 -9999 -9999 -9999 -9999 -9999 -9999 -9999 -9999 -9999 -9999 -9999 -9999 -9999 -9999 -9999 -9999 -9999 -9999 -9999 -9999 -9999 -9999 -9999 -9999 -9999 -9999 -9999 -9999 -9999 -9999 -9999 -9999 -9999 -9999 -9999 -9999 -9999 -9999 -9999 -9999 -9999 0.004380473 0.005020824 0.005067414 0.006445562 0.00810617 0.007526833 0.008426317 0.01418365 0.02318234 0.03333421 0.0451667 0.06941646 0.1027566 0.103739 0.08581091 0.07576598
-9999 -9999 -9999 -9999 -9999 -9999 -9999 -9999 -9999 -9999 -9999 -9999 -9999 -9999 -9999 -9999 -9999 -9999 -9999 -9999 -9999 -9999 -9999 -9999 -9999 -9999 -9999 -9999 -9999 -9999 -9999 -9999 -9999 -9999 -9999 -9999 -9999 -9999 -9999 -9999 -9999 0.007686597 -9999 -9999 -9999 -9999 -9999 -9999 -9999 -9999 0.004716957 0.005512879 0.007325612 0.008079189 0.009593426 0.01002268 0.01161013 0.01348288 0.02225785 0.03810333 0.05540097 0.06596199 0.1015306 0.1776586 0.1637116 0.1420639 0.123945
-9999 -9999 -9999 -9999 -9999 -9999 -9999 -9999 -9999 -9999 -9999 -9999 -9999 -9999 -9999 -9999 -9999 -9999 -9999 -9999 -9999 -9999 -9999 -9999 -9999 -9999 -9999 -9999 -9999 -9999 -9999 -9999 -9999 -9999 -9999 -9999 -9999 -9999 -9999 -9999 -9999 0.0070483 0.007171207 0.005002109 0.004279656 0.003847789 -9999 -9999 -9999 0.005254942 0.00578289 0.005924151 0.008152916 0.01119773 0.01633639 0.01509278 0.01990107 0.02285713 0.0312839 0.05596065 0.1021819 0.126655 0.1453286 0.2246228 0.2851215 0.2463696 0.1814819
-9999 -9999 -9999 -9999 -9999 -9999 -9999 -9999 -9999 -9999 -9999 -9999 -9999 -9999 -9999 -9999 -9999 -9999 -9999 -9999 -9999 -9999 -9999 -9999 -9999 -9999 -9999 -9999 -9999 -9999 -9999 -9999 -9999 -9999 -9999 -9999 -9999 -9999 -9999 0.005887602 0.006282088 0.005343205 0.006588552 0.005341901 0.005042295 0.004369199 0.003890971 0.004590718 0.005673489 0.007620811 0.009457859 0.008780655 0.009410488 0.01278613 0.02196131 0.03261488 0.03863439 0.0441148 0.05628683 0.0940027 0.1622023 0.2202399 0.2153511 0.2610787 0.3758711 0.2911712 0.1965513
-9999 -9999 -9999 -9999 -9999 -9999 -9999 -9999 -9999 -9999 -9999 -9999 -9999 -9999 -9999 -9999 -9999 -9999 -9999 -9999 -9999 -9999 -9999 -9999 -9999 -9999 -9999 -9999 -9999 -9999 -9999 -9999 -9999 -9999 -9999 -9999 -9999 -9999 -9999 0.005721665 0.006456078 0.005233937 0.006155372 0.005431853 0.005725108 0.005941618 0.004680708 0.006752486 0.009369067 0.01227289 0.01639886 0.01936378 0.01957458 0.0217748 0.03254166 0.05635596 0.05942969 0.0670254 0.08806017 0.1365699 0.2250378 0.3199719 0.284083 0.298953 0.4069613 0.3307034 0.214651
-9999 -9999 -9999 -9999 -9999 -9999 -9999 -9999 -9999 -9999 -9999 -9999 -9999 -9999 -9999 -9999 -9999 -9999 -9999 -9999 -9999 -9999 -9999 -9999 -9999 -9999 -9999 -9999 -9999 -9999 -9999 -9999 -9999 -9999 -9999 -9999 -9999 -9999 -9999 0.005217815 0.007133604 0.006102656 0.006396641 0.006237797 0.006861656 0.00689366 0.006871467 0.008383884 0.01182864 0.01517973 0.0199983 0.03197215 0.04441015 0.0526127 0.0716515 0.1016683 0.09182871 0.1098273 0.1568683 0.2494445 0.3411496 0.4101491 0.3528927 0.321005 0.4293101 0.3590818 0.236511
-9999 -9999 -9999 -9999 -9999 -9999 -9999 -9999 -9999 -9999 -9999 -9999 -9999 -9999 -9999 -9999 -9999 -9999 -9999 -9999 -9999 -9999 -9999 -9999 -9999 -9999 -9999 -9999 -9999 -9999 -9999 -9999 -9999 -9999 -9999 -9999 -9999 -9999 0.004844902 0.004815575 0.006478468 0.007716644 0.007741306 0.008256752 0.008973868 0.01049245 0.01034884 0.01383056 0.02318173 0.03082044 0.04120442 0.05244585 0.05777904 0.0742863 0.1053848 0.1749898 0.1770183 0.1908812 0.2371268 0.2768002 0.3460909 0.4268495 0.365737 0.3397755 0.4541514 0.3611492 0.2900793
-9999 -9999 -9999 -9999 -9999 -9999 -9999 -9999 -9999 -9999 -9999 -9999 -9999 -9999 -9999 -9999 -9999 -9999 -9999 -9999 -9999 -9999 -9999 -9999 -9999 -9999 -9999 -9999 -9999 -9999 -9999 -9999 -9999 -9999 -9999 -9999 -9999 0.00400932 0.005265135 0.006265732 0.006397086 0.00897156 0.01165314 0.01045659 0.01425747 0.0159482 0.01708303 0.02241972 0.0367483 0.04613461 0.06265599 0.06568811 0.07127573 0.09179092 0.1374356 0.235256 0.3207071 0.3476606 0.3470834 0.3005251 0.3519975 0.4405521 0.3967937 0.3575363 0.4844747 0.4308575 0.3921463
-9999 -9999 -9999 -9999 -9999 -9999 -9999 -9999 -9999 -9999 -9999 -9999 -9999 -9999 -9999 -9999 -9999 -9999 -9999 -9999 -9999 -9999 -9999 -9999 -9999 -9999 -9999 -9999 -9999 -9999 -9999 -9999 -9999 -9999 -9999 -9999 -9999 -9999 0.005642449 0.008219512 0.009650268 0.01003388 0.01585141 0.0198991 0.02493635 0.02550976 0.02850495 0.03617993 0.05150895 0.06508069 0.09345201 0.08588286 0.1118838 0.1624142 0.2084419 0.2689937 0.3624811 0.486722 0.421108 0.3717415 0.3358721 0.4235108 0.4286554 0.4070255 0.4904126 0.4040301 0.3183405
-9999 -9999 -9999 -9999 -9999 -9999 -9999 -9999 -9999 -9999 -9999 -9999 -9999 -9999 -9999 -9999 -9999 -9999 -9999 -9999 -9999 -9999 -9999 -9999 -9999 -9999 -9999 -9999 -9999 -9999 -9999 -9999 -9999 -9999 -9999 0.00504838 0.006229564 0.00723908 0.006594871 0.008722319 0.01483328 0.01770328 0.0262719 0.02917567 0.0335215 0.04176926 0.05640768 0.06910628 0.07150117 0.0939181 0.1252584 0.1240237 0.1712351 0.1999576 0.2494912 0.349761 0.4101275 0.460584 0.5094241 0.4089901 0.3426795 0.4070014 0.4858845 0.4453287 0.5011456 0.3765766 0.281389
-9999 -9999 -9999 -9999 -9999 -9999 -9999 -9999 -9999 -9999 -9999 -9999 -9999 -9999 -9999 -9999 -9999 -9999 -9999 -9999 -9999 -9999 -9999 -9999 -9999 -9999 -9999 -9999 -9999 -9999 -9999 -9999 0.0063851 0.005354131 0.005281146 0.007102735 0.009000237 0.009766402 0.01136782 0.01299746 0.02081334 0.03755144 0.0419045 0.04392209 0.06105153 0.08874109 0.1157395 0.1261249 0.1379443 0.174206 0.1666503 0.1729804 0.2024451 0.2732303 0.3530598 0.3642642 0.3484965 0.3590957 0.504503 0.4720691 0.3730649 0.420471 0.5311116 0.5352143 0.5152392 0.3881234 0.3235308
-9999 -9999 -9999 -9999 -9999 -9999 -9999 -9999 -9999 -9999 -9999 -9999 -9999 -9999 -9999 -9999 -9999 -9999 -9999 -9999 -9999 -9999 -9999 -9999 -9999 -9999 -9999 -9999 -9999 -9999 -9999 0.005540594 0.006817792 0.006517545 0.005919252 0.008841815 0.01383481 0.01385414 0.01864382 0.02377254 0.0435344 0.07015802 0.07883701 0.1038681 0.1314021 0.1507142 0.184614 0.180682 0.2383999 0.278789 0.274776 0.2755147 0.273169 0.3038188 0.3130751 0.3063496 0.3052922 0.3375744 0.4496485 0.5297991 0.422556 0.4648391 0.5698491 0.5313165 0.4585415 0.4213821 0.3735581
-9999 -9999 -9999 -9999 -9999 -9999 -9999 -9999 -9999 -9999 -9999 -9999 -9999 -9999 -9999 -9999 -9999 -9999 -9999 -9999 -9999 -9999 -9999 -9999 -9999 -9999 -9999 -9999 -9999 -9999 0.005247661 0.006691196 0.008560358 0.009388264 0.008446777 0.01035695 0.01839714 0.02345538 0.03398758 0.04799578 0.08406489 0.1105558 0.1287992 0.1427058 0.1726133 0.2009515 0.219215 0.2319657 0.2760287 0.3283208 0.3639178 0.3648382 0.3501433 0.2938637 0.2928059 0.341034 0.3687537 0.3790454 0.4325119 0.5310971 0.5048568 0.5349512 0.5275664 0.4513944 0.3646732 0.3461225 0.3380501
-9999 -9999 -9999 -9999 -9999 -9999 -9999 -9999 -9999 -9999 -9999 -9999 -9999 -9999 -9999 -9999 -9999 -9999 -9999 -9999 -9999 -9999 -9999 -9999 -9999 -9999 -9999 -9999 0.004584769 0.00495478 0.005950822 0.006655533 0.008154272 0.01185311 0.01515998 0.01443612 0.02142048 0.04116146 0.06043937 0.09275077 0.1142006 0.1208558 0.1422983 0.1979729 0.2844599 0.3067308 0.2927863 0.2602338 0.2799828 0.3048686 0.3313195 0.3757878 0.3862823 0.3222529 0.2992198 0.3307658 0.3697 0.4102539 0.4214398 0.4949001 0.5623732 0.5613533 0.4789385 0.3794132 0.360897 0.3513179 0.3436354
-9999 -9999 -9999 -9999 -9999 -9999 -9999 -9999 -9999 -9999 -9999 -9999 -9999 -9999 -9999 -9999 -9999 -9999 -9999 -9999 -9999 -9999 -9999 -9999 -9999 -9999 -9999 0.005817423 0.005504733 0.005868138 0.007738734 0.01072797 0.01257823 0.01526085 0.02285562 0.02559703 0.0308906 0.06479855 0.1015994 0.1105323 0.1325912 0.1374626 0.2030275 0.3131473 0.3316664 0.3408188 0.3071328 0.2821691 0.3287925 0.3114009 0.3100604 0.3712183 0.4116944 0.3342507 0.31666 0.3721591 0.3769792 0.4056187 0.4723867 0.5463855 0.5945606 0.5563602 0.4304599 0.4229851 0.415704 0.4085505 0.3553797
-9999 -9999 -9999 -9999 -9999 -9999 -9999 -9999 -9999 -9999 -9999 -9999 -9999 -9999 -9999 -9999 -9999 -9999 -9999 -9999 -9999 -9999 -9999 0.006795015 0.005517303 -9999 0.005822357 0.007067458 0.007547863 0.006845985 0.009488313 0.01318788 0.01784858 0.02620298 0.03702247 0.04464993 0.05514497 0.08462335 0.1458646 0.1556985 0.1568518 0.1960674 0.2929937 0.3803497 0.3382675 0.2997618 0.269106 0.28865 0.3527887 0.3749703 0.3446712 0.3604486 0.4313681 0.3998106 0.35691 0.379428 0.4387227 0.4437029 0.4613834 0.5101855 0.6017768 0.5266371 0.4689897 0.4367412 0.4481323 0.4470151 0.4212997
-9999 -9999 -9999 -9999 -9999 -9999 -9999 -9999 -9999 -9999 -9999 -9999 -9999 -9999 -9999 -9999 -9999 -9999 -9999 0.007668946 0.007603788 0.007267924 0.007245295 0.007057766 0.006091553 0.006100375 0.008217126 0.009518972 0.008762909 0.01059832 0.01470419 0.01914742 0.02457477 0.03669849 0.0562859 0.07662712 0.1118131 0.1424633 0.2343235 0.2459225 0.2496668 0.2802168 0.3487661 0.4254409 0.3811937 0.3752593 0.3226421 0.284195 0.3315901 0.3762375 0.4045992 0.4155051 0.4451522 0.4191338 0.3581784 0.374727 0.3795543 0.3724138 0.383085 0.4864711 0.5969888 0.5715348 0.5393365 0.513163 0.4869255 0.4420176 0.4101338
-9999 -9999 -9999 -9999 -9999 -9999 -9999 -9999 -9999 -9999 -9999 -9999 -9999 -9999 -9999 -9999 -9999 -9999 0.008711341 0.008554437 0.009298614 0.009970551 0.009024492 0.008025236 0.007527159 0.008356083 0.0109508 0.01533846 0.01247794 0.01496822 0.02202897 0.03466713 0.04549772 0.05634531 0.06823413 0.09846206 0.1709356 0.2606129 0.3525513 0.3847697 0.3802482 0.3665437 0.4202446 0.4859006 0.4383593 0.3943435 0.3238379 0.2905044 0.3270703 0.3257032 0.3358389 0.3636195 0.4036662 0.4513818 0.3892139 0.3582914 0.3630043 0.3978651 0.4516624 0.5192131 0.5861332 0.6209534 0.5093415 0.4271941 0.395679 0.370876 0.3874643
-9999 -9999 -9999 -9999 -9999 -9999 -9999 -9999 -9999 -9999 -9999 -9999 -9999 -9999 -9999 0.008198529 0.009531557 0.01082889 0.0109565 0.01131191 0.01108914 0.008644599 0.007855863 0.008543296 0.01112039 0.01290093 0.01720057 0.02269418 0.02134088 0.02406784 0.03361996 0.04545976 0.05581291 0.07996903 0.1278921 0.1973074 0.2819681 0.3715377 0.4582771 0.5253613 0.5176259 0.4713452 0.5113564 0.4848769 0.4273609 0.377843 0.3140196 0.3466315 0.4040045 0.4086483 0.3598998 0.3359098 0.4050024 0.4715034 0.4329334 0.3714553 0.3941371 0.4415874 0.4342702 0.4955057 0.611297 0.5741418 0.4421179 0.4039418 0.3732379 0.3721789 0.3651884
-9999 -9999 -9999 -9999 -9999 -9999 -9999 -9999 -9999 -9999 -9999 -9999 -9999 -9999 0.009051675 0.01106056 0.01306985 0.01265409 0.01303289 0.01240397 0.0107512 0.01012053 0.01160018 0.01348936 0.01920343 0.02098146 0.03317156 0.04186441 0.04217298 0.0423379 0.04900184 0.07506362 0.1144455 0.1807289 0.2464528 0.3100031 0.3660637 0.3877547 0.405665 0.46688 0.5218159 0.5702167 0.5440009 0.4425176 0.3923438 0.3443469 0.3488982 0.4246995 0.4419559 0.4160323 0.3611667 0.3315616 0.3883388 0.4542398 0.4779054 0.3966597 0.3596865 0.3941654 0.4480968 0.5219668 0.5825581 0.6055405 0.499599 0.4733665 0.4596552 0.4276608 0.3722588
-9999 -9999 -9999 -9999 -9999 -9999 -9999 -9999 -9999 -9999 -9999 -9999 0.01116557 0.01199462 0.01353094 0.01462096 0.01273724 0.01049868 0.0109261 0.01170369 0.0130062 0.01859812 0.02396922 0.03025829 0.03770237 0.04537943 0.06177738 0.05623047 0.05831612 0.06672552 0.08939678 0.1358276 0.1922173 0.2541336 0.3061888 0.3681457 0.4053126 0.4093642 0.4324078 0.455759 0.4981074 0.5835542 0.5327279 0.4625158 0.4057241 0.3454209 0.3557896 0.4262096 0.474489 0.4112107 0.3920276 0.3553157 0.3835089 0.44311 0.4981132 0.4220507 0.3668453 0.3775792 0.443106 0.4233856 0.5157572 0.6306621 0.5996464 0.4748008 0.442337 0.4147037 0.3452918
-9999 -9999 -9999 -9999 -9999 -9999 -9999 0.01007948 0.009465217 0.008075108 0.008911567 0.009358911 0.01128406 0.01690981 0.01638224 0.01368893 0.01338496 0.01493325 0.01807633 0.01950832 0.02805154 0.03935745 0.04786979 0.05703049 0.07103715 0.08045107 0.1002527 0.104147 0.1045339 0.1164967 0.1370353 0.1916116 0.2412852 0.2842434 0.3709322 0.4177056 0.4551552 0.4849967 0.4898223 0.5072302 0.4995193 0.5168108 0.5838 0.5140814 0.4132459 0.4058121 0.4165549 0.4213169 0.5009817 0.4871088 0.4669884 0.3849174 0.414903 0.4631251 0.5183322 0.4481259 0.4284036 0.3966735 0.3777317 0.412487 0.4921557 0.6318903 0.5891858 0.4949098 0.4309702 0.3619188 0.2948011
-9999 -9999 -9999 -9999 -9999 -9999 -9999 0.01241948 0.01102511 0.009816693 0.01284745 0.0148024 0.01758624 0.01966591 0.0224755 0.02583517 0.02911026 0.03442024 0.04052077 0.04697714 0.0499633 0.05200827 0.06306139 0.07892803 0.1068576 0.1166421 0.1426676 0.1860567 0.1963464 0.1977283 0.2037224 0.2607813 0.2819884 0.3351801 0.368356 0.4209493 0.4627997 0.4427404 0.4289902 0.4647271 0.4138259 0.4618557 0.5849237 0.5527885 0.4514249 0.4501161 0.4987931 0.5139486 0.5131509 0.4418839 0.4100168 0.3931344 0.3581381 0.4278522 0.5045871 0.5394716 0.4901786 0.4083138 0.3653277 0.4261671 0.480962 0.6034158 0.642952 0.5223842 0.4092835 0.3344572 0.2693702
-9999 -9999 0.01800977 -9999 -9999 -9999 0.01099714 0.01385201 0.01449532 0.01676682 0.01844664 0.02046408 0.01962735 0.01860454 0.02669477 0.03276292 0.04375779 0.056748 0.0579349 0.06104437 0.07386424 0.07742325 0.1034504 0.1187013 0.1483811 0.203655 0.2118271 0.2443044 0.2529626 0.2630917 0.3023596 0.359245 0.3391252 0.3550648 0.4202813 0.4274012 0.414998 0.3597328 0.3524841 0.3982599 0.4090362 0.4694611 0.5430097 0.6033278 0.5279091 0.4615703 0.5422216 0.5038489 0.4224765 0.4154802 0.3403981 0.3077185 0.3130843 0.3799114 0.4027681 0.5185998 0.4780199 0.3937361 0.4065914 0.436137 0.5675179 0.6338847 0.6421637 0.4942439 0.3743876 0.2891833 0.2471578
-9999 0.02428708 0.0158909 -9999 -9999 0.01218026 0.01304351 0.0159127 0.01569435 0.01718504 0.01718405 0.02238737 0.02285486 0.02399283 0.031646 0.04695989 0.05995803 0.07781377 0.1003606 0.111749 0.1154283 0.1422133 0.17032 0.1989094 0.2181955 0.266804 0.2746807 0.2902313 0.3091509 0.3080181 0.3586171 0.4057252 0.3753942 0.3505594 0.3667731 0.3478236 0.3555565 0.3787414 0.4380537 0.4674504 0.4848182 0.4896736 0.5257727 0.6221967 0.6104753 0.526724 0.5636675 0.4720261 0.3653427 0.3108333 0.3035514 0.3226483 0.32329 0.3503482 0.4160684 0.5053887 0.4883486 0.4054725 0.4503062 0.5427426 0.6449957 0.6433183 0.547771 0.4251679 0.3701471 0.2649582 0.2274508
-9999 0.0190219 0.013531 0.01096411 0.01015859 0.01261796 0.01696396 0.01571746 0.0140717 0.01549956 0.01920643 0.0285596 0.03003143 0.0341224 0.04450556 0.06587095 0.09687533 0.110742 0.1389045 0.1628167 0.1943193 0.2368494 0.2860757 0.2965519 0.3198042 0.339357 0.3277922 0.3454983 0.3857781 0.3523898 0.3575989 0.424159 0.3946157 0.3460422 0.3446727 0.3549926 0.4252558 0.4455602 0.4827871 0.4876283 0.5238117 0.5535107 0.5396734 0.5768163 0.6208595 0.6451957 0.6096522 0.4486076 0.3682981 0.3546464 0.335172 0.3562752 0.4040653 0.3787742 0.3853236 0.4740095 0.5146915 0.4109254 0.4532553 0.6273899 0.6767644 0.6244744 0.4439958 0.3558879 0.2874576 0.2651874 0.2697028
-9999 0.01611323 0.01197136 0.01336929 0.01376582 0.01601358 0.01672874 0.01521162 0.01886262 0.02050536 0.02774866 0.04253601 0.05057912 0.05473801 0.07757381 0.1378608 0.1553207 0.1704356 0.1930322 0.2469132 0.3086127 0.3882255 0.3966353 0.3921466 0.4146048 0.3994528 0.3562455 0.3575781 0.440156 0.3958437 0.3530838 0.4294844 0.403382 0.392123 0.345921 0.3739918 0.4142158 0.4140238 0.4282389 0.4145372 0.4499843 0.4548427 0.4523063 0.4457048 0.4991363 0.5901505 0.5942332 0.4376082 0.4171714 0.3947127 0.3243108 0.3474987 0.4000831 0.4261355 0.4257487 0.4865435 0.5203083 0.4170876 0.5168498 0.6728811 0.6105757 0.5016242 0.3864507 0.372 0.336568 0.3264904 0.342955
-9999 0.01731525 0.01301296 0.01069718 0.01428891 0.01847433 0.01719235 0.01907404 0.02124053 0.02944339 0.04160622 0.05952461 0.07738653 0.09527586 0.1480884 0.2475421 0.2752367 0.2871447 0.3103183 0.3696216 0.4615755 0.4429296 0.4268916 0.4685279 0.454381 0.4341434 0.3725915 0.3899835 0.4505471 0.4204254 0.3895859 0.461762 0.4477232 0.4154508 0.3555621 0.351584 0.3619193 0.3781421 0.4039605 0.440464 0.4452021 0.4069583 0.4060981 0.4598951 0.4891592 0.5579484 0.5867196 0.4539493 0.4313797 0.3699272 0.3477871 0.3854338 0.3728502 0.4283308 0.4983468 0.5365531 0.4807065 0.404843 0.5415163 0.6601586 0.5711385 0.5172437 0.5004784 0.5115315 0.4818247 0.4267789 0.374434
-9999 0.01790228 0.01316224 0.009568145 0.0148542 0.02049752 0.01688284 0.02028706 0.02707785 0.04003187 0.06446432 0.09213305 0.1167666 0.1537895 0.2427236 0.348645 0.4101425 0.4200732 0.4243956 0.4596643 0.4936888 0.4731972 0.4966452 0.4636583 0.4003809 0.3768892 0.3571935 0.4214945 0.4694284 0.4307418 0.423048 0.487043 0.4050425 0.3629492 0.3442464 0.3441115 0.3574294 0.3618252 0.4091254 0.441741 0.4652279 0.4677818 0.4328788 0.4151728 0.4226483 0.4391395 0.5555691 0.542522 0.4954925 0.385111 0.3562269 0.4384567 0.466984 0.5066025 0.5374355 0.4832594 0.4114728 0.4264252 0.5638288 0.6605256 0.6264595 0.6244045 0.6022039 0.5457201 0.4406396 0.3745802 0.3540699
