trunk/projects/spp-inf/Species/species4.asc
ncols         649
nrows         555
xllcorner     294205
yllcorner     6283604.6
cellsize      0.200
NODATA_value  -9999
[rows 480 to 509 of 555, columns 136 to 203 of 649]
0.8564462 0.7720142 0.6732221 0.6501235 0.659966 0.6446711 0.7458433 0.6451418 0.6388785 0.6308843 0.6392703 0.7458866 0.6574332 0.6282318 0.6401082 0.6265489 0.6142951 0.6326858 0.6140401 0.6137892 0.6100168 0.6195741 0.6388742 0.64828 0.6123123 0.604086 0.7046326 0.6693531 0.6110503 0.6018212 0.6043874 0.6913928 0.6689363 0.7073183 0.6997114 0.6918025 -9999 -9999 -9999 -9999 -9999 -9999 -9999 0.7727874 0.6794385 0.6136554 0.5905443 0.6080756 0.6050816 0.5847389 0.5797741 0.5931095 0.6069289 0.6165847 0.6353013 0.589594 0.6131978 0.5883775 0.597327 0.6471331 0.5935892 0.608675 0.6064245 0.5741401 0.5780268 0.6075929 0.6057556 0.5844854
0.7950711 0.6648481 0.673507 0.7181195 0.6451417 0.6327258 0.689065 0.7269132 0.7286626 0.6953874 0.6357673 0.7060273 0.6642245 0.6315837 0.6168813 0.6124759 0.6189885 0.6190469 0.6265368 0.6284267 0.6247174 0.6319976 0.6105433 0.6445998 0.611393 0.604086 0.6914079 0.6214485 0.5959529 0.6147881 0.601181 0.6140102 0.6417511 0.7148677 -9999 -9999 -9999 -9999 -9999 -9999 -9999 0.7752749 0.6902226 0.66001 0.6017947 0.6010643 0.592798 0.5927638 0.6564144 0.6186261 0.5938802 0.5774 0.5766648 0.5827726 0.6242865 0.5895902 0.6138759 0.5865529 0.5954872 0.6007894 0.5764399 0.5789353 0.5802473 0.5748415 0.5859686 0.6167249 0.6038978 0.5761645
-9999 0.7297656 0.6515715 0.7449592 0.6844457 0.638338 0.6288267 0.6477992 0.689903 0.7606394 0.7167563 0.7534743 0.6877354 0.6807883 0.6555679 0.6248538 0.6179287 0.621196 0.6117601 0.6096144 0.614666 0.6174711 0.6241993 0.6052953 0.6295851 0.6005489 0.6643531 0.657884 0.6074258 0.6213633 0.6110194 0.6157444 0.6070907 0.6110299 0.6928142 -9999 -9999 -9999 -9999 -9999 -9999 0.6714618 0.6058959 0.5935133 0.6020069 0.5923836 0.5944684 0.6063095 0.7032656 0.7718067 0.6324199 0.59622 0.6009445 0.5941269 0.6172154 0.5887531 0.6066471 0.579195 0.5850773 0.5800849 0.5996132 0.6042848 0.5782918 0.5724122 0.5775678 0.5884321 0.6093877 0.5834748
0.7005902 0.7393573 0.6465263 0.6422896 0.6568993 0.6804482 0.6413921 0.631711 0.6482309 0.7178071 0.7370428 0.6788056 0.6826228 0.6709988 0.6296746 0.6172324 0.6170579 0.6225255 0.6177484 0.6334605 0.6465318 0.6127371 0.6391187 0.6183111 0.6395379 0.6194373 0.6129327 0.6109669 0.5980909 0.6173303 0.6188135 0.6040044 0.5973558 0.6016414 0.6794845 -9999 -9999 -9999 0.7350251 0.7129447 -9999 0.6456341 0.59132 0.5947053 0.5968964 0.6188433 -9999 -9999 0.6640375 0.6867821 0.6717046 0.6584144 0.5917044 0.6003357 0.6188366 0.5872753 0.6303475 0.634064 0.6239965 0.5904458 0.6009935 0.6310759 0.5978653 0.5782694 0.5719461 0.5735294 0.6127604 0.5837926
0.6475203 0.6722974 0.6634204 0.6549842 0.6321191 0.6492777 0.7299524 0.7146965 0.726963 0.7059436 0.7272635 0.6484513 0.6307897 0.6255231 0.6303186 0.6588492 0.6377399 0.6188647 0.6210142 0.6412761 0.6720884 0.6494845 0.6124389 0.6461323 0.6452821 0.6317242 0.6224798 0.6256961 0.6089047 0.6072216 0.6590371 0.6407441 0.6028072 0.612677 0.6845046 -9999 -9999 -9999 0.6914069 0.6406046 0.7530407 0.7123868 0.6163701 0.5884073 0.5881249 0.6061559 0.6232501 -9999 -9999 0.62923 0.6485029 0.6598555 0.6009328 0.5915601 0.5834059 0.5881602 0.6097503 0.6798545 0.6880922 0.6291604 0.6096723 0.5997972 0.5958033 0.5799046 0.5831718 0.5904155 0.6417332 -9999
0.6883694 0.6412578 0.654265 0.6369729 0.6683625 0.6613033 0.7107615 0.7235615 0.6465085 0.636656 0.7424426 0.7319816 0.7077081 0.707219 0.7427952 0.7533825 0.6584641 0.6302467 0.6215231 0.6136639 0.6454045 0.6529377 0.6168052 0.6221981 0.6524637 0.6244049 0.6017734 0.6383641 0.6428089 0.6613667 0.7112048 0.7209859 0.6399251 0.6528083 -9999 -9999 -9999 0.7371244 0.6359493 0.606225 0.6937858 0.7243765 0.6038334 0.6024781 0.6084008 0.5901361 0.6083065 -9999 -9999 0.6234801 0.6185715 0.6312674 0.643622 0.6427488 0.6121344 0.58414 0.5935193 0.6282477 0.6430524 0.6573811 0.6176062 0.6025558 0.5908669 0.5772578 0.5778757 0.6124843 0.629263 0.626783
0.8319715 0.6765423 0.6482503 0.6587192 0.7477635 0.7406635 0.6479138 0.6638308 0.6549855 0.6324259 0.7086776 0.6924793 0.6347071 0.665032 0.6837972 0.6874068 0.7352983 0.7083443 0.6498251 0.6197494 0.6165136 0.6300502 0.6470658 0.6395196 0.6465725 0.6218418 0.6120766 0.6080307 0.6409951 0.72412 -9999 -9999 0.6825501 0.6993772 -9999 -9999 -9999 0.6796566 0.6082094 0.5968856 0.662622 0.7349586 0.6518238 0.6203471 0.5916561 0.5870193 0.6054519 -9999 -9999 0.6226816 0.6148708 0.6156957 0.6194782 0.6397281 0.6992216 0.6581894 0.6242713 0.6214464 0.6207581 0.6639068 0.6775477 0.6302493 0.6065408 0.5856417 0.5762824 0.5957367 0.6052372 0.5929492
-9999 0.727557 0.6384772 0.6439019 0.6738788 0.7112389 0.6385959 0.6419792 0.6503796 0.6405735 0.645908 0.6431597 0.6293421 0.6526495 0.6559771 0.628761 0.7247747 0.6790932 0.6162795 0.6213507 0.6162491 0.6202615 0.6114298 0.6185756 0.6726223 0.6817321 0.6406996 0.6104186 0.607155 0.6212521 0.7231932 -9999 -9999 -9999 -9999 -9999 -9999 0.7118048 0.6047857 0.5993093 0.6242676 0.6263102 0.6544066 0.6054937 0.5981315 0.6207047 -9999 -9999 -9999 -9999 0.6250787 0.611692 0.6126323 0.6243679 0.6394421 0.7024932 0.6586074 0.6220567 0.6119219 0.6202834 0.6221001 0.6051913 -9999 -9999 0.5715485 0.5807528 0.6002405 0.5773965
-9999 0.7943454 0.6882272 0.6423483 0.6646435 0.7058989 0.6379263 0.646524 0.6445785 0.6554845 0.6587841 0.6497406 0.6579678 0.634365 0.6332095 0.6271863 0.7047618 0.6849154 0.663087 0.6274711 0.6140365 0.6228186 0.6221895 0.6126604 0.6329399 0.6423683 0.7287573 0.6185603 0.627443 0.6151693 0.6684016 -9999 -9999 -9999 -9999 0.7795579 0.737194 0.6518555 0.6036984 0.5985561 0.5971062 0.5912888 0.6280004 0.6269218 0.6107309 0.60237 -9999 0.6562506 0.6598001 0.6453784 0.6297289 0.6175252 0.6063916 0.6097224 0.6276878 0.699428 0.6683109 0.6405267 0.6127936 0.602913 0.609376 -9999 -9999 0.5724107 0.5842296 0.5830335 0.584901 0.5760646
-9999 -9999 0.7786496 0.6947352 0.6715915 0.6778783 0.6393651 0.6524653 0.6490701 0.6335409 0.6351434 0.6341494 0.6512021 0.7007613 0.6523643 0.6282069 0.7221734 0.7595159 0.6943922 0.6251659 0.6441553 0.6951787 0.6365513 0.611474 0.6069906 0.6632766 0.7535448 0.6218553 0.6098114 0.612825 0.6696717 -9999 -9999 -9999 0.7795003 0.741648 0.6146028 0.6042024 0.6120591 0.6225777 0.6220315 0.5912927 0.6131041 0.606997 0.5929708 0.609928 0.6395571 0.6471111 0.6600488 0.6724101 0.6384608 -9999 0.6099651 0.6033983 0.6208884 0.6455499 0.6307925 -9999 -9999 -9999 0.6009517 0.6145795 0.6023303 0.5909014 0.5723339 0.5962301 0.608363 0.5929605
-9999 -9999 -9999 0.7433867 0.6516781 0.7008314 0.7084081 0.7481281 0.7544866 0.6920457 0.6726317 0.6497573 0.6418271 0.7272977 0.6915133 0.6316512 0.7286409 0.7642329 0.7252466 0.6515567 0.6619045 0.7509505 0.709094 0.6629996 0.6120638 0.7124319 0.7924228 0.7264376 0.6779849 0.6244149 0.7301396 -9999 -9999 -9999 0.734622 0.6580051 0.6068771 0.6105502 0.5997093 0.6135855 0.6295627 0.594766 0.5917966 0.5910029 0.5908242 -9999 0.6061838 0.6223639 0.6345049 0.6349342 0.6336541 0.622353 -9999 0.5981842 0.5987085 0.6079737 0.6206847 0.626612 0.6085174 -9999 0.5800847 0.5917869 0.619991 0.6032369 0.5752246 0.5754057 0.5935618 0.6264786
-9999 -9999 -9999 0.7833812 0.6568354 0.6704121 0.6747745 0.6963127 0.7260355 0.7063007 0.6289563 0.6284432 0.6289438 0.6667383 0.7887009 0.6858792 0.6274596 0.6623021 0.675902 0.6244652 0.6193541 0.6844308 0.6750364 0.6898098 0.6665856 0.6317926 0.7074757 0.7491981 0.743599 0.6486152 0.6550043 0.7379308 -9999 -9999 -9999 0.6607853 0.6141741 0.6126615 0.6068228 0.6133842 0.5984926 0.60036 0.6092927 0.604435 0.6012952 0.5939617 -9999 0.6103926 0.6111573 0.6128595 0.6205868 0.6218178 0.6175525 0.6035435 0.5910318 0.5986187 0.6086326 0.61635 -9999 -9999 0.5778852 0.5866974 0.58654 0.6053158 -9999 -9999 0.5715457 0.5747341
-9999 -9999 -9999 0.7734369 0.6639164 0.6906854 0.640348 0.6396236 0.7176052 0.7393702 0.6780699 0.6874984 0.6460319 0.6468714 0.7873309 0.7215357 0.6367251 0.6346873 0.6199216 0.625918 0.6386744 0.6179781 0.6095672 0.6312427 0.6394165 0.6251129 0.6188985 0.7072884 -9999 0.6684362 0.706019 0.7401497 -9999 -9999 -9999 -9999 -9999 0.650412 0.6062103 0.6346082 0.6204783 0.5994258 0.5910738 0.6105787 0.6005744 0.5925727 0.5909784 0.5969498 0.5946347 0.6023014 0.6086787 0.617393 0.6193679 -9999 0.5866743 0.5858303 0.598793 -9999 -9999 -9999 -9999 0.5874006 0.6066279 0.5818961 0.6080989 0.6137622 -9999 0.5942903
-9999 -9999 -9999 0.7883914 0.6863822 0.6739985 0.6462764 0.6370862 0.6414754 0.7298335 0.7388328 0.7250583 0.6738288 0.6358519 0.7778051 0.7601122 0.6405567 0.6615298 0.6299952 0.6510496 0.6753647 0.63938 0.6186545 0.6464089 0.6177014 0.6150751 0.6155121 0.6719994 0.7903134 -9999 -9999 -9999 -9999 -9999 -9999 -9999 -9999 0.7371244 0.6175394 0.621374 0.6481063 0.6000286 0.6102639 0.6092044 0.5943829 0.5941927 0.5912108 0.5915168 0.5940602 0.602298 0.6088527 0.6137646 0.6159574 0.5990005 0.5916717 -9999 0.5861725 -9999 -9999 0.6037989 0.5920022 0.5875564 0.6025308 0.5956263 0.5836685 0.6098956 0.6301737 0.6378199
-9999 -9999 -9999 0.7855123 0.6904304 0.6643595 0.6442552 0.6431527 0.6513462 0.6454009 0.656099 0.6347587 0.6335216 0.6509674 0.735472 0.7594988 0.7008166 0.6409034 0.6872919 0.7799025 0.7091114 0.6662562 0.6329347 0.6715323 0.6300571 0.615006 0.6225173 0.6756325 0.7518559 -9999 -9999 -9999 -9999 -9999 -9999 -9999 -9999 -9999 0.741693 0.6634949 0.6582887 0.5980339 0.6172938 0.6146674 0.5999106 0.5906126 0.5891212 0.5942983 -9999 0.610646 0.6202602 0.6272099 0.6239913 0.6063462 0.598706 0.5908297 0.5871667 0.5861538 0.5881336 0.5955096 0.6096443 0.5876693 0.6181134 0.5933923 0.5808821 0.5874268 0.5835062 0.5849709
-9999 -9999 -9999 0.7855123 0.7035056 0.6472849 0.648548 0.6432685 0.6645204 0.6372993 0.6392789 0.634034 0.6384282 0.6322786 0.6852691 -9999 -9999 0.76419 -9999 -9999 -9999 0.7512743 0.7115202 0.6427208 0.6165301 0.6298983 0.6362824 0.6829354 0.7718519 -9999 -9999 -9999 -9999 -9999 -9999 -9999 -9999 -9999 -9999 -9999 0.6971778 0.6135498 0.6035203 0.6146752 0.5971462 0.5933977 0.5979533 0.5942976 0.5938932 0.6205307 0.630017 0.6211526 0.6232067 0.6236653 0.6002006 0.5908297 0.6116823 0.6019139 0.5989474 0.5861957 0.6051087 0.5935467 0.6144153 0.6057858 0.582857 0.606072 0.5814785 0.5905972
-9999 -9999 -9999 -9999 0.7426198 0.6746893 0.6434067 0.6517581 0.6374058 0.653046 0.6445801 0.6318547 0.6439868 0.637103 0.6727923 0.7669617 -9999 -9999 -9999 -9999 -9999 -9999 -9999 0.7593431 0.6733526 0.6450345 0.6520487 0.7407212 0.789811 -9999 -9999 -9999 -9999 -9999 -9999 -9999 -9999 -9999 -9999 -9999 -9999 -9999 0.6428697 0.6013327 0.606792 0.6047298 0.6128543 0.5921352 0.5903522 0.5996318 0.6172712 0.6078763 0.6108282 0.6226652 0.6147437 0.5916837 0.5834354 0.5978847 0.6186118 0.5903578 0.59469 0.5968727 0.605096 0.6050227 0.5805761 0.6084939 0.584542 0.5795137
-9999 -9999 -9999 -9999 0.7418558 0.6992416 0.6599245 0.6431783 0.6392149 0.6446993 0.6601179 0.6659387 0.6621547 0.7467821 0.8063453 -9999 -9999 -9999 -9999 -9999 -9999 -9999 -9999 -9999 0.748486 0.7103686 0.6616822 0.7116159 -9999 -9999 -9999 -9999 -9999 -9999 -9999 -9999 -9999 -9999 -9999 -9999 0.7756431 -9999 -9999 0.6642284 0.5970703 0.6040656 0.6235052 0.611222 0.5981681 0.5917631 0.6045871 0.5941478 0.5960463 0.6191789 0.6343939 0.6117359 0.590261 0.591184 0.6233537 0.6024597 0.5864106 0.6069748 0.6038727 0.630833 0.5858898 0.5960705 0.5832397 0.5789505
-9999 -9999 -9999 -9999 0.7872111 0.7955854 0.6879303 0.6645504 0.6794829 0.6671247 0.6719133 0.6730655 0.6873894 0.7340844 -9999 -9999 -9999 -9999 -9999 -9999 -9999 -9999 -9999 -9999 -9999 -9999 0.7476698 -9999 -9999 -9999 -9999 -9999 -9999 -9999 -9999 -9999 -9999 -9999 0.7327781 0.6487673 0.6590043 0.6595193 0.7390295 0.6924244 0.6519143 0.6180661 0.6967061 0.6209946 0.6075744 0.5939699 0.5887997 0.5907333 0.5941508 0.6229693 0.6496498 0.6363482 0.597182 0.5910485 0.6238764 0.6512907 0.597902 0.5854415 0.6483121 0.6411319 0.5817655 0.5926551 0.6035532 0.5850592
-9999 -9999 -9999 -9999 -9999 0.8211864 0.7252954 0.6776751 0.6664268 0.660686 0.6858792 0.6970891 0.7357566 -9999 -9999 -9999 -9999 -9999 -9999 -9999 -9999 -9999 -9999 -9999 -9999 -9999 -9999 -9999 -9999 -9999 -9999 -9999 -9999 -9999 -9999 -9999 -9999 -9999 0.6875495 0.6130432 0.6078827 0.5983562 0.6331809 0.7137154 0.6958272 0.7164291 0.632147 0.60041 0.6098797 0.6003882 -9999 0.5872777 -9999 0.6260061 0.6393447 -9999 0.6142831 0.5952234 0.5988668 0.6710004 0.6420658 0.642844 -9999 0.6555921 0.6149051 0.6392387 0.638705 0.5958928
-9999 -9999 -9999 -9999 -9999 -9999 0.761776 0.6832123 0.661342 0.6686595 0.7116518 -9999 -9999 -9999 -9999 -9999 -9999 -9999 -9999 -9999 -9999 -9999 -9999 -9999 -9999 -9999 -9999 -9999 -9999 -9999 -9999 -9999 -9999 -9999 -9999 -9999 -9999 0.7326412 0.6268728 0.6132941 0.6022227 0.6038226 0.6161606 0.6102737 0.6050948 0.6536638 0.6190028 0.5956097 0.598145 0.5935317 0.5930862 -9999 0.6181451 0.6253722 0.6319813 0.6086317 0.5883208 0.5993078 0.593223 0.6689234 0.6560361 0.657957 -9999 0.7158006 0.7134596 0.6728963 0.623896 0.6373166
-9999 -9999 -9999 -9999 -9999 -9999 -9999 0.747632 0.6980424 0.6774004 0.7463226 -9999 -9999 -9999 -9999 -9999 -9999 -9999 -9999 -9999 -9999 -9999 -9999 -9999 -9999 -9999 -9999 -9999 -9999 -9999 -9999 -9999 -9999 -9999 -9999 -9999 -9999 0.7394065 0.6279032 0.6163548 0.6257439 0.6072973 0.6034553 0.6040634 0.5979592 0.6023525 0.6132415 0.598574 0.6128432 0.6088774 0.6031806 0.6121299 0.6091357 -9999 0.6369973 0.6058521 0.5961675 0.5945995 0.5976759 0.6804013 0.7152188 0.7135604 0.7134821 0.7169796 -9999 -9999 0.6771281 -9999
-9999 -9999 -9999 -9999 -9999 -9999 -9999 -9999 0.7794836 0.7796263 -9999 -9999 -9999 -9999 -9999 -9999 -9999 -9999 -9999 -9999 -9999 -9999 -9999 -9999 -9999 -9999 -9999 -9999 -9999 -9999 -9999 -9999 -9999 -9999 -9999 -9999 -9999 0.6934589 0.6110271 0.6074826 0.641759 0.6586133 0.6177354 0.5995568 0.6067811 0.6031379 0.6083809 0.6031286 0.6345974 0.636055 0.6202934 0.6058185 -9999 0.615182 -9999 0.6110305 0.6048051 0.6767641 0.6778962 -9999 -9999 -9999 0.6679913 0.6059709 0.6637668 -9999 -9999 0.6645423
-9999 -9999 -9999 -9999 -9999 -9999 -9999 -9999 -9999 -9999 -9999 -9999 -9999 -9999 -9999 -9999 -9999 -9999 -9999 -9999 -9999 -9999 -9999 -9999 -9999 -9999 -9999 -9999 -9999 -9999 -9999 -9999 -9999 -9999 -9999 -9999 0.7369882 0.6363862 0.6162128 0.6032742 0.6452032 0.6663373 0.6252545 0.6064339 0.621103 0.6065629 0.6004674 0.6216116 0.6636637 0.6187989 0.6093831 0.6036268 0.5906433 0.6093943 0.6500029 0.6276881 0.5971888 0.6726434 -9999 -9999 -9999 -9999 0.6263865 0.5931821 0.5969869 0.6322407 0.6712631 0.6498284
-9999 -9999 -9999 -9999 -9999 -9999 -9999 -9999 -9999 -9999 -9999 -9999 -9999 -9999 -9999 -9999 -9999 -9999 -9999 -9999 -9999 -9999 -9999 -9999 -9999 -9999 -9999 -9999 -9999 -9999 -9999 -9999 -9999 -9999 -9999 -9999 0.6997209 0.6214457 0.6232632 0.6117653 0.6371376 0.6968193 0.6930681 0.622848 0.6204282 0.6049699 0.6167532 0.6471308 0.6705793 0.6164362 0.5971264 0.6003091 0.5919718 0.6004261 0.6137903 0.6208318 0.604716 0.7001338 -9999 0.6554267 0.6671237 -9999 0.6228619 0.5888522 0.5898239 0.6077154 0.6008734 0.5951753
-9999 -9999 -9999 -9999 -9999 -9999 -9999 -9999 -9999 -9999 -9999 -9999 -9999 -9999 -9999 -9999 -9999 -9999 -9999 -9999 -9999 -9999 -9999 -9999 -9999 -9999 -9999 -9999 -9999 -9999 -9999 -9999 -9999 -9999 -9999 0.783487 0.6760402 0.6309117 0.6139758 0.6163608 0.6361083 0.6262566 0.6868253 0.684223 0.6366879 0.6105849 0.6394123 0.7136136 0.71783 0.619792 0.6039978 0.5989872 0.5890707 0.5962977 0.6041979 0.6002749 0.6271203 -9999 0.717716 0.6144279 0.6313149 -9999 0.6332495 0.5931178 0.5947237 0.5908517 0.5785042 0.5776731
-9999 -9999 -9999 -9999 -9999 -9999 -9999 -9999 -9999 -9999 -9999 -9999 -9999 -9999 -9999 -9999 -9999 -9999 -9999 -9999 -9999 -9999 -9999 -9999 -9999 -9999 -9999 -9999 -9999 -9999 -9999 -9999 -9999 -9999 -9999 0.7128671 0.6226904 0.6627167 0.6174367 0.6280647 0.6060703 0.6092353 0.6479057 0.680626 0.6633558 0.6289453 0.649459 0.6894033 0.7078813 0.630127 0.6046069 0.6025385 0.6100678 0.5987033 0.6059816 0.6464917 0.674526 -9999 0.6446245 0.5961573 0.5954792 0.7101126 0.6313723 0.5868208 0.5941271 0.5874024 0.5912922 0.586585
-9999 -9999 -9999 -9999 -9999 -9999 -9999 -9999 -9999 -9999 -9999 -9999 -9999 -9999 -9999 -9999 -9999 -9999 -9999 -9999 -9999 -9999 -9999 -9999 -9999 -9999 -9999 -9999 -9999 -9999 -9999 -9999 -9999 -9999 0.734622 0.6693598 0.6232996 0.6371627 0.6462993 0.634539 0.6308991 0.6177437 0.6099425 0.6369347 0.6841027 0.629603 0.6390609 0.6344184 0.6595392 0.6411986 0.6247163 0.6004832 0.6172135 0.5924673 0.6211317 -9999 -9999 0.6911146 0.6036363 0.625137 0.6146458 0.603448 0.6457282 0.5855579 0.5912964 0.6046961 0.5883622 0.587662
-9999 -9999 -9999 -9999 -9999 -9999 -9999 -9999 -9999 -9999 -9999 -9999 -9999 -9999 -9999 -9999 -9999 -9999 -9999 -9999 -9999 -9999 -9999 -9999 -9999 -9999 -9999 -9999 -9999 -9999 -9999 -9999 -9999 -9999 0.7412965 0.6422975 0.6803004 0.7403966 0.7005661 0.6177754 0.614549 0.6115404 0.6214782 0.6432562 0.6578054 0.609888 0.6329892 0.6181759 0.6277503 0.6194395 0.6036446 0.6088654 0.6532509 0.6263778 0.6449873 -9999 0.6961931 0.6104572 0.6075251 0.634289 0.6133536 0.5907587 0.599521 0.601305 0.5876206 0.5888885 0.583091 0.5839176
-9999 -9999 -9999 -9999 -9999 -9999 -9999 -9999 -9999 -9999 -9999 -9999 -9999 -9999 -9999 -9999 -9999 -9999 -9999 -9999 -9999 -9999 -9999 -9999 -9999 -9999 -9999 -9999 -9999 -9999 -9999 -9999 -9999 -9999 -9999 -9999 -9999 -9999 0.6904842 0.6325006 0.6516502 0.6091132 0.6318802 0.7003507 0.6278051 0.6045881 0.6082624 0.6085659 0.6165313 0.6414665 0.6144621 0.5996139 0.652505 0.7180344 -9999 -9999 0.6513525 0.5989386 0.6096764 0.6214101 0.6279387 0.5898612 0.6031536 0.5905408 0.5953014 0.5893836 0.5837144 0.5846761
