trunk/projects/spp-inf/Species/species4.asc
ncols         649
nrows         555
xllcorner     294205
yllcorner     6283604.6
cellsize      0.200
NODATA_value  -9999
[rows 420 to 449 of 555, columns 204 to 271 of 649]
0.6769002 0.7148253 -9999 0.7317001 -9999 0.6629829 -9999 0.7333149 -9999 -9999 0.5735447 0.56438 0.532963 0.5478649 0.5900773 0.6360705 0.7021104 -9999 0.6361772 0.6360655 0.6783931 -9999 0.7435244 -9999 -9999 0.7325193 0.7341789 -9999 0.6174271 0.5442156 0.5104815 0.5132821 0.5095855 0.5102214 0.5677094 0.5501003 0.5558255 -9999 -9999 0.6463476 0.5899824 0.5539258 0.5334351 0.4875503 0.5205398 0.5090399 0.4934554 0.5063776 0.4854175 0.478692 0.5025641 0.5087975 0.477226 0.4677051 0.4762344 0.4965886 0.4948435 0.5041274 0.4903396 0.471619 0.4603483 0.4791927 0.4970099 -9999 -9999 -9999 -9999 -9999
0.6591042 0.6684844 -9999 -9999 -9999 -9999 -9999 0.7296214 -9999 0.6310039 0.5728332 0.54952 0.5365382 0.5455473 0.5714934 0.641789 0.6611471 -9999 0.6318747 -9999 -9999 0.7360904 0.7477933 -9999 0.7296904 0.7238164 -9999 -9999 0.6755692 0.6327116 0.5919333 0.5514828 0.5197259 0.5161673 0.5485595 0.5046462 0.5276925 0.5601019 0.56904 0.5529844 -9999 0.6736295 0.5545549 0.5129387 0.4973302 0.5298899 0.5400101 0.4959571 0.4802485 0.4800681 0.4892673 0.5186071 0.4920085 0.4703788 0.4703498 0.4722417 0.4743424 0.5067551 0.4810276 0.4576438 0.457211 0.4825731 0.4649876 0.4942689 0.4878708 0.4723845 -9999 -9999
-9999 -9999 0.6648889 -9999 -9999 -9999 -9999 0.6652699 0.6645761 0.6363413 0.5841452 0.5499225 0.5365382 0.5601735 0.5863336 0.6367787 0.6488903 0.642448 0.6221783 0.6270002 -9999 -9999 0.7432079 -9999 0.7288046 0.7183926 -9999 -9999 -9999 -9999 0.6434169 0.6191761 0.5565466 0.5134303 0.5211345 0.5023692 0.520348 0.5546749 0.5364951 0.5377175 0.558092 0.6479351 0.5828428 0.5427402 0.5264884 0.5174267 0.5328654 0.5077361 0.4802481 0.4858818 0.4797719 0.5135609 0.5025555 0.4828537 0.4681269 0.469447 0.465172 0.4851126 0.4645452 0.468919 0.4549854 0.465922 0.4735298 0.500021 0.4864998 0.4842772 -9999 -9999
-9999 -9999 -9999 0.6563845 -9999 -9999 -9999 0.6575401 0.6613162 0.639214 0.5714716 0.5449951 0.5379687 0.5681081 0.5813248 -9999 -9999 -9999 0.6105502 -9999 -9999 -9999 0.7374603 0.7408424 0.7312064 0.7189784 0.65013 -9999 -9999 -9999 -9999 -9999 0.6045962 0.5617512 0.5486076 0.5274693 0.5083704 0.5065219 0.5155017 0.5619385 0.560402 0.5783294 0.676322 0.5958077 0.5427625 0.5165001 0.5378897 0.5274495 0.5132217 0.5078794 0.4770932 0.5070887 0.5330079 0.5175092 0.4914053 0.4654767 0.4693472 0.4635429 0.460821 0.4817136 0.4629313 0.4639736 0.4859988 0.5275485 0.5089261 0.4991232 -9999 0.5928332
0.6905321 0.7351871 -9999 0.6530178 0.647951 0.6428683 -9999 0.6474617 -9999 0.5777997 0.5560781 0.5391591 0.5404675 0.5760164 0.58552 0.6417933 0.6453895 -9999 0.5921756 0.601096 -9999 -9999 0.7313849 0.7381652 0.7382132 -9999 -9999 -9999 0.6378089 0.6384971 0.6213655 0.6044338 0.5520805 0.5281162 0.5432201 0.5448763 0.5080101 0.5017028 0.5138775 0.5581747 0.5589784 0.5594406 0.5804005 0.6514483 0.5921374 0.538231 0.5258801 0.54651 0.5554357 0.5150822 0.476316 0.5006034 0.5392187 0.5030797 0.4724265 0.4693682 0.4742923 0.472788 0.464076 0.488458 0.4752523 0.4719259 0.4943054 0.5965217 0.6124602 0.6021025 0.5988381 0.5983191
0.7068605 0.7386487 -9999 -9999 0.654862 0.6411691 0.6096362 0.5871553 0.575107 0.5600806 0.5377597 0.5324845 0.5455472 -9999 -9999 0.6424044 0.6487947 -9999 0.5854292 0.6197783 -9999 0.6650413 0.6503054 0.7304145 0.7359836 -9999 0.7179658 0.7152308 -9999 -9999 0.5738069 0.5268691 0.5068314 0.5120994 0.5338483 0.5434535 0.5321801 0.5079183 0.5155032 0.5360626 0.5333318 0.5310469 0.5387263 0.5880117 0.6267447 0.540435 0.5124919 0.5666398 0.5851338 0.5227416 0.485733 0.493128 0.52871 0.5167718 0.4796292 0.4771337 0.5105354 0.4935241 0.4824189 0.5037439 0.482718 0.4935853 0.4994297 0.5258967 0.6074387 -9999 0.6009698 0.5002994
-9999 0.7067266 0.7032677 -9999 -9999 -9999 -9999 0.6099269 0.570203 0.5509406 0.541573 0.537968 0.5585865 0.6017748 0.6380314 0.6439554 0.6501027 -9999 0.5921756 0.5799748 0.6114367 0.6338953 0.6493838 0.7282572 0.7444269 0.7383003 0.722602 -9999 0.6806684 0.6396047 0.624051 0.5578849 0.5126091 -9999 0.514939 0.5321808 0.5411771 0.5406358 0.5088429 0.5112188 0.5141141 0.5161695 0.5489414 0.59129 0.5808433 0.5544362 0.529436 0.5368062 0.5974201 0.5451834 0.529626 0.4821981 0.5198326 0.5191979 0.4928393 0.4950638 0.5223845 0.48993 0.4956565 0.5198829 0.5110331 0.498703 -9999 0.6141133 0.61151 0.6089737 -9999 0.4863944
-9999 0.6706411 0.6703774 -9999 0.6618725 0.6507488 0.6123709 0.5919628 0.5674438 0.5571097 0.5358524 0.5354586 0.5566741 0.6017748 0.6320328 0.6394472 0.6504414 0.6410254 0.6141279 0.5775334 0.5887223 0.6312232 0.6450546 0.7250819 0.7356951 0.735526 0.7357333 -9999 -9999 0.6437914 -9999 0.5911519 0.5219383 0.5396491 0.5225796 0.5095578 0.5328946 0.5377814 0.5072199 -9999 0.5475166 0.5433475 0.5625708 0.5538142 0.6542051 0.6162857 0.578657 0.5586821 0.5432248 -9999 0.553259 0.5217416 0.5114492 0.5598392 0.5453786 0.5167487 0.5427269 0.5350175 0.513895 0.5241892 0.5394374 0.6086927 -9999 0.6168362 0.6156679 -9999 0.5888398 0.5006116
-9999 -9999 -9999 -9999 0.6531736 0.6340886 0.5995498 -9999 -9999 0.5592425 0.5369772 0.5348081 0.5509369 0.5795269 0.6117414 0.6411095 0.650756 0.6476135 0.6348436 0.5702081 0.5577136 -9999 -9999 0.681107 0.7269442 0.7392035 0.7454369 -9999 -9999 -9999 -9999 0.6218829 0.5360101 0.5158997 0.5542515 0.536347 0.5120677 0.518108 0.518903 0.5060701 0.5174285 0.5305964 0.5548331 0.5608861 0.6582397 -9999 -9999 0.626502 0.673409 0.670669 0.6393349 0.5592794 0.5296601 0.5948291 -9999 0.5262977 0.5443503 -9999 0.5718995 0.5126997 -9999 0.6328822 0.626233 0.6195891 0.6277785 0.6225799 0.6145792 -9999
0.6781215 -9999 0.6513206 0.6403878 0.6195838 0.5922654 -9999 -9999 0.5442084 0.5513375 0.5341049 0.5319471 0.5426124 0.5623716 -9999 0.64575 0.6540181 0.6567515 0.6412838 0.5861101 0.556847 0.5661802 -9999 0.6566243 0.7143908 -9999 -9999 0.7401067 -9999 -9999 -9999 0.6272794 0.5605897 0.5196875 0.5419908 0.5715731 0.5357103 0.5283149 0.5185651 0.5244229 0.5613511 0.5753605 0.5827878 0.5818328 0.6370474 0.5570639 0.5581838 -9999 -9999 0.5456117 0.5397602 0.6130629 0.6329437 0.6491109 0.6593925 0.6096587 0.5594963 0.6513423 -9999 0.6421071 0.6354978 0.6328518 -9999 0.6277125 0.5255368 0.6199203 -9999 -9999
0.6733365 0.6719126 0.6626946 0.6500428 0.6154525 -9999 0.5712984 -9999 0.5342682 0.5384665 0.5374022 0.5362402 0.5498316 0.5772509 0.6225373 0.6470661 -9999 0.6548036 0.6300864 0.5936791 0.5557212 0.5571155 0.577498 -9999 -9999 0.6860532 -9999 -9999 0.7373328 0.7253012 0.6453995 -9999 -9999 0.5359326 0.5183435 0.5598562 0.5734894 0.5782458 0.5714827 0.5605202 0.5730653 0.5832824 0.5813742 0.5718972 0.551901 0.5692914 0.5725304 0.5884027 0.5519528 0.5262693 0.5625247 -9999 -9999 0.6345412 0.620018 -9999 -9999 0.6526719 -9999 0.6195059 -9999 -9999 -9999 0.5043461 0.5232513 0.5710744 -9999 -9999
0.6636688 0.6706426 0.6716403 -9999 0.6286622 0.5839041 0.5684782 0.5389434 0.5404145 0.5420834 0.5405532 0.5458646 0.5480075 0.5595008 0.5865804 -9999 0.6469309 0.64244 0.5685818 0.5537611 0.5466575 0.5469295 0.5690464 0.6161677 0.6414741 0.6536512 0.7275859 -9999 0.7283225 0.7264444 0.6504542 0.6421712 0.5907191 0.5556759 0.518663 0.5373973 0.5716112 0.5709493 0.5758405 0.5871541 0.572551 0.5334749 0.5562756 0.5346228 0.5312684 0.5608109 0.5649146 0.5565037 0.5218373 0.5236921 0.5530085 0.5494198 0.5424849 0.5401889 0.5512384 0.570912 -9999 -9999 -9999 0.5329921 0.5199038 0.5296975 0.584762 0.5811265 -9999 -9999 0.6200154 0.6107547
0.6628718 -9999 0.6727729 0.6582134 0.6446561 0.6013566 -9999 0.5332206 0.5520453 0.5426925 0.5573673 0.5670816 0.571456 0.5671138 0.5844826 0.6081468 0.6332095 0.5866384 0.5706761 0.5457036 0.5444322 0.5466222 0.5544439 0.6302361 0.642562 -9999 0.6490488 -9999 -9999 -9999 0.6687338 0.6413009 0.6191297 0.5979809 0.5268269 0.5192293 0.5202804 0.5215615 0.5497987 0.5460525 0.5387471 0.5075349 0.5202124 0.5025138 0.5355855 0.5713146 0.549201 0.5093331 0.5251568 0.5504393 0.5514688 0.5346658 0.5114205 0.5170292 0.5474696 0.5526889 0.5324129 0.5302024 0.5235438 0.5093373 0.5083984 0.524244 0.5587181 0.5215622 0.5063769 0.4930964 -9999 0.6175131
0.6662322 0.6782198 0.6690814 -9999 -9999 -9999 -9999 -9999 0.5462034 0.5413267 0.5546274 0.5634091 0.5798857 0.5927789 0.6134166 0.5983553 0.5840003 0.5704878 0.5487303 0.5420449 0.5502214 0.5664742 0.5782437 -9999 0.6165729 0.6357258 0.6469848 0.677154 0.7248927 -9999 0.6504542 0.6419704 0.6412034 0.6262799 0.5608296 0.5345551 0.5180705 0.5096762 0.5138006 0.5133057 0.5141087 0.5149899 0.5069208 0.5280601 0.5553255 0.5755367 0.5613446 0.5023463 0.5200354 0.5121053 0.5177114 0.4951642 0.5215007 0.5079835 0.5115374 0.5217726 0.4997933 0.5256565 0.5035638 0.5064456 0.5133448 0.5540045 0.5367273 0.5161504 0.511664 0.5017252 -9999 -9999
0.6632703 0.6587134 0.6597424 -9999 -9999 -9999 -9999 0.5418011 0.5696952 0.5500516 0.5385364 0.5608696 0.5793921 0.5934819 0.6265622 0.5975146 0.5750064 0.54347 0.5382571 0.5574783 0.5707242 -9999 0.6059948 0.6307425 0.62949 0.6385285 0.6514288 0.7015982 0.7288299 0.7274013 0.6504542 0.6550843 0.6723068 0.6324524 0.562802 0.5389042 0.5166352 -9999 0.5187733 0.5249982 0.5216091 0.5307572 0.5590441 0.5729768 0.5786982 0.5330039 0.5614411 0.5229677 0.4932408 0.4966632 0.4912817 0.490893 0.4982544 0.494076 0.4781664 0.4998809 0.4862508 0.5011716 0.4924778 0.5427979 0.5294256 0.55017 0.4993995 0.5038488 0.492019 0.5237641 -9999 -9999
0.6628718 0.6569132 -9999 0.6232513 0.6485158 0.6116941 0.5689408 0.5525115 0.5464668 0.5641505 0.5654995 0.5454632 0.554839 -9999 0.5975705 0.568094 0.5522741 0.5352167 0.554027 0.5817364 0.5886791 -9999 -9999 0.6466709 -9999 0.6418454 0.6488951 0.6599976 0.7295721 0.7319401 0.7273869 0.7125842 0.6761212 0.6337851 0.559954 0.5312662 -9999 0.5174194 0.5221149 0.5107747 -9999 -9999 0.5551234 0.5301806 0.5299729 0.5061983 0.5272277 -9999 0.4945669 0.500851 0.5041627 0.5053678 0.4864324 0.5021012 0.4854328 0.5090436 0.4935557 0.5315369 0.5388156 0.5356478 0.5359161 0.5242594 0.5099568 0.5067563 0.4953612 0.5132274 0.5768912 -9999
-9999 -9999 -9999 0.6009905 0.6052946 0.6021876 0.5509579 0.5429631 0.5513383 0.5449513 0.5743771 0.540391 0.5533006 0.5764158 0.5865788 0.5585437 0.5329186 0.5441849 0.558692 0.5866267 0.6136687 -9999 -9999 0.6516641 0.6535403 0.6495048 0.6506312 0.6632944 0.7303869 0.747451 0.7322043 0.7253053 0.6600994 0.6351143 0.5698646 0.5487427 0.5410816 0.534684 0.5237663 0.5250081 0.5083376 0.5073992 0.5172005 0.5104389 0.5055243 0.5057479 0.5114186 0.5272848 0.506344 0.5022886 0.5073606 0.4908096 0.4965494 0.4911381 0.4848437 0.5077026 0.5137544 0.5332766 0.5311882 0.5394636 0.5328031 0.5191271 0.4946035 0.5024211 0.5231537 0.551351 -9999 0.6310059
-9999 0.6522166 0.6081182 -9999 0.5959597 0.5853776 0.5498471 0.5542049 0.5456828 0.5615331 0.5646113 0.542967 0.5701271 0.5783812 0.5638062 0.5492085 0.5350621 0.5631561 0.5785797 0.5855634 0.6261456 0.6487243 -9999 -9999 -9999 0.6612016 0.6598775 0.6837654 0.7391945 0.7430794 0.7444303 0.7374754 0.6888338 0.6465699 0.6336069 0.5750891 0.5687648 0.553578 0.5452963 0.5449539 0.5337889 0.5283409 0.5217737 0.515407 0.5239596 0.5307794 0.5357915 0.5088887 0.500239 0.5021541 0.5091965 0.5281668 0.4930223 0.4848789 0.5111036 0.4988904 0.509425 0.5194353 0.5394455 0.547082 0.5399612 0.5079764 0.492186 0.4908752 0.5231569 -9999 -9999 0.631121
0.6577102 -9999 0.6074739 -9999 -9999 -9999 0.5579616 0.5448973 0.5888608 0.5800701 0.5611383 0.5558268 0.5763831 0.5777967 0.5462691 0.5364915 0.5500497 0.5606372 0.5759273 -9999 -9999 0.6586231 0.664306 0.666925 0.6582568 0.6619377 0.6633227 0.7250181 -9999 0.7408056 0.7368622 0.7328017 0.6716386 0.6472532 0.63311 0.6312592 0.6304314 0.6073034 0.5792923 0.5572011 0.5522165 0.5438234 0.5353522 0.5331786 0.5555955 0.5554436 0.5430446 0.527687 0.5105913 0.4981898 0.4979462 0.5425289 0.4964982 0.4899544 0.5096285 0.529664 0.5271665 0.5473314 0.5520742 0.5527774 0.5248244 0.5184907 0.4921857 0.5126852 0.5217181 0.5151719 0.5019194 -9999
-9999 -9999 -9999 -9999 -9999 -9999 0.5676918 0.5504788 0.5622525 0.5871003 0.549023 0.551163 0.5655284 0.5609161 0.5526687 0.5434434 0.5579604 0.5716367 0.5885166 0.6246095 0.6442625 0.6543257 0.6597865 -9999 0.642562 0.6458044 0.6540358 0.6570573 0.6600839 0.6941218 0.7255508 0.7271564 0.6722882 0.6472532 0.630044 0.6231889 0.6237042 0.6071581 0.578721 0.5638723 0.5516477 0.5538008 0.5447331 0.5385283 0.5595827 0.5447762 0.5372315 0.5361426 0.5365995 0.5078548 0.5047479 0.5514998 0.5161794 0.5256093 0.5276168 0.5470043 0.5614125 0.5556833 0.5546796 0.533215 0.5150996 0.5108469 0.4890445 0.484756 0.5006211 0.527585 0.5164042 -9999
0.6639875 0.6697593 0.6725354 0.6641077 -9999 -9999 0.5852168 0.5546235 0.5552527 0.6047978 0.5452268 0.5561419 0.5483177 0.5467913 0.5700439 0.5493945 0.5586711 0.5789462 0.591395 -9999 -9999 0.6434627 0.6392533 -9999 -9999 0.6357263 0.6437894 0.6492379 0.6535997 0.6586084 0.7010226 0.7261865 0.6901283 0.652489 0.6342759 0.628577 -9999 0.5751429 0.5693946 0.5579185 0.5448075 0.5422677 0.540451 0.5297595 0.5321615 0.5366445 0.531351 0.5170512 0.5206581 0.5123529 0.5000409 0.5264534 0.5491496 0.5565251 0.5701224 0.5681213 0.5642361 0.5556686 0.5396562 0.5291711 0.5179815 0.4845394 0.4736037 0.4698853 0.5164357 0.5135071 0.5332615 0.5267128
0.6648342 0.6911328 0.6665521 0.6615558 -9999 -9999 0.5705133 0.5487124 0.5463774 0.5915472 0.555029 0.551163 0.5433862 0.5778943 0.5668854 0.5545438 0.5725543 0.5773993 0.5871175 0.5842484 -9999 -9999 -9999 -9999 -9999 -9999 -9999 0.6424387 0.6624516 0.6871567 0.7278414 -9999 0.6759642 0.6576883 0.6369407 0.6309225 0.6025818 0.5679378 0.5488464 0.5391527 0.5267708 0.5293405 0.5331157 0.5240196 0.5163765 0.5252759 0.5176911 0.5051041 0.5162591 0.5183136 0.5005677 0.5175592 0.5372726 0.5313365 0.5273834 0.534925 0.5623474 0.5542464 0.5473526 0.5021016 0.5136489 0.5069836 0.4952292 0.4885858 0.4833299 0.50718 0.5221484 0.5050203
0.6606925 -9999 -9999 0.6064956 0.6011649 0.5971447 0.5897818 0.5515597 0.557833 0.5828602 0.5489047 0.5487636 0.5639819 0.5789788 0.5456216 0.5629575 0.5654399 0.5602323 0.5525411 0.5649717 0.5687432 0.5836498 0.5842188 -9999 -9999 -9999 -9999 0.6555427 0.6650196 0.7111237 0.7297946 -9999 0.7278057 0.6921218 -9999 0.6282393 0.613456 0.5792993 0.5625919 0.532395 0.5222464 0.5267808 0.5194176 0.5125328 0.5042803 0.5060026 0.5114717 0.5030068 0.5176946 0.5231237 0.4969726 0.5011528 0.4929622 0.5174239 0.5197083 0.5570515 0.5623501 0.5499671 0.5563362 0.5541958 0.5415978 0.5485587 0.5415304 0.5060058 0.4813891 0.5202959 0.5201592 0.5305554
-9999 -9999 -9999 0.6123757 0.6187023 0.6071519 0.5872689 0.5536414 0.5749443 0.5936401 0.5905261 0.5898039 0.5848637 0.5768918 0.5512327 0.5551422 0.5490777 0.5494883 0.569822 0.6148067 -9999 0.5933993 0.6397685 -9999 0.6377438 0.6389617 0.6459681 0.6555427 -9999 -9999 -9999 0.6824119 0.6478033 0.6493047 0.6476868 0.6430597 -9999 0.6039837 0.5731037 0.5527921 0.5234343 0.5358577 0.5593333 0.5163693 0.5104958 0.5415577 0.5397236 0.5023476 0.5119481 0.5252786 0.5084747 0.4931248 0.4942653 0.4998261 0.5517816 0.5700219 0.6042088 0.5986452 0.5916747 0.5721382 0.5432982 0.5442817 0.5443699 0.51646 0.506866 0.4998313 -9999 0.5137063
0.6645535 -9999 -9999 -9999 -9999 0.6074525 0.5895065 0.5521603 0.5469861 0.5637375 0.5764726 0.5998582 0.5862838 0.6006032 0.5898994 0.5696875 0.560762 0.5580974 0.5910029 0.6231584 -9999 -9999 -9999 -9999 -9999 -9999 0.6461199 0.6503281 0.6551133 -9999 0.6582562 0.6481809 0.6398885 -9999 0.6331069 0.6208619 0.6208498 0.6277847 0.5759059 0.5520848 0.5291775 0.517924 0.5490707 0.5631252 0.5250552 0.5409889 0.546155 0.5021529 0.5105107 0.5209736 0.4997815 0.4987275 0.5257823 0.5421175 0.5577705 0.5714021 0.5749476 0.5622799 0.5598818 0.5644904 0.5800501 0.5602773 0.5386559 0.5368574 0.5228861 0.4767874 0.5175939 0.5137699
-9999 0.6521964 0.662832 -9999 -9999 -9999 0.6021678 0.565717 0.5643377 0.5783327 0.5862995 0.5785386 0.5706751 0.5487945 0.5769355 0.5450627 0.5461707 0.5667869 0.5993193 0.6175278 -9999 -9999 -9999 -9999 -9999 -9999 -9999 -9999 -9999 0.6642059 0.6534619 -9999 -9999 0.5781533 -9999 0.5749151 0.5714185 0.5820072 0.5773133 0.559188 0.5404053 0.5221696 0.5361191 0.5779513 0.5760927 0.5469716 0.5724697 0.516262 0.5039662 0.5126176 0.5026579 0.4931845 0.4975299 0.5036907 0.53406 0.5749208 0.5698926 0.567947 0.5612983 0.5702763 0.5651959 0.5471479 0.5491216 0.5445189 0.5063736 0.4998469 0.5307533 0.5137699
0.6087058 0.6215091 0.6579311 -9999 -9999 -9999 0.5907288 0.5603567 0.5746331 0.5846407 0.5869918 0.5622443 0.5514466 0.551913 0.5504788 0.5528299 0.5682656 0.5829187 -9999 -9999 -9999 -9999 -9999 -9999 -9999 -9999 -9999 0.6684142 0.6829741 0.7132876 0.6532394 0.639523 -9999 0.5608552 0.5582665 0.5568323 0.5385371 0.5411199 0.5483294 0.5536423 0.5509239 0.5314901 0.5130873 0.5427469 0.6009303 0.5579581 0.598053 0.556061 0.5059278 0.5087593 0.4969726 0.4995956 0.4943994 0.4891006 0.519851 0.4990267 0.5450044 0.5684128 0.5598818 0.5846992 0.5470903 0.5500157 0.5458039 0.5435464 -9999 -9999 -9999 0.5165201
0.5915624 0.6125016 -9999 -9999 0.6415421 0.599173 0.5693925 0.5500299 0.5683157 0.5958525 0.5757887 0.5512192 0.555503 0.5582985 0.5658534 0.5778111 0.5792153 0.5810778 -9999 -9999 -9999 -9999 -9999 -9999 -9999 -9999 0.6667248 0.6719465 0.7006534 0.6642059 0.6480237 0.630255 0.5867309 0.5545798 0.548937 0.5345464 0.5324134 0.51961 0.5267951 0.5354934 0.5391998 0.5400779 0.5245159 0.5212618 0.5934721 0.5963632 0.5759644 0.5137787 0.5084144 0.5072473 0.5215745 0.5302002 0.4985793 0.5015807 0.5107068 0.4963462 0.5506326 0.5641725 -9999 0.5846992 0.5833106 -9999 -9999 0.5445189 0.5331786 -9999 0.5249102 0.5537415
0.585991 0.5947052 0.6112604 0.6454358 0.6313252 0.572072 0.5622446 0.5494384 0.5808144 0.5807343 0.5779065 0.5540613 0.5561259 0.5554546 0.5747882 0.5953409 -9999 -9999 -9999 -9999 -9999 -9999 -9999 -9999 0.6634095 0.660211 0.6567106 0.6660699 -9999 -9999 0.6401023 0.6025855 0.5799506 0.5648899 0.5714755 0.5309609 0.5224395 0.525018 0.5297015 0.525389 0.5249986 0.5192974 0.5152429 0.5747133 0.5880958 0.6067522 0.561368 0.5043097 0.5041007 0.5058842 0.5294425 0.5923833 0.553318 0.5341983 0.5841969 -9999 -9999 -9999 -9999 -9999 0.5847089 -9999 -9999 -9999 -9999 -9999 0.5657265 0.5560904
0.5775929 0.5846972 0.6108567 0.6382185 0.6404784 0.5769904 0.5560225 0.5603278 0.5878147 0.5958558 0.5838937 0.5548238 0.5546454 0.5555773 0.5723107 -9999 0.6086118 0.6457735 0.6504118 0.660992 0.6632676 -9999 0.6757529 -9999 -9999 -9999 0.6461175 -9999 -9999 -9999 -9999 0.5891311 0.5831467 0.5819811 0.5651191 0.5374062 0.5224999 0.5516664 0.5799553 0.5860336 0.5928648 0.5852306 0.5575254 0.5899546 0.616643 0.6476352 0.5851818 0.5328013 0.5054039 0.5066033 0.5294335 0.5834687 0.5804556 0.5751958 -9999 -9999 -9999 -9999 0.5930707 -9999 -9999 -9999 -9999 -9999 -9999 0.568452 0.5657265 -9999
