trunk/projects/spp-inf/Species/species1.asc
ncols         649
nrows         555
xllcorner     294205
yllcorner     6283604.6
cellsize      0.200
NODATA_value  -9999
[rows 180 to 209 of 555, columns 340 to 407 of 649]
0.03525651 0.03060719 0.0234974 0.02291768 0.02684562 0.02295364 0.01597228 0.02250762 0.03146407 0.04808775 0.04790082 0.05587295 0.0645944 0.05581255 0.05693244 0.0890274 0.1006862 0.1154077 -9999 0.1278685 0.1293156 0.1287825 0.1533466 -9999 -9999 -9999 -9999 -9999 0.07238019 0.06302267 0.0549009 0.0615678 0.07661216 0.07873421 0.07597034 0.07423274 0.07183208 0.07131444 0.05695848 0.04708887 0.04824852 0.04583848 0.04619617 0.04646302 0.04547439 0.03935377 0.03865286 0.04133218 0.04440785 0.04488904 0.04513749 0.04746258 0.05197634 0.06632795 0.08244789 0.09658038 0.1161394 0.1662524 -9999 -9999 -9999 0.1927031 -9999 -9999 -9999 -9999 -9999 -9999
0.03479521 0.02620571 0.01655605 0.01628763 0.02122946 0.02106149 0.01812708 0.02345781 0.0291575 0.04276988 0.06144474 -9999 0.07459898 0.07688794 0.06264928 0.06698368 0.08516667 -9999 -9999 0.1450791 0.1502714 0.1489891 0.1573081 -9999 -9999 -9999 -9999 -9999 0.1015902 0.07762626 0.06071445 0.06097357 0.06052796 0.06448936 0.06898849 0.08301445 0.08365376 0.08079098 0.07383823 0.05968103 0.0625883 0.05237006 0.04841812 0.04781624 0.04541922 0.04480405 0.04750315 0.04746761 0.04450769 0.042239 0.04629783 0.04807871 0.05895449 0.07075393 0.083606 0.09786231 0.154401 0.1664283 -9999 0.1922155 0.157306 -9999 -9999 -9999 0.2421895 0.2381086 -9999 -9999
0.03172694 0.01931116 0.01665147 0.01986815 0.01796865 0.01916263 0.02203961 0.02815108 0.03562323 0.05029771 0.06507832 0.0705201 0.08017782 0.08503626 0.08914375 0.08798156 -9999 0.1251895 0.1282022 0.1601173 0.1611747 0.1615428 -9999 -9999 -9999 -9999 -9999 0.1272525 0.09600382 0.07960969 0.07125372 0.06530704 0.0675255 0.06719294 0.09058922 0.09435251 0.08873861 0.0832248 0.09217078 0.0819575 0.0733124 0.06553682 0.0709049 0.05322023 0.05211281 0.05833516 0.06152101 0.05062975 0.04925441 0.04874012 0.05251464 0.04875449 0.06401247 0.07369253 0.09289806 0.1324679 0.139223 0.1289158 0.1398526 0.1436211 0.1463595 -9999 -9999 -9999 0.2482522 0.2387913 -9999 -9999
0.02661541 0.01681184 0.01950231 0.02539505 0.02617092 0.02176735 0.02271448 0.03100955 0.03917017 0.05118501 0.06096103 0.06249037 0.06934433 0.08905227 0.09608881 0.1121418 -9999 0.1252562 0.1304464 0.1620533 0.163761 0.1655302 -9999 -9999 -9999 -9999 0.1351864 -9999 0.08789 0.08252227 0.08248648 0.08066925 0.0764233 0.08677143 0.09280754 0.08413082 0.09902005 0.09485526 0.1032189 0.09816029 0.09511725 0.08505101 0.07954277 0.06098608 0.05988237 0.0721541 0.0822983 -9999 0.06035052 0.05510635 0.06875463 0.06108072 0.06775126 0.07757121 0.08742557 0.1075623 0.1130127 0.1236652 0.1342372 0.1466145 0.1899889 -9999 -9999 -9999 -9999 -9999 -9999 -9999
0.02307398 0.01511845 0.02020645 0.03048577 0.03608287 0.0272566 0.02566114 0.02951537 0.03746236 0.04359044 0.05053867 0.05667719 0.06223735 0.07938097 0.08907592 0.1096694 0.121369 0.119223 0.1362015 0.1388967 0.1399592 0.1718241 0.1719684 0.1727009 0.1696839 -9999 0.1393437 0.1120528 0.08915834 0.09016559 0.1206788 0.095271 0.08349551 0.07918147 0.08510031 0.1063982 0.1179892 0.1108751 0.1122465 0.1081683 0.1109887 0.09219986 0.0779954 0.06953542 0.06863257 0.07632479 0.1080833 0.07488256 0.06971811 0.07366847 0.07925321 0.09446771 0.0784492 0.08212191 0.09010583 0.09990336 0.1112546 0.1240187 0.1395615 0.16373 0.20974 -9999 0.2258598 -9999 -9999 -9999 -9999 -9999
0.01504792 0.01517513 0.0216774 0.03413188 0.04282283 0.03893773 0.03302692 0.02970544 0.03578223 0.04716339 0.06581464 0.09418733 0.0951752 0.1035761 0.09820294 0.1037252 0.1037509 0.121247 0.1433605 0.1457359 0.1561991 0.1759936 0.1767845 0.176528 -9999 -9999 -9999 0.1118256 0.09019176 0.1022011 0.1454107 0.1286683 0.1044991 0.09347829 0.1186687 0.1222868 0.117662 0.1378734 0.1499364 0.1257978 -9999 0.1054294 0.08396666 0.0831465 0.0780713 0.0951758 0.1074484 0.1084915 0.08487087 0.08579876 0.1081986 0.109326 0.09146923 0.08903923 0.09684992 0.1058465 0.1141338 0.1223494 0.1302625 0.1477685 0.2039094 0.2234192 -9999 -9999 -9999 -9999 -9999 -9999
0.01735349 0.01747547 0.02292089 0.0294777 0.05189059 0.04896356 0.03821735 0.03749887 0.04206027 0.05601382 0.07088469 0.1021249 0.1094 0.1179315 0.1234509 0.1315044 0.1243093 0.1409617 0.1628436 0.1800444 0.1812934 0.1810563 -9999 -9999 -9999 0.1497864 0.1486305 0.1110937 0.1075871 0.1095457 0.1391141 0.1525632 0.1336924 0.1005092 0.09670374 0.1298559 0.1447079 -9999 0.1610508 -9999 -9999 -9999 -9999 0.122575 0.107304 0.09131371 0.1070567 0.1308051 0.116346 0.09986413 0.1295687 0.1322213 0.1148686 0.09784761 0.1045083 0.1117015 0.118202 0.1245322 0.1302508 -9999 0.190499 0.1467865 -9999 -9999 -9999 -9999 -9999 -9999
0.02137858 0.02237506 0.02360488 0.0339609 0.04920582 0.05441635 0.05077516 0.04457384 0.04425232 0.05742936 0.06904104 0.08345588 0.1190066 0.1248326 0.1486461 0.1661924 0.156236 0.1604874 0.1812347 0.1833653 0.1847111 0.1862087 -9999 -9999 -9999 0.1533501 0.1522513 0.1527084 0.1538248 0.1535121 0.1562738 0.1572946 0.134473 0.118036 0.1094548 0.1438627 -9999 -9999 0.1753203 -9999 -9999 -9999 -9999 0.1594004 0.1636979 0.1253671 0.1498119 0.15057 0.1487713 0.1647844 0.1620217 0.1461521 0.1306053 0.1128183 0.1127302 0.1181102 0.1218631 0.1297436 0.1740588 0.1686313 0.1637126 -9999 -9999 -9999 0.2251588 0.2259008 -9999 -9999
0.02373391 0.03090439 0.02827794 0.02768566 0.04458239 0.06012615 0.07074459 0.06067997 0.05063188 0.0602404 0.06899958 0.09359923 -9999 0.13442 0.138787 0.1577252 0.175795 0.1797298 0.1833481 0.1856582 0.1876089 0.1903908 0.1918782 -9999 -9999 -9999 -9999 -9999 -9999 -9999 0.1924534 0.1607555 0.1189056 0.1454684 -9999 -9999 -9999 -9999 -9999 0.201012 -9999 -9999 -9999 -9999 0.1773418 0.1242376 0.1316466 0.1652284 -9999 0.167497 0.1831839 0.1670199 0.1479592 0.1180834 0.1186972 0.121509 0.1372188 0.1390759 -9999 -9999 -9999 -9999 0.1487728 0.22637 -9999 0.2281655 -9999 -9999
0.02859984 0.03855123 0.04168418 0.03425964 0.04064164 0.06101629 0.07447682 0.07630812 0.06103384 0.06518549 0.07639703 0.08809654 0.1279371 0.1345316 0.1555787 0.1684443 0.1792558 0.1816658 0.1847255 0.1870765 0.189566 0.1913208 0.1927144 -9999 0.1941189 0.1942758 0.1942911 -9999 0.1961887 0.1937162 -9999 0.1654197 0.142675 0.1673594 0.1764674 0.1859691 -9999 -9999 -9999 0.2086266 -9999 -9999 -9999 -9999 -9999 -9999 -9999 0.1454225 0.1351181 0.1818928 0.2079732 0.1821591 0.1599749 0.1222344 0.1246564 0.126918 0.1297857 0.1318365 -9999 -9999 -9999 0.1916249 0.2250918 0.2264815 -9999 -9999 -9999 -9999
0.02726286 0.03503228 0.04492499 0.04860173 0.04710357 0.0598703 0.0740332 0.08439378 0.07082997 0.0655648 0.08086957 0.09240277 0.1276427 0.133795 0.1393998 0.1545756 0.1496239 -9999 0.1550833 0.1569937 0.1586467 0.191543 0.1847548 0.1776508 0.1940494 0.1944405 0.1953484 0.1975126 0.1981978 0.2003003 0.1847258 0.1686559 0.141069 0.1718446 0.1739383 -9999 0.1751786 -9999 -9999 0.2151555 -9999 -9999 -9999 -9999 -9999 -9999 -9999 0.1605111 0.1909855 0.1898898 0.2291674 0.194073 0.1825745 0.1507718 0.1533697 0.1557038 0.1327429 -9999 0.1400805 0.1422411 -9999 -9999 -9999 0.1692492 0.2283072 -9999 0.1543902 0.2368548
0.02600552 0.0298329 0.04306816 0.05380295 0.05870667 0.06478398 0.07290236 0.0854407 0.08256117 0.06270849 0.07104797 0.1107166 0.119788 0.1294079 0.1365266 0.1429864 -9999 0.1519609 0.1697448 0.1573081 0.1587235 0.1676668 0.1607156 0.161516 0.1941371 0.1948316 0.1969645 0.1979017 0.1832877 0.1763465 0.169463 0.1619036 0.125935 0.1338949 0.1681861 0.1874446 0.2111814 -9999 -9999 0.2163202 -9999 -9999 0.2217239 -9999 0.2253196 -9999 -9999 -9999 0.1957563 0.2351353 0.2356438 0.2281709 0.2006888 0.1602413 0.1865639 0.1617709 0.1351373 0.1373889 -9999 0.1532897 0.1637211 0.1463621 0.1475473 0.1676886 0.1689723 0.1582965 0.1537684 0.2340047
0.02614879 0.0340582 0.04161267 0.04734528 0.05867529 0.06518525 0.07183589 0.08777084 0.08028267 0.06633546 0.06311802 0.0785102 0.1039609 0.1332263 0.1414733 0.155675 0.1608191 0.1734657 0.1842765 0.1805821 0.16903 0.1366469 0.14368 0.1615899 0.1947503 0.1958484 0.1975209 0.1985076 0.1835035 0.1684132 0.1438258 0.1382292 0.1260884 0.1432813 0.1731514 -9999 -9999 0.1739257 0.177683 -9999 -9999 -9999 0.2176082 -9999 -9999 -9999 -9999 -9999 -9999 0.2357958 0.2371488 0.201092 0.1585046 0.1576897 0.198956 0.197653 0.1816308 0.1394404 -9999 -9999 -9999 -9999 0.1470769 0.1666069 0.1492325 0.1604736 0.1723254 -9999
0.02508347 0.02916811 0.03120808 0.03507212 0.04401785 0.06104278 0.0721706 0.09088583 0.09049039 0.09467794 0.08340047 0.07616135 0.09745143 0.1248984 0.1574744 0.1677379 0.1740513 0.1808019 0.1864752 0.1884204 0.1896726 0.136362 0.1520465 0.1773418 0.1942091 -9999 0.1970095 0.1987879 0.2000969 0.1428718 0.137213 0.1703098 0.1400887 0.1643124 0.1862976 -9999 0.1693831 0.1700151 -9999 -9999 -9999 -9999 -9999 -9999 -9999 -9999 -9999 -9999 -9999 -9999 -9999 -9999 0.2020661 0.205048 0.2462431 0.2092562 0.2006026 0.139973 0.1512499 0.1609914 -9999 0.1620352 0.1453739 0.1506322 0.1474606 0.1502892 -9999 0.1771037
0.02490057 0.03068652 0.03681546 0.05286416 0.04778434 0.05145656 0.07023662 0.08444802 0.1068567 0.1120169 -9999 0.1177656 0.08639208 0.131085 0.1352181 -9999 -9999 0.1829552 0.1872221 0.1885615 0.189447 0.1900427 0.1585245 0.1590282 0.1842243 0.1947727 0.1959496 -9999 -9999 -9999 0.1684825 -9999 -9999 0.1853446 0.1988864 0.1973179 -9999 0.1602157 -9999 -9999 -9999 -9999 0.1856327 -9999 -9999 -9999 -9999 -9999 -9999 -9999 -9999 -9999 -9999 -9999 0.2425412 -9999 -9999 -9999 0.1838513 -9999 -9999 -9999 0.1366748 0.1447153 0.1361408 0.1338438 0.1624111 0.1769311
0.02736474 0.03351079 0.0421671 0.05830249 0.06435347 0.07075791 0.07894922 0.08994921 0.09132654 0.10671 0.1214426 0.1458179 0.1359137 0.1337566 0.1680407 0.1710863 -9999 0.1832083 0.1871897 0.1883338 0.1889431 0.1788354 0.1574095 0.1575174 0.1800626 0.1935636 0.1958947 -9999 -9999 -9999 -9999 -9999 -9999 0.1966453 0.1958023 -9999 0.1866582 0.1835375 0.1634628 0.1740204 -9999 0.1701797 -9999 -9999 -9999 -9999 -9999 -9999 -9999 -9999 -9999 -9999 -9999 -9999 -9999 0.2417239 0.2450665 0.2098559 -9999 -9999 -9999 0.1396483 0.1369237 0.1288439 0.1348915 -9999 0.1473924 0.1660471
0.02911374 0.03400339 0.0479194 0.06266272 0.06633531 0.073797 0.08300804 0.09108129 0.0969918 0.1122369 0.1174479 0.1510053 0.1584507 0.1643046 0.1686384 0.1724956 0.1771232 0.1807184 0.1862545 0.1882038 0.1887092 0.1885372 0.1883492 0.1886495 0.1904902 0.1936433 0.1957323 0.1968306 -9999 0.1985536 -9999 -9999 -9999 0.1925796 -9999 -9999 -9999 -9999 -9999 -9999 0.1635622 -9999 -9999 -9999 -9999 -9999 -9999 -9999 -9999 -9999 -9999 -9999 -9999 -9999 0.2344074 0.2388702 0.2421032 0.2443541 0.2065669 -9999 0.179001 0.147388 0.1403296 0.1432205 0.1439431 0.1410888 0.1378397 -9999
0.03388143 0.04596593 0.06030027 0.06218666 0.05984247 0.0570986 0.07043454 0.0926828 0.1058169 0.1130514 0.143468 -9999 0.1600549 0.1664845 0.1699833 0.1582888 0.148097 0.1731019 0.1839409 -9999 0.1887633 0.1893806 0.1901393 0.1909422 0.1923398 -9999 -9999 0.1962996 -9999 0.1965685 0.1960426 -9999 0.1934276 -9999 -9999 -9999 -9999 -9999 -9999 -9999 -9999 -9999 -9999 -9999 -9999 -9999 0.1812561 0.1847556 -9999 -9999 -9999 -9999 0.2115956 -9999 -9999 0.2298769 0.237273 0.2392484 0.2401104 0.2045195 -9999 -9999 -9999 0.1418124 0.1622912 0.153421 0.1505263 0.1509402
0.03095327 0.03724486 0.04161106 0.04550906 0.0475161 0.05442709 0.07600205 0.1021472 0.1092718 0.1137332 0.1218805 0.1275026 0.1340961 -9999 -9999 -9999 -9999 0.1645485 -9999 0.1766706 0.1885882 0.1902572 0.1910855 0.1922183 0.1934748 -9999 0.1957394 0.1963778 0.1967947 0.1970575 0.1965897 0.1963911 0.1965833 -9999 0.1910772 0.1901445 -9999 -9999 -9999 -9999 -9999 -9999 -9999 -9999 -9999 -9999 -9999 -9999 -9999 -9999 -9999 0.2051013 0.2074332 -9999 -9999 -9999 0.2107289 0.2337041 0.2341103 -9999 -9999 0.1762687 0.1395358 -9999 0.1867596 0.1570343 0.1373117 -9999
0.02779093 0.0323704 0.03777893 0.03971402 0.05328956 0.06509325 0.08442018 0.09066094 0.08676495 0.1084796 0.1086538 0.09754148 0.1329786 -9999 0.1105227 0.1335212 -9999 0.1608579 0.1528652 0.154526 0.1566636 0.1898178 -9999 0.1920854 0.1933112 0.1942642 0.1959168 0.1966833 0.1972961 0.1983876 0.1990359 -9999 -9999 -9999 0.1937567 0.1907032 -9999 -9999 -9999 0.1710912 -9999 -9999 -9999 -9999 -9999 -9999 0.159406 -9999 -9999 -9999 -9999 -9999 -9999 -9999 -9999 -9999 -9999 -9999 0.1910207 0.1953978 -9999 -9999 -9999 -9999 0.1910879 0.1494175 0.1521294 0.1400477
0.02653269 0.03151803 0.03814923 0.04277203 0.05289271 0.06614293 0.06561317 -9999 0.07013131 0.08401443 0.1236667 0.1274774 0.1329997 0.116818 0.0994949 0.1034164 -9999 0.1440872 -9999 -9999 0.1320205 0.149425 -9999 0.1814229 0.1931687 0.1944951 0.1956542 0.1966241 0.1978008 0.1990451 0.1999618 0.2014465 0.2013365 0.1999586 0.1962617 0.1908739 0.1864525 0.1821636 0.1717995 0.1658837 0.1614504 0.1545517 0.1499676 0.1490392 -9999 -9999 -9999 -9999 -9999 -9999 -9999 -9999 0.1918204 0.1597809 -9999 -9999 -9999 -9999 0.1906365 0.1934681 0.1976941 -9999 -9999 -9999 -9999 0.1495344 0.1519206 -9999
0.02409602 0.03021362 0.03971852 0.04476998 0.05035432 0.05469183 0.05556458 0.06331791 0.06859041 0.1002913 0.09962574 0.09988717 0.1291343 0.1371872 0.1266396 0.12748 0.1509478 0.1522377 -9999 -9999 -9999 0.1335367 0.1341993 0.1916077 0.1927317 0.1941271 0.1952164 -9999 -9999 0.1992559 0.2005475 0.2016737 0.2016751 0.2005584 0.1976739 0.1947135 0.1889014 0.1802618 0.1736584 0.1663107 -9999 0.154662 0.151476 0.1497139 -9999 0.1493778 -9999 -9999 -9999 -9999 -9999 -9999 -9999 0.1592139 -9999 -9999 -9999 -9999 -9999 0.1631028 -9999 -9999 -9999 -9999 0.1568074 0.1490159 -9999 -9999
0.02508768 0.02987066 0.03736771 0.04506677 0.0454415 0.04489008 0.05128682 0.06071914 0.07281454 0.0834829 0.1055926 0.1207295 0.134985 0.1520293 0.1705917 0.1774217 0.1819137 0.1681085 0.1842739 0.1852639 0.1870932 0.1881043 0.1896775 0.1907822 0.1922821 0.1938957 0.1953203 0.1966177 0.198297 0.1992663 0.2004013 0.2015127 0.202125 0.1683856 0.165989 0.1960299 -9999 -9999 -9999 0.170565 -9999 -9999 -9999 -9999 -9999 -9999 -9999 -9999 -9999 -9999 -9999 -9999 -9999 -9999 -9999 -9999 0.1744418 0.1314237 0.1330246 -9999 -9999 -9999 -9999 -9999 -9999 0.1508306 0.152192 0.1753362
0.02710184 0.03139608 0.03913067 0.0447376 0.04628499 0.04649969 0.05605969 0.05688432 0.06654027 0.0728448 0.1113309 0.1422846 0.1610397 0.1662921 0.1706871 0.1763227 0.180106 0.1824888 0.1839146 0.1849375 0.1852722 0.1865109 0.1877246 0.1890753 0.1909979 0.1930854 0.1946835 0.1960713 0.1972179 0.1992548 0.1785287 0.1681202 0.1553576 0.1440269 -9999 -9999 0.1944808 0.1892861 0.1818727 0.1728801 0.1656111 0.1610344 -9999 -9999 -9999 -9999 -9999 -9999 -9999 -9999 -9999 0.1150731 0.133951 -9999 -9999 -9999 -9999 0.1139283 0.1337887 0.1968977 0.2050668 0.2080687 -9999 -9999 -9999 -9999 0.1716345 0.1741942
0.02624985 0.03010684 0.03817216 0.05556099 0.05058562 0.04383542 0.05864017 0.07764152 0.07699566 0.09973866 0.1137447 0.1477333 0.1614801 0.1668618 0.1564883 0.1734813 0.1771303 0.1596226 0.1489961 -9999 -9999 -9999 0.1848756 0.1867774 0.1886443 0.1909692 0.1926904 0.1863822 0.1637753 0.1656198 0.1691922 0.1507381 0.1297003 0.1226351 -9999 -9999 -9999 -9999 0.1848455 0.1750125 0.1689589 0.1640681 -9999 -9999 -9999 -9999 -9999 -9999 -9999 -9999 -9999 0.1051658 0.1076976 0.1112223 0.1178276 -9999 0.1107956 -9999 0.1360437 0.197915 -9999 0.2077412 -9999 -9999 -9999 -9999 -9999 0.1549883
0.02668009 0.02899721 0.03624243 0.04930186 0.04873677 0.04010603 0.0630869 0.08142114 0.09186289 0.1133489 0.1393759 0.1532959 0.1618922 0.1435871 0.1398873 0.1427993 0.1517818 0.1457186 0.1458714 0.1621384 0.1790817 0.1501718 0.1671412 0.1846946 0.1865574 0.1796508 0.1807997 0.1804325 0.1547808 0.1298386 0.1365915 -9999 -9999 -9999 -9999 -9999 0.1653688 -9999 -9999 0.1777331 0.1710926 -9999 -9999 -9999 -9999 -9999 -9999 -9999 -9999 -9999 -9999 0.100655 0.1016793 0.1027347 0.1207657 -9999 -9999 0.117582 -9999 0.1989111 -9999 -9999 -9999 -9999 -9999 -9999 0.1516514 0.1542819
0.0250798 0.02781359 0.03611102 0.04904056 0.04723661 0.03698923 0.04870367 0.06512395 -9999 0.1091343 0.1352762 0.1498166 0.1581898 0.1319635 0.106886 0.1254498 0.1247671 0.1410913 0.1327873 0.1406554 0.1426317 0.143852 0.1481315 0.1807738 0.1821236 0.146292 0.1681754 0.1691632 0.150155 0.1074305 0.1039887 -9999 -9999 -9999 -9999 0.1243723 0.1368861 0.1285758 0.1590381 -9999 0.1753843 -9999 -9999 -9999 -9999 -9999 -9999 0.1048458 -9999 -9999 0.08904178 0.08784635 0.09501752 0.1061089 -9999 -9999 -9999 -9999 0.1394477 -9999 -9999 -9999 -9999 -9999 -9999 0.2276414 0.1629756 0.1544299
0.02703115 0.03080496 0.03765164 0.04399545 0.04827133 0.04082849 0.04325372 0.05449753 -9999 0.1076251 0.1226351 0.1176716 0.1247385 0.1255367 0.1060551 0.08488241 0.09789044 0.09725998 0.09643438 0.1148455 0.1298319 0.1468087 0.1715576 0.1738895 0.1531126 0.1456574 0.1659499 0.1459367 0.1332094 0.09888943 0.1010782 0.09535532 0.1077057 0.1105569 0.111029 0.1331422 0.1248558 0.1099522 0.1040186 -9999 0.1741037 0.1707298 -9999 -9999 -9999 -9999 -9999 0.1043328 0.1063026 -9999 0.09855509 0.08559019 0.09464845 0.09419455 0.0982681 -9999 -9999 -9999 0.1624696 -9999 0.1770028 -9999 -9999 -9999 -9999 -9999 -9999 -9999
0.02792176 0.02957441 0.02758176 0.03974294 0.05033062 0.0558097 0.06335283 0.07090077 0.07690669 0.09236656 0.09874751 0.1013382 0.09555289 0.1025927 0.08228901 0.08669785 0.1143532 0.109268 0.1089423 -9999 0.1507908 -9999 0.1462094 0.138745 0.1305328 0.1465234 0.1368252 0.1390446 0.1222682 0.09839762 0.09152241 0.0908032 0.1118185 0.1233008 0.1236151 0.1393558 0.1710724 0.1506491 0.1444828 -9999 -9999 -9999 -9999 -9999 -9999 -9999 -9999 0.1045221 0.09140088 -9999 0.08800278 0.09090541 0.08096176 0.0808536 0.1049708 -9999 0.1179855 0.1230884 0.1287703 -9999 -9999 0.15603 0.1420129 -9999 -9999 -9999 -9999 0.2338186
0.02764093 0.02999164 0.03125051 0.04606969 0.05074188 0.05726182 0.06301637 0.07111443 0.07383844 0.07492241 0.09399051 0.07580162 0.08629968 0.09416321 0.1046574 0.1206738 0.1231607 -9999 0.1212992 0.1540837 0.1525517 0.1269981 0.1070447 -9999 -9999 0.1291289 0.1278655 0.1080416 0.09993576 0.08944543 0.08845183 0.1038792 0.1342444 0.1664201 0.170121 0.1733445 0.1897497 0.2037223 -9999 -9999 -9999 -9999 -9999 -9999 -9999 -9999 -9999 -9999 0.08220325 0.08115274 0.07615875 0.08237406 0.08107122 0.07927511 -9999 0.1097205 0.1195151 -9999 0.1290185 0.1322621 0.1537078 0.157494 -9999 -9999 -9999 -9999 0.1996714 0.2328172
