trunk/projects/spp-inf/Species/species1.asc
ncols         649
nrows         555
xllcorner     294205
yllcorner     6283604.6
cellsize      0.200
NODATA_value  -9999
[rows 60 to 89 of 555, columns 476 to 543 of 649]
0.4288998 0.4334409 0.4216697 0.4044968 0.3872927 0.3677385 0.3411712 0.3255381 0.2827995 0.235263 0.1790341 0.1472339 0.1296627 0.1210875 0.1179743 0.1192581 0.1205607 0.119191 0.1142912 0.1111957 0.1100078 0.1043105 0.1007513 0.1045697 0.1125563 0.1165876 0.1120358 0.1089843 0.1109972 0.1259476 0.1335831 0.1458582 0.1681023 0.1941787 0.2243718 0.2606388 0.2992787 0.3362028 0.3770028 0.401449 0.4187831 0.44873 0.4458404 0.45351 0.4608974 0.4656627 0.4562728 0.4753518 0.5270887 0.5687383 0.6277796 0.6721243 0.7022967 0.732532 0.7685383 0.8010059 0.8204877 0.8429501 0.8591908 0.8696586 0.8760487 0.8780671 -9999 -9999 -9999 -9999 -9999 -9999
0.4420967 0.444039 0.4395621 0.4362181 0.4155173 0.3904497 0.3559 0.3424119 0.277731 0.2174383 0.1809728 0.149942 0.1281635 0.1175678 0.1138206 0.1140345 0.1158142 0.115151 0.1103543 0.1074825 0.1075275 0.1043064 0.09935854 0.104403 0.1104911 0.114085 0.1181656 0.1214302 0.1197407 0.124723 0.1318043 0.1402993 0.1569098 0.186173 0.2177986 0.2414964 0.2699914 0.2984008 0.3387343 0.3675089 0.3853774 0.4090429 0.4471012 0.4543146 0.4328675 0.4419563 0.4374964 0.4563669 0.4898122 0.5427917 0.6007947 0.6351556 0.6640245 0.7032511 0.7445358 0.7828763 0.8134346 -9999 0.8548003 -9999 0.8721805 0.8779698 -9999 -9999 -9999 -9999 -9999 -9999
0.4518547 0.4468743 0.4403192 0.4400413 0.4361449 0.4230618 0.3864466 0.3332516 0.2649798 0.2258938 0.1851296 0.1508135 0.1301347 0.1180854 0.1114576 0.1086402 0.1076578 0.1083353 0.105021 0.1032137 0.1094385 0.1019992 0.097555 0.1065525 0.1105484 0.1162068 0.1176706 0.1214909 0.1208227 0.1224521 0.1292468 0.1389953 0.1582233 0.1764586 0.2034442 0.223767 0.2419633 0.2683705 0.3033353 0.3373739 0.3662944 0.3835751 0.3963325 0.4343956 0.4174929 0.4350447 0.4347137 0.4461479 0.4749072 0.5160828 0.5652454 0.5970849 0.6328391 0.6780068 0.7213523 0.7718061 0.8036806 0.82728 0.8412635 -9999 0.8715352 0.8771262 0.8789297 0.8781374 0.8749286 -9999 -9999 -9999
0.4627672 0.4563834 0.4525373 0.4496234 0.4441542 0.4272312 0.380159 0.3211423 0.2684436 0.2118377 0.1723485 0.1479204 0.1308408 0.1197741 0.1104748 0.1062012 0.1047334 0.1068697 0.1069882 0.1026102 0.1055509 0.1004215 0.09758875 0.1073035 0.1109585 0.1210098 0.1225721 0.1261289 0.1262343 0.1245169 0.1275182 0.1318897 0.1393421 0.151168 0.1765839 0.2019872 0.2182055 0.2386165 0.2727796 0.3087173 0.3340616 0.3556946 0.3796937 0.420429 0.4133492 0.4308776 0.4484917 0.4688185 0.4821007 0.5030238 0.5409762 0.5713508 0.6046073 0.6591095 0.7104014 0.7627243 0.7932727 0.8204694 0.8429661 -9999 0.8722892 0.8751913 0.8786271 -9999 -9999 -9999 -9999 -9999
0.4809206 0.468943 0.4678117 0.4580905 0.4337488 0.4013346 0.3593112 0.3073456 0.2517109 0.1951629 0.1608043 0.1433685 0.1331844 0.121998 0.1174683 0.1120499 0.1122943 0.1108505 -9999 0.1094681 0.1088117 0.1062781 0.1043191 0.1085635 0.1115518 0.1233053 0.1268745 0.130343 0.1306481 0.1319869 0.131532 0.1328435 0.1348087 0.1428569 0.1562809 0.1851857 0.1996893 0.2154664 0.2492602 0.296912 0.3267869 0.357696 0.393171 0.4117234 0.4274859 0.4308115 0.4480578 0.4636509 0.4842936 0.4980403 0.5230626 0.5542113 0.6021321 0.6589416 0.6965628 0.7391617 0.7859929 0.8151777 0.8340282 -9999 0.8703046 0.8732335 -9999 -9999 -9999 -9999 -9999 -9999
0.488091 0.4777307 0.4687027 0.4530946 0.4206995 0.3992226 0.3542271 0.2843992 0.2318981 0.1939226 0.1589782 0.1393065 0.1386579 0.1226046 0.1181393 0.1135768 0.113421 0.1178036 0.114771 0.1097525 0.1081969 0.1104388 0.1148925 0.1187495 0.1204738 0.1228106 0.1261684 0.1300226 0.1291266 0.1310654 0.135714 0.1398874 0.1439619 0.1493893 0.1606355 0.1735702 0.1856882 0.2069184 0.2516425 0.2797819 0.3226298 0.3638897 0.389305 0.4251601 0.4480691 0.4341314 0.4452675 0.4551229 0.4734599 0.490339 0.5073614 0.5439187 0.5938352 0.6381053 0.6856046 0.7340279 0.780174 0.8142644 0.834232 0.8542917 0.8675117 0.8732039 -9999 -9999 -9999 -9999 -9999 -9999
0.4918594 0.4846984 0.4776518 0.4669541 0.4486048 0.4020919 0.3579372 0.3018322 0.2526725 -9999 0.1686212 0.1524328 0.1436638 0.1297247 0.1192832 0.1171933 0.1109489 0.1157563 0.1161127 0.109307 0.1094768 0.1122798 0.1173201 0.1206839 0.1224418 0.1230842 0.1262523 0.1293103 0.1280226 0.1295358 0.1335332 0.1380721 0.1421027 0.1469462 0.1544076 0.1686558 0.1927139 0.224727 0.2472222 0.2640649 0.2914518 0.3276899 0.3590006 0.3977495 0.4481284 0.4570407 0.4549368 0.4717778 0.4746756 0.484363 0.5156121 0.5547242 0.5939772 0.636167 0.678446 0.7154404 0.7666885 0.8188971 0.8385103 0.8545202 0.8665104 0.8727247 -9999 -9999 -9999 -9999 -9999 -9999
-9999 0.4956964 0.4823309 0.4510978 0.4404912 0.4049245 0.3533834 0.3128249 0.2656067 0.2127818 0.1845763 0.1589195 0.147299 0.1290488 0.1209536 0.1184268 0.1128431 0.1213218 0.1177742 0.1100718 0.1095569 0.1150157 0.1188615 0.1224521 0.1240424 0.1241259 0.1273217 0.1288044 0.127329 0.1280351 0.1324062 0.1362814 0.1394587 0.1437161 0.1515458 0.1596999 0.1880139 0.2146575 0.2404986 0.2709612 0.3048412 0.3400676 0.3721606 0.3999979 0.4266745 0.4708435 0.4819275 0.4841859 0.4914538 0.5004745 0.5477262 0.5912903 0.6074814 0.6473652 0.6932532 0.7329848 0.7712669 0.811312 0.8407758 0.8560971 0.8663195 -9999 -9999 -9999 -9999 -9999 -9999 -9999
-9999 0.51073 0.4956877 0.4785565 0.4358079 0.4116387 0.3797131 0.3442088 0.2747864 0.2371482 0.1954561 0.1729791 0.1548251 0.1409681 0.1323248 0.1260987 0.1197927 0.1258274 0.1222698 0.1186462 0.1179624 0.1203653 0.1222796 0.1253757 0.1258509 0.1275012 0.1280008 0.1273306 0.1256691 0.1279487 0.131088 0.1349344 0.1388598 0.1423062 0.1487302 0.1619495 0.1836481 0.2153382 0.2395956 0.2687198 0.3034269 0.3369019 0.3705648 0.3996814 0.4246365 0.4449952 0.4949705 0.4891989 0.5139114 0.5360204 0.5808237 0.621543 0.6534893 0.6812842 0.7112026 0.7485672 0.7810518 0.8085133 0.8361385 0.8566473 0.865924 0.8700299 0.8708338 -9999 -9999 -9999 -9999 -9999
0.5351279 0.5263547 0.5056053 0.4756098 0.4521694 0.4410311 0.385443 0.3720859 0.3154893 0.2620782 0.2142979 0.1967563 0.1715956 0.1590311 0.1481587 0.1429813 0.1370398 0.1308087 0.1293005 0.1266775 0.1351758 0.1355188 0.1348867 0.1328451 0.1311943 0.131722 0.1304666 0.1256725 0.1248037 0.1276696 0.1284259 0.1238158 0.1323958 0.1409148 0.1486216 0.1644603 0.1904804 0.2240857 0.2473187 0.2767113 0.3023395 0.3324386 0.3666537 0.398036 0.4246072 0.453167 0.5015104 0.5166782 0.5430852 0.5671028 0.6068683 0.6481878 0.680342 0.7181354 0.7267802 0.7641788 0.7914993 0.8135386 0.8335345 0.8520839 -9999 -9999 0.8697302 -9999 -9999 -9999 -9999 -9999
0.5446074 0.538678 0.5213079 0.4847221 0.4889641 0.4721847 0.4578719 0.3881389 0.3399197 0.2904147 0.2625003 0.2333519 0.2047038 0.1838655 0.1771747 0.1662437 0.1557632 0.1468051 0.1399805 0.1416376 0.1523636 0.1511079 0.151594 0.1480464 0.1442856 0.1411393 0.135185 0.1275554 0.1270739 0.1283805 0.1205558 0.1230828 0.1315264 0.141266 0.1505593 0.16674 0.1971503 0.2292157 0.2538981 0.2794507 0.3106086 0.3467451 0.3813629 0.4126819 0.447479 0.4939998 0.525018 0.5392154 0.5661145 0.602963 0.6453154 0.686594 0.7162228 0.7410939 0.7637498 0.7822365 0.8027287 0.8263612 0.8482171 0.8564924 -9999 0.867212 0.866555 0.8616064 -9999 -9999 -9999 -9999
0.5506893 0.5466503 0.533523 0.5238297 0.51813 0.4805917 0.4654926 0.4146239 0.3732815 0.332849 0.296732 0.2720632 0.2428356 0.2279093 0.2125934 0.1990727 0.1781451 0.1703989 0.1714101 0.1744749 0.1744793 0.170599 0.1673675 0.1659372 0.1618141 0.1528922 0.1420686 0.1366831 0.1329735 0.1273473 0.1222929 0.1228212 0.1300075 0.1424882 0.1534075 0.1697576 0.2001448 0.2327103 0.2574722 0.2837926 0.3246955 0.3685822 0.408453 0.4408231 0.4807379 0.5207652 0.5499256 0.5675563 0.5802479 -9999 -9999 0.7149102 0.7467167 0.763032 0.7770038 0.7971116 0.822571 0.8423915 0.8499634 0.8567525 0.8635898 0.8651712 0.8639996 -9999 0.8502068 -9999 -9999 -9999
0.5550255 0.5525523 0.5436303 0.5317347 0.523308 0.5150275 0.4911716 0.4499533 0.4022042 0.3614383 0.319888 0.3063072 0.2931921 0.2539581 0.2408375 0.2264668 0.199256 0.1916863 0.1984683 0.1961927 0.1965383 0.1923426 0.1904965 0.1848322 0.1775566 0.1698832 0.1591764 0.1500425 0.142596 0.1277985 0.1262486 0.1250691 0.1244591 0.1313849 0.1491233 0.1718177 0.202363 0.2327458 0.2598939 0.2994664 0.3478957 0.3971119 0.4417656 0.4744314 0.5169619 0.5587027 -9999 0.60605 -9999 -9999 -9999 0.7578708 0.7798156 0.795794 0.8043274 -9999 0.8333098 0.8431253 -9999 0.8598486 0.8625171 0.8628527 0.8576908 0.8524754 0.845754 -9999 -9999 -9999
0.5587387 -9999 -9999 0.5487599 0.5419279 0.5296918 0.5090933 0.4756367 0.4319758 0.3921549 0.3764729 0.3326933 0.3039972 0.2772201 0.2618208 0.2490814 0.2370503 0.2197245 0.2238807 0.2145177 0.2112909 0.2085476 0.2042945 0.1980548 0.1920837 0.1854129 0.1743018 0.1523061 0.1429613 0.1359692 0.1320739 0.1283169 0.1263502 0.1295179 0.1490719 0.1736583 0.202166 0.2310645 0.2674971 0.3187335 0.3762296 0.4532623 0.5009592 0.5358432 -9999 0.5889831 0.6454965 0.6601181 0.6982691 0.7254343 -9999 -9999 0.795643 0.8098847 0.8187493 0.829432 0.8422164 -9999 0.8521501 0.8568738 -9999 -9999 -9999 -9999 -9999 -9999 -9999 -9999
-9999 0.564349 0.563486 0.5562205 0.5498737 0.5413092 0.5248336 0.4893758 0.4468941 0.4166545 0.4021579 0.3792243 0.3403666 0.3076787 0.2855705 0.2654977 0.2562475 0.2543037 0.24204 0.2382119 0.2282062 0.2194405 0.2182086 0.2147034 0.2078666 0.2010385 0.1912954 0.1652854 0.151848 0.1435391 0.1388562 0.1344349 0.1274717 0.1304564 0.143374 0.1614208 0.18511 0.2320396 0.2797003 0.3435184 0.4058405 0.4977881 0.5354352 -9999 -9999 -9999 0.6724696 0.7048828 0.7141415 0.7527553 0.7726751 0.7945468 0.8112127 0.8215826 0.8285577 0.834744 0.8413452 0.8482283 -9999 -9999 -9999 -9999 -9999 -9999 -9999 -9999 -9999 -9999
0.5625956 0.5664781 0.5673308 0.5625889 0.5562782 0.5498512 0.5328084 0.5052553 0.4660974 0.4561704 0.4373603 0.4062179 0.3722712 0.3331357 0.3073423 0.2886896 0.2884015 0.2845612 0.2784062 0.267036 0.2587865 0.2501794 0.2451904 0.2359627 0.2298129 0.2202907 0.2054595 0.1782954 0.1653253 0.15298 0.1447822 0.1402793 0.1326036 0.1296033 0.1396762 0.1563596 0.1843159 0.2404052 0.3006773 0.3660385 0.4370303 0.517621 0.5768568 -9999 -9999 -9999 -9999 0.7435224 0.7470994 0.7705243 0.7810746 0.8038617 0.8192787 0.827531 0.833813 0.8372568 0.8439887 -9999 -9999 -9999 -9999 -9999 -9999 -9999 -9999 -9999 -9999 -9999
-9999 -9999 0.569282 -9999 -9999 -9999 0.5375049 0.5179132 0.499522 -9999 0.457894 0.4223734 0.3777571 0.3563904 0.337035 0.3183099 0.3293322 0.3142654 0.3043454 0.2883876 0.2791628 0.2684784 0.2625642 0.2594027 0.2495306 0.2377674 0.2223736 0.1983492 0.1756619 0.1636498 0.1508542 0.1450062 0.1374067 0.1313531 0.1379572 0.1549728 0.193758 0.2634088 0.3190167 0.3852168 0.4590382 0.5404804 0.5921124 0.6431599 -9999 -9999 -9999 0.7651668 0.7770204 -9999 0.8058387 0.8147974 0.8230149 0.8287013 0.8330166 0.8363861 0.839856 -9999 -9999 -9999 -9999 -9999 -9999 -9999 -9999 -9999 -9999 -9999
-9999 -9999 -9999 -9999 -9999 -9999 0.5489762 0.535904 -9999 -9999 0.4786189 0.4560674 0.4056465 0.385881 0.3672796 0.3438052 0.3307204 0.3468141 0.321479 0.3032525 0.2876937 0.2818861 0.2779273 0.27447 0.2712491 0.2651387 0.2507525 0.2262798 0.1983491 0.1865714 0.1669314 0.1563842 0.1444341 0.1355633 0.1385343 0.1624234 0.2028208 0.2744839 0.331476 0.4032396 0.4780133 0.5466601 0.6011688 0.6416225 0.6851895 0.7106755 0.7443258 0.774966 -9999 -9999 0.8119561 0.8183759 0.8226312 0.8258767 0.8291951 0.8320387 0.8360074 -9999 -9999 -9999 -9999 -9999 -9999 -9999 -9999 -9999 -9999 -9999
-9999 -9999 -9999 -9999 -9999 -9999 0.5635446 0.5526527 -9999 -9999 0.5196854 0.4867569 0.4667778 0.4401448 0.3862064 0.3869233 0.3720995 0.3874959 -9999 0.3074216 -9999 0.3106931 0.3010743 0.304687 0.3037796 0.2940725 0.2786526 0.2635843 0.2433172 0.2257248 0.1966225 0.1781934 0.1630073 0.1470495 0.1480395 0.1716803 0.2174026 0.2850309 0.3448638 0.4185133 0.4957936 0.5616813 0.6172134 0.6626896 0.6965507 0.7240148 0.7449415 0.7972564 0.8062002 -9999 -9999 0.8157636 0.817584 0.8194334 0.8213337 0.8232243 -9999 -9999 -9999 -9999 -9999 -9999 -9999 -9999 -9999 -9999 -9999 -9999
-9999 -9999 -9999 -9999 -9999 0.5776912 0.5725436 -9999 -9999 -9999 0.5302773 0.5170105 0.5025116 0.4933704 0.4763327 0.4352931 0.4156861 0.4277723 -9999 0.3624845 0.3532668 0.3578459 0.3484002 0.3485088 0.3424816 0.3404376 0.322203 0.2998334 0.276161 0.2550543 0.2349735 0.2044015 0.1861189 0.1672359 0.1661002 0.1845602 0.2234169 0.2904149 0.3562104 0.4191144 0.4823827 0.5732889 0.6307046 0.6775663 0.7131254 0.7440361 -9999 -9999 -9999 -9999 -9999 -9999 -9999 0.812245 0.8113315 0.8151389 -9999 -9999 -9999 -9999 -9999 -9999 -9999 -9999 -9999 -9999 -9999 -9999
-9999 -9999 -9999 -9999 -9999 -9999 -9999 -9999 -9999 -9999 0.5530583 0.5472757 0.5300094 0.5170336 0.5098088 0.4952904 0.4758108 -9999 0.4326951 0.4041072 0.415262 0.41483 0.417648 0.4078076 0.3970775 0.4036156 0.3745488 0.3480754 0.3220266 0.2987324 0.2716163 0.2429308 0.2111299 0.1937094 0.1929571 0.2019758 0.2318907 0.2924869 0.370037 0.4217812 0.4936575 0.5863032 0.6412088 0.6876868 0.728299 -9999 -9999 -9999 -9999 -9999 -9999 -9999 -9999 -9999 0.7970673 0.8008729 -9999 -9999 -9999 -9999 -9999 -9999 -9999 -9999 -9999 -9999 -9999 -9999
-9999 -9999 -9999 -9999 -9999 -9999 -9999 -9999 0.585614 0.5810173 0.5754883 0.569177 0.5591229 0.5535012 0.5446608 0.530444 0.5363145 0.5185776 0.4865112 0.4885058 0.4586488 0.466461 0.4661437 -9999 -9999 0.4257612 0.4300033 0.4065392 0.3812498 0.3448799 0.315737 0.2889081 0.24766 0.2232854 0.2333805 0.231343 0.2512152 0.3109724 0.3880315 0.4667354 0.5371455 0.6030325 0.6579908 0.7120627 0.7452706 -9999 -9999 -9999 -9999 -9999 -9999 -9999 -9999 -9999 0.7884287 0.7889631 -9999 -9999 -9999 -9999 -9999 -9999 -9999 -9999 -9999 -9999 -9999 -9999
-9999 -9999 -9999 -9999 -9999 -9999 -9999 -9999 0.5888622 0.5891055 0.5887864 0.5856582 0.5766216 0.5685758 0.5557855 0.5580297 0.5571313 0.5396164 0.5168364 0.517868 0.4874541 0.4865637 0.4963189 0.4846513 0.4790033 -9999 0.4610172 0.4315971 0.4177121 0.4013835 0.369199 0.3248572 0.2963832 0.2730955 0.2630932 0.258508 0.2809078 0.3344406 0.4059094 0.4871825 0.5614353 0.6233088 0.6805966 0.7297314 -9999 -9999 -9999 -9999 -9999 -9999 -9999 -9999 -9999 -9999 -9999 0.7797696 -9999 -9999 -9999 -9999 -9999 -9999 -9999 -9999 -9999 -9999 -9999 -9999
-9999 -9999 -9999 -9999 -9999 0.567445 0.5741708 -9999 0.5930546 0.5953224 0.5959932 0.594307 0.590086 0.5820903 0.5762597 0.5791414 -9999 0.5535417 0.5519557 0.5502821 0.5129337 0.5365143 0.5306889 0.5362602 0.520794 0.5096014 0.5000874 0.4616782 0.431267 0.4054463 0.4043604 0.3802339 0.33001 0.3075362 0.2931321 0.2928362 0.3106415 0.3635619 0.4295199 0.5197487 0.5913621 0.6507449 0.7073861 -9999 -9999 -9999 -9999 -9999 -9999 -9999 -9999 -9999 -9999 -9999 -9999 -9999 -9999 -9999 -9999 -9999 -9999 -9999 -9999 -9999 -9999 -9999 -9999 -9999
-9999 -9999 -9999 -9999 -9999 0.5612404 0.57181 -9999 0.5906528 0.5959182 0.5991721 0.6001032 0.5978898 0.5972095 0.5981686 0.5981198 0.5918424 0.5818018 0.5698729 0.5687756 0.5758606 0.5520605 0.5537655 -9999 0.5448934 0.5449907 0.5268808 0.4938683 0.4631822 0.4343316 0.4172421 0.4085924 0.3813131 0.3370224 0.3245746 0.3278545 0.3546203 0.4126128 0.478434 0.5553496 0.6195303 0.6612267 -9999 -9999 -9999 -9999 -9999 -9999 -9999 -9999 -9999 -9999 -9999 -9999 -9999 -9999 -9999 -9999 -9999 -9999 -9999 -9999 -9999 -9999 -9999 -9999 0.8469962 0.8557991
-9999 -9999 -9999 0.4990675 0.5143498 0.5344576 0.5575573 -9999 -9999 0.5941381 0.5995417 0.6035212 0.5963761 0.5787231 0.611258 0.610545 0.6084779 -9999 0.6009131 0.6070191 0.5955919 0.5955229 0.5777487 0.584993 0.5727838 0.5574242 0.5462173 0.5171183 0.49192 0.4684682 0.4425354 0.4429563 0.4168523 0.3740691 0.3650151 0.3716493 0.4047183 0.4598293 0.5190991 0.5817085 0.6396055 0.685374 0.7202801 -9999 -9999 -9999 -9999 -9999 -9999 -9999 -9999 -9999 -9999 -9999 -9999 -9999 -9999 -9999 -9999 -9999 -9999 -9999 0.7959056 -9999 0.831981 0.8426342 0.8508367 -9999
-9999 -9999 -9999 -9999 0.5067737 0.5254385 -9999 -9999 -9999 0.5912787 0.5981788 0.6036388 0.6078559 0.5978802 0.6146887 0.6166583 0.6196911 -9999 0.6155722 0.6182742 0.6108161 0.5941972 0.5916034 0.5950093 0.5732029 0.5567449 -9999 -9999 0.5180054 0.4956566 0.4720293 0.4757222 0.4509294 0.4195932 0.4128571 0.4360331 0.4707732 0.5092113 0.5516208 0.597798 0.6518015 0.6819981 0.7162536 0.7487392 -9999 -9999 -9999 -9999 -9999 -9999 -9999 -9999 -9999 -9999 -9999 -9999 -9999 -9999 -9999 -9999 -9999 -9999 -9999 0.820542 0.8332406 -9999 -9999 -9999
-9999 -9999 -9999 -9999 0.5047231 0.5153087 -9999 -9999 -9999 0.5885583 0.5956912 -9999 0.6074606 0.6114442 -9999 0.6194629 0.6225451 0.6247219 0.6275849 0.6309839 0.6364232 0.6331177 0.5997046 0.6033081 0.5799977 0.5741565 -9999 -9999 -9999 0.5226467 0.5055404 0.503792 0.4917012 0.4780028 0.4662282 0.5001966 0.5368896 0.5687242 0.6022148 0.6382332 0.6766012 0.7065368 0.7266535 0.7492657 0.7840073 -9999 -9999 -9999 -9999 -9999 -9999 -9999 -9999 -9999 -9999 -9999 0.7340248 -9999 -9999 -9999 -9999 -9999 -9999 0.8262684 0.8277952 0.8524899 0.8601763 0.8664511
-9999 -9999 -9999 -9999 0.499817 0.5105479 -9999 -9999 -9999 0.5870664 0.5944213 -9999 0.606317 0.6109269 -9999 0.6196014 -9999 -9999 -9999 -9999 0.6426196 -9999 -9999 -9999 -9999 -9999 0.6046851 -9999 0.5755059 -9999 0.5529792 0.5411188 -9999 0.5112653 0.5180556 0.5553674 0.5884655 0.6177527 0.6430137 0.6692187 0.6991851 0.7236789 0.7402882 0.7528555 0.7710633 -9999 -9999 -9999 -9999 -9999 -9999 -9999 -9999 -9999 -9999 -9999 0.7349384 0.7236954 0.7378752 0.7531089 0.7805606 -9999 -9999 0.8325005 0.8429415 0.8534318 0.8587301 -9999
-9999 -9999 -9999 -9999 -9999 -9999 -9999 -9999 0.5757318 0.5826354 0.5934711 0.5960446 -9999 0.6099454 -9999 -9999 -9999 -9999 -9999 -9999 -9999 0.6448146 -9999 -9999 0.6249335 -9999 -9999 -9999 -9999 0.5747288 0.5824046 0.5721596 -9999 -9999 0.5740214 0.5977489 0.6285241 0.6535444 0.6732811 0.6929149 0.7166607 0.7359232 0.7487321 0.7632052 0.7747067 -9999 -9999 -9999 -9999 -9999 -9999 -9999 -9999 -9999 -9999 -9999 -9999 0.7172834 0.7287138 0.7598596 0.7778375 -9999 -9999 0.8306198 0.8413594 0.8525743 0.8619957 0.8662292
