trunk/projects/spp-inf/Species/species4.asc
ncols         649
nrows         555
xllcorner     294205
yllcorner     6283604.6
cellsize      0.200
NODATA_value  -9999
[rows 450 to 479 of 555, columns 204 to 271 of 649]
0.5768285 0.579401 -9999 -9999 0.6186643 0.5776969 0.5529521 0.5753365 0.5642595 0.5835371 0.5992275 0.5749131 0.5682213 0.5582823 0.5673386 0.587761 0.6034282 0.6093711 0.6514382 0.6632994 0.6689034 0.6739705 -9999 -9999 -9999 0.6304121 0.5995593 0.6504719 0.6551086 0.6568723 -9999 0.6353379 -9999 0.5791794 0.5495597 0.5282263 0.5338749 0.5376927 0.5353746 0.5486657 0.5526689 0.5953893 0.6087244 0.6172266 0.596233 0.6509634 0.6312257 0.543498 0.5138362 0.5094768 0.5011523 0.5357424 0.6019615 0.5834005 -9999 -9999 0.5727329 0.6444955 0.6967705 0.5930533 0.5527959 0.5528455 -9999 -9999 0.5332311 -9999 -9999 -9999
0.567847 0.5666913 -9999 0.6582134 0.626293 0.5834322 0.5559126 0.5788442 0.5677639 0.5807456 0.582804 0.5978365 0.5957049 0.5554425 0.5648249 0.5891585 0.6075487 -9999 -9999 0.6581411 -9999 -9999 0.6450546 -9999 -9999 0.632013 0.5938603 0.627867 0.6520848 0.6542743 0.6452043 0.6366028 0.5960428 0.5701531 0.5612956 0.5412222 0.5453582 0.5468309 0.5375378 0.5218013 0.5191374 0.5272371 0.5756193 0.5666178 0.549112 0.5992569 0.671113 0.6190857 0.5851734 0.5261354 0.4978111 0.5085474 0.5743351 0.6209441 0.6181557 -9999 -9999 0.7016507 0.5958445 -9999 0.5556471 0.5585108 0.5529014 0.5445189 0.540344 0.5352859 0.5285484 0.5349928
0.5574334 0.5634187 0.5845387 0.6209736 0.6262947 0.5845225 0.5671024 0.5851335 0.5573874 0.5958106 0.6045517 0.5936132 0.5641015 0.554806 0.5709002 0.5977876 -9999 0.6551732 0.658497 -9999 -9999 0.6468871 0.6031055 0.5954067 0.6056169 0.5947438 0.5912444 0.6424387 0.6472733 -9999 -9999 0.6002979 0.5867348 0.5791794 0.567952 0.5749151 0.5742293 0.5663742 0.5469083 0.5376383 0.527745 0.5172665 0.5515728 0.5947589 0.6112317 0.6088622 0.6825415 0.6659801 0.6196223 0.5339856 0.5019312 0.5520265 0.5956874 -9999 0.6604029 -9999 -9999 0.6518496 -9999 -9999 0.525168 0.5234649 0.5185331 0.524078 0.547441 0.5381476 0.5273347 0.5252164
0.5643796 0.5620591 0.5902479 0.5977768 0.5903164 0.5628723 0.5822127 0.5905759 0.5850056 0.6059825 0.5877134 0.581351 0.5551661 0.5696977 0.5861405 0.5998614 0.6099822 0.6505332 0.6618143 0.6534924 0.6055639 -9999 -9999 0.5881966 0.5851771 0.5891966 0.5940221 -9999 0.645744 -9999 -9999 0.6029332 0.5883325 0.5859573 0.5856123 0.5878608 -9999 0.5728725 0.5534046 0.5383512 0.527975 0.5464381 0.5871844 0.5651162 0.5537817 0.5830187 0.6112069 -9999 0.6795741 0.5957786 0.5732138 0.6040789 0.6012171 0.6054761 -9999 0.6603438 -9999 -9999 -9999 -9999 0.5291272 0.4744271 0.4771283 0.4886847 0.4989242 0.4959779 0.5154222 0.5273471
0.5592979 0.5641671 0.5719857 0.5805601 0.5728988 0.5669691 -9999 0.5999954 0.6026419 0.6110458 0.5891016 0.5824526 0.552518 0.5608317 0.5709025 -9999 -9999 0.6525692 0.6579303 0.6560885 -9999 0.5931248 0.5777546 0.5792232 0.5904624 -9999 0.5940221 0.6196671 -9999 0.6490508 -9999 -9999 -9999 -9999 0.6020292 0.6193839 0.5854422 0.5727243 0.5534046 0.5333399 0.5191972 0.5240546 0.5463616 0.5201125 0.5128455 0.5354335 0.598467 0.6437914 0.7287471 0.6817956 -9999 -9999 -9999 -9999 0.7138196 0.6152491 0.6179212 -9999 -9999 0.5280089 0.5280188 0.4888363 0.4853294 0.5150577 0.5051311 0.5307133 0.5223695 0.5043502
0.5690768 0.566116 0.5751464 0.5620833 0.5583797 0.5608858 0.602087 0.6079929 0.6026397 0.5877597 0.5781568 0.569816 0.5552964 0.5711113 0.586266 0.6005533 0.6051151 -9999 0.6488212 0.6118975 0.6186389 0.6019773 0.5767282 -9999 0.5927317 -9999 -9999 -9999 -9999 0.6538648 0.6532638 0.6500633 -9999 -9999 0.6371101 0.6249512 0.5864839 0.5704528 0.5553834 0.5495461 0.5374553 0.5215136 0.5194174 0.524738 0.5163642 0.5486814 0.5922308 0.655564 0.6381863 0.7027028 -9999 -9999 -9999 0.71623 -9999 0.6260841 -9999 0.5754418 0.5754219 0.5697727 0.5827221 0.5223395 0.5181121 0.5598864 0.5483551 0.5319306 0.5306988 0.4993053
0.5907196 0.5620015 0.5751954 0.5822906 0.5712462 0.5703571 0.6001425 0.583276 0.5600139 0.5731487 0.5605313 0.5767941 0.5739022 0.5846654 0.624228 0.6392761 0.6030584 0.5955942 0.6130518 0.5953823 0.5936624 0.5810013 0.5731634 0.5780852 0.5886622 0.5929891 0.6116858 -9999 0.6442133 0.6488409 -9999 -9999 0.6476178 0.6327843 0.6047801 -9999 0.582647 0.5795164 0.5713938 0.5576216 0.5482525 0.5329211 0.5230829 0.5182794 0.5256264 0.5966591 0.6131641 0.6135789 -9999 -9999 -9999 -9999 0.7163803 0.6910315 -9999 -9999 -9999 0.5588878 -9999 -9999 -9999 -9999 -9999 -9999 0.5514989 0.5362718 0.5344985 0.5038102
0.5775251 0.5672287 0.5645402 0.5630956 0.5841593 0.60262 0.6106777 0.5701102 0.5736719 0.5707648 0.5731345 0.5845032 0.6016314 0.6010908 0.6235487 0.6445489 0.5999793 0.5835663 0.5923236 0.5769501 0.5757825 0.5718341 0.5871105 0.5970543 0.5987793 0.5972803 0.5967938 -9999 0.6187778 0.6436506 0.6514547 -9999 0.646305 0.6169567 0.5889316 -9999 -9999 -9999 -9999 0.5620223 0.5571902 0.5447637 0.5289478 -9999 -9999 0.5952551 0.6327893 0.6596221 -9999 0.6433387 -9999 0.7212054 0.7163803 -9999 -9999 -9999 -9999 -9999 -9999 -9999 -9999 0.5875729 0.5820712 0.5821252 0.579492 0.5369399 0.5258972 0.4784488
0.603747 0.5951889 0.5876229 0.5649837 0.5633798 0.5896426 0.6127307 0.5777017 0.5659077 0.5861164 0.5966138 0.6034603 -9999 -9999 0.5959886 0.5981097 0.5876821 0.5789616 0.5770436 -9999 0.5704825 0.5767524 0.5992233 -9999 0.6254486 0.6331323 -9999 -9999 0.6470552 -9999 0.6507167 0.6552797 0.6519169 0.6183405 -9999 -9999 -9999 -9999 -9999 -9999 -9999 -9999 -9999 -9999 -9999 0.6081658 0.6463786 0.6526384 0.6428927 0.6406944 -9999 0.7212054 0.7187961 0.71623 0.7126113 0.7137057 -9999 -9999 0.6269181 0.6470922 -9999 -9999 -9999 -9999 0.5822551 0.5391319 0.4721998 0.452935
-9999 -9999 0.6013179 0.5752528 0.5597239 0.5889402 0.6161383 0.5848367 0.5637829 0.5932128 0.6268625 0.6627808 0.6267691 0.5804451 0.5697752 -9999 -9999 -9999 0.5523373 0.552734 0.5707697 0.5838979 0.6133797 0.6492954 0.6517559 0.6514077 -9999 -9999 0.6549698 -9999 0.6576535 0.6548982 0.6466771 0.5903538 0.5812666 0.5646292 -9999 -9999 -9999 -9999 -9999 -9999 -9999 -9999 0.5738673 0.5987204 0.6320253 0.6464773 0.6418208 0.6414842 -9999 0.7246608 0.6949311 0.713922 0.7090351 -9999 0.7041193 0.6363946 0.6768671 -9999 -9999 -9999 -9999 -9999 0.5185146 0.4940955 0.4545793 0.4589837
-9999 -9999 0.5910976 0.5635705 0.5559132 0.5882508 0.6113729 0.5949634 0.5646767 0.5779586 0.6096646 0.6247298 0.586958 0.5711185 0.5562364 0.558329 0.5547636 0.5542061 0.5488095 0.5659284 0.571563 0.5851585 0.5953529 0.6388077 0.6558986 0.6612016 0.6594589 0.65294 0.6600113 0.663123 0.6661091 0.6620296 0.6474092 0.5959071 0.5861395 0.5669242 0.5632247 0.5597234 0.5490457 -9999 0.5254445 0.5340797 0.5582613 0.5460293 0.5977577 0.6203473 0.6592237 0.6517487 -9999 0.6432017 -9999 0.6581207 -9999 -9999 -9999 -9999 -9999 0.7016507 -9999 -9999 -9999 -9999 0.567325 0.5306137 0.5194662 0.5144213 0.514652 0.4916731
0.6298677 -9999 0.6130703 0.5898144 0.5672519 0.5691413 0.5980825 0.6068885 0.56526 0.5860879 0.5970504 -9999 0.6000297 0.5711185 0.5542266 0.5644643 0.5730818 0.5825019 0.5532846 0.575442 0.5983869 0.6016085 0.6006162 0.6079008 0.6595486 0.6607795 0.6321482 0.629942 0.650321 0.6567274 0.6710818 0.6707023 0.6542358 0.6196671 0.5888079 0.5828027 0.5725436 0.5639707 0.556959 0.549238 0.5317502 0.5236406 0.5244927 0.5379235 0.5798063 0.6088426 0.6219977 -9999 -9999 -9999 -9999 -9999 -9999 -9999 -9999 -9999 -9999 -9999 0.6471086 -9999 -9999 -9999 -9999 -9999 -9999 0.5334094 0.5306453 0.5194735
0.5768336 0.5768554 0.6046807 0.6164446 0.5788773 0.5813988 0.6210265 0.5777153 0.5626804 0.5873696 0.5928907 -9999 0.5972653 0.5692976 0.5593095 0.5932983 0.5600255 0.5503249 0.5546491 0.5776411 0.6045532 0.6106253 0.6347783 0.6541862 0.6595486 0.6479709 0.5993133 0.5938335 0.6016062 0.6394284 0.6532468 -9999 0.6791553 0.6509429 -9999 -9999 0.5651776 0.5620124 0.5503151 0.550573 0.5391995 0.5266121 0.5173361 0.5268916 0.5199678 0.5197134 0.5688064 0.6114448 0.5823196 0.5665768 0.6126643 0.6068274 -9999 -9999 -9999 0.7089807 -9999 -9999 0.6768089 0.6457773 0.6418309 -9999 -9999 0.5911833 0.5710586 0.5698165 0.556258 0.5631186
0.5729083 0.5775191 0.569656 0.5826209 0.5707909 0.5808475 0.627297 0.5921338 0.5598487 0.5817873 0.5880229 -9999 0.5853243 0.5638371 0.5839435 0.5727152 0.557157 0.5651037 0.5681983 0.5832479 0.599962 0.6030764 0.6354027 0.6581635 0.6569604 0.6369112 0.5865129 0.5780544 0.5916883 0.5937259 0.6258142 -9999 0.6683174 0.6880819 -9999 -9999 0.5625162 0.5511119 0.5426964 0.5419284 0.5337642 0.5168607 0.5321267 0.5271252 0.5161693 0.545392 0.5833066 0.6171525 0.5626961 0.5408393 0.566291 -9999 0.719902 0.71623 -9999 0.7089807 -9999 -9999 -9999 0.5958294 -9999 -9999 0.5500792 -9999 0.5710586 0.5494526 0.5307533 0.5308689
0.5916992 0.5663015 0.5886112 0.5846229 0.5668359 0.5710059 0.624382 0.6088665 0.5636343 0.5704982 0.5845342 0.5789661 0.5763918 0.5636081 0.6107854 0.5858555 0.5660515 0.5750664 0.5781415 0.5804548 0.5856845 0.5924067 0.6208589 0.6571143 -9999 -9999 -9999 -9999 0.5715086 0.5780882 0.5974944 0.6006288 0.6582226 0.6607156 0.6530858 -9999 -9999 -9999 -9999 0.5226011 0.5218723 0.5287273 0.561184 0.6178409 0.5963745 0.6183128 -9999 0.6490508 0.5995379 0.5797387 0.6071897 0.6999063 0.7175882 -9999 -9999 -9999 -9999 -9999 -9999 -9999 -9999 -9999 0.5538647 0.5501577 0.5808926 0.5703017 0.5220401 0.5325385
0.5860127 0.5690802 0.5651783 0.5821216 0.5986511 0.6062636 0.6191885 0.6348361 0.6008438 0.5612502 0.5767336 0.5751018 0.5586296 -9999 0.6087481 0.5802335 -9999 0.5704445 0.5639729 0.5701284 -9999 0.5991531 0.631087 -9999 -9999 -9999 -9999 -9999 -9999 0.5734311 0.5875934 -9999 -9999 0.6521244 0.6478542 -9999 0.5566767 0.548264 0.535392 0.5326511 0.5413249 0.5314032 0.5888915 0.6911716 0.653694 0.6523603 0.6443062 -9999 0.732208 0.7038996 0.6815431 0.7213011 0.7187122 -9999 -9999 -9999 -9999 -9999 -9999 -9999 -9999 0.5557042 0.507735 0.5121896 0.5408056 0.5712723 -9999 0.4859641
0.5848182 -9999 0.5612964 0.5702747 0.5706826 0.5825111 0.6104199 0.6282287 0.626316 0.5616266 0.5611322 0.5653499 0.5575591 0.569077 0.6098351 0.5927891 0.580667 0.5620619 0.5579033 0.5644823 0.5827937 0.5847403 -9999 -9999 -9999 -9999 -9999 0.556698 0.5624657 0.5707609 -9999 0.5773584 -9999 0.6014358 0.605373 -9999 0.5566767 0.5511103 0.5361052 0.5244734 0.58103 0.5917616 0.6081591 -9999 0.6882146 -9999 -9999 -9999 -9999 -9999 -9999 -9999 0.7233823 -9999 -9999 -9999 -9999 -9999 0.6096063 -9999 0.5627282 -9999 0.4700224 0.4601045 0.4780134 0.4998002 0.5250185 0.4751154
0.601994 0.5916724 0.5866119 0.5825767 0.5761288 0.56428 0.5953341 0.6506377 0.6334984 0.5761064 0.5569379 0.5569109 0.5729386 0.5786986 0.6024644 0.598567 0.5714049 0.552978 -9999 0.575251 0.5944061 -9999 0.5830868 0.5797529 -9999 -9999 -9999 0.5538568 0.5616693 -9999 -9999 0.5745484 -9999 0.5960931 0.5923986 0.5658659 0.5553354 0.538892 0.5252866 0.5680127 0.6179364 0.6883514 0.6713495 0.6455225 -9999 -9999 -9999 -9999 0.7264668 -9999 -9999 -9999 0.6265181 -9999 -9999 -9999 0.5811576 0.6123804 -9999 0.6068619 0.5613126 0.5375613 0.5051593 0.4821416 0.4765605 0.4614217 0.4753448 0.5055515
0.6231576 -9999 -9999 0.5988318 0.5824188 0.5624809 0.5856805 0.6240054 0.6658161 0.6143094 0.5568624 0.5563195 0.5991461 0.6228178 0.646841 0.601524 0.5549554 0.5665175 0.5714993 0.5769507 -9999 0.5841829 0.5794321 0.5739579 0.5815033 -9999 -9999 -9999 0.5602539 0.5621805 0.5572666 0.5662955 0.5810511 0.5896783 0.5923986 -9999 0.5582622 0.5424626 0.5282285 0.5240151 0.5832604 0.5959492 -9999 0.6838595 -9999 -9999 -9999 -9999 -9999 -9999 -9999 -9999 -9999 -9999 -9999 -9999 -9999 0.6123725 -9999 0.6013585 0.5986066 0.5931379 0.5472537 0.5248874 0.486713 0.482313 0.4522621 0.4604867
0.6258557 0.6300946 0.6201105 0.6095725 0.5964249 0.5701892 0.5613366 0.6063784 0.6735857 0.6149865 0.5647567 0.5753146 0.5957524 0.6542434 0.5872374 0.5596108 0.5536546 0.5601439 0.5770394 0.5814518 -9999 0.5785825 0.5702733 0.5715501 -9999 0.5732094 0.5666445 -9999 -9999 0.5550891 -9999 -9999 0.5855458 0.5861731 -9999 0.5589603 0.5651776 0.5583004 0.5406849 0.5219057 0.5198994 0.5814404 -9999 -9999 0.7277685 -9999 -9999 -9999 -9999 -9999 -9999 -9999 -9999 -9999 -9999 0.5840048 0.5783543 0.5309392 -9999 0.564123 -9999 -9999 0.5309382 0.4764543 0.480711 0.5290631 0.4983688 0.5074744
-9999 -9999 -9999 -9999 0.5877025 0.5829217 0.5612776 0.6176757 0.6820704 0.6271028 0.5848885 0.6128089 0.6602733 0.6360524 0.5625876 0.5705895 0.5625084 0.55944 0.5781401 -9999 -9999 -9999 -9999 0.5738686 0.5837873 0.5776773 -9999 -9999 -9999 -9999 -9999 -9999 -9999 -9999 -9999 0.5523039 0.5417112 0.5388923 0.5310964 0.5225177 0.5599367 0.5782396 -9999 -9999 0.7289056 0.7330059 -9999 -9999 0.6048702 0.6027893 0.6002431 0.5986767 -9999 -9999 -9999 0.5575991 0.5010852 0.502012 0.5198794 0.5256573 0.4785715 0.5065853 0.4810832 0.4655632 0.5008532 0.5480396 0.5486672 0.5327598
-9999 0.6263344 0.6198424 0.5865333 0.5785453 -9999 0.5835912 0.6077323 0.6088877 0.6645053 0.6272 0.6239483 0.6397043 0.5725381 0.556295 0.5708086 -9999 0.5720316 0.5923644 0.5849821 -9999 -9999 -9999 0.5730748 0.5764851 0.5748678 -9999 -9999 -9999 -9999 -9999 -9999 -9999 -9999 -9999 0.5516835 0.5324147 0.5261281 0.5232706 0.5237396 0.5646132 0.6134555 -9999 -9999 -9999 -9999 -9999 -9999 0.5815945 0.5587171 0.5477306 0.5374581 0.5502021 -9999 -9999 0.551834 0.4969731 0.4779955 0.476986 0.4734485 0.4685299 0.4655028 0.4644268 0.4805408 0.5200918 0.56365 0.5781745 0.5137699
-9999 0.6187768 0.6238051 0.6067948 -9999 -9999 0.5624036 0.5764688 0.6028609 0.6626695 0.6549343 0.6160204 0.6732551 0.5747826 0.5661553 0.5563307 0.5603836 0.5922374 0.5921054 0.5839525 -9999 0.5603519 0.5617948 0.5683217 -9999 -9999 0.5458065 0.5409526 0.546267 0.5621374 0.5701783 -9999 -9999 -9999 -9999 0.5603642 0.5309805 0.5361297 0.5352354 0.5259712 0.5797547 0.6107202 -9999 -9999 -9999 -9999 -9999 -9999 -9999 0.599135 0.5563086 0.5532167 0.5873474 -9999 -9999 0.5755956 0.5606919 0.4854612 0.4766652 0.4764655 0.4758365 0.5094092 0.5247821 0.4841531 0.4967599 0.5409224 0.6597542 0.5342506
-9999 0.6233667 0.6275387 0.6236398 0.6023653 0.5829217 0.5630152 0.5859289 0.6152116 0.6207191 0.6842964 0.6694543 0.7070826 0.6328651 0.5841861 0.5549536 0.5552114 0.5597579 0.5879322 0.586745 0.5727922 -9999 0.5561219 0.5555778 0.5511448 0.5460958 0.5395648 -9999 -9999 0.5649674 0.5715871 -9999 -9999 -9999 0.5601052 0.543541 0.5267416 0.5340136 0.5873505 0.5883512 0.6262515 0.6411941 -9999 -9999 -9999 -9999 -9999 0.7267341 0.7219363 -9999 -9999 -9999 -9999 -9999 -9999 -9999 0.544894 0.4847921 0.5078728 0.4931209 0.5318106 -9999 0.5575255 0.5176929 0.4938838 -9999 0.6571667 0.6521674
0.5893861 0.6085075 0.6149504 0.6279558 0.6170248 0.5853317 0.5644763 0.5680508 0.5958987 0.6039494 0.6927132 0.7137499 0.68667 0.6708713 0.6362113 0.5665856 0.557159 0.5682456 -9999 0.5881354 0.5730833 -9999 -9999 -9999 0.5472501 0.5580729 -9999 -9999 -9999 -9999 0.560878 -9999 -9999 0.5677158 0.5351009 0.5275081 0.5467409 0.5846807 0.5889319 0.6832698 -9999 -9999 -9999 -9999 -9999 -9999 -9999 -9999 -9999 -9999 -9999 -9999 -9999 -9999 0.5369179 0.5533319 0.5223629 0.5284537 0.5473405 0.4905781 0.5499412 0.625881 0.5707882 -9999 0.524631 0.5570362 0.6520621 0.6131954
0.5874956 0.582159 -9999 0.6228445 0.6124939 0.5959076 -9999 0.562867 0.5836326 0.5982727 0.6297971 0.6211447 0.6280422 -9999 0.6241773 0.5620933 0.5549551 0.5597579 -9999 0.5780599 0.5663058 -9999 0.55843 0.5484326 0.5476314 -9999 0.5491279 0.5569345 -9999 0.546325 0.551582 -9999 0.5656826 -9999 0.5528083 0.5283658 0.5489641 0.6075628 -9999 -9999 0.7224034 0.7221802 -9999 -9999 -9999 -9999 -9999 -9999 -9999 -9999 -9999 -9999 -9999 -9999 -9999 0.5339904 0.5763779 0.5606347 0.532418 0.5165242 -9999 0.6279476 -9999 -9999 -9999 -9999 0.6520085 0.6330262
-9999 0.5747137 0.5706129 0.5942132 0.5885082 0.6002429 0.600598 0.585788 0.5799683 0.5688682 0.5883372 0.5911347 0.6850705 0.6361122 0.6295407 0.5999283 0.5735282 0.5633188 0.5795454 0.573667 0.5629081 0.5595392 0.5722001 0.5530448 0.5598219 -9999 -9999 -9999 -9999 -9999 -9999 -9999 0.5683075 0.5610656 0.5525951 -9999 0.5254892 0.5657369 0.5969594 0.7251667 0.7232466 0.7197931 -9999 -9999 -9999 -9999 -9999 -9999 -9999 -9999 -9999 -9999 -9999 -9999 -9999 0.5714021 0.6212226 -9999 -9999 -9999 -9999 0.6258504 -9999 -9999 -9999 -9999 0.6481352 0.643033
0.5925748 0.5677284 0.5673584 0.5725515 -9999 0.6013737 0.5964516 0.5663477 0.5764635 0.5811633 0.6093593 0.6118242 0.679517 0.6283575 0.6047537 0.5955461 0.5590276 0.5584738 0.5547764 0.5599234 0.5491669 0.5515522 0.5787817 0.5742246 0.5731766 -9999 -9999 -9999 -9999 -9999 -9999 -9999 0.5681078 0.5620599 -9999 -9999 0.5345734 0.5800002 0.6271191 0.7111383 0.7247048 -9999 0.7194353 -9999 -9999 -9999 -9999 -9999 -9999 -9999 -9999 -9999 -9999 -9999 -9999 -9999 -9999 -9999 -9999 -9999 -9999 -9999 -9999 -9999 0.6044308 0.599088 0.6467816 0.6390609
0.5932754 0.5784491 0.5875218 0.5713581 0.5778397 0.6002536 0.5848216 0.5634445 0.5676534 0.6060118 0.679069 0.6523948 0.6930161 0.6066414 0.5731984 0.5621108 0.5577666 0.552053 -9999 0.5607259 0.5915767 0.5890126 0.5993357 -9999 -9999 0.5557855 -9999 -9999 -9999 -9999 -9999 -9999 -9999 -9999 0.5336698 0.5268521 0.5572968 0.589558 0.5860636 0.6025391 0.628381 -9999 -9999 0.6736152 -9999 -9999 0.7154604 -9999 0.7150215 -9999 -9999 -9999 -9999 -9999 -9999 -9999 -9999 -9999 -9999 -9999 -9999 -9999 -9999 0.6593126 0.6529777 0.6465893 0.6421574 0.6364007
0.5701509 0.5739337 0.5944925 0.5707457 0.5884008 0.5853195 0.5795462 0.5740549 0.603852 0.6166933 0.6746789 0.6740245 0.6286684 0.6079653 0.5867237 0.5549681 0.5563748 0.5596095 0.5866551 0.6059561 0.5747343 0.5786529 -9999 0.5439163 -9999 -9999 -9999 -9999 -9999 -9999 -9999 -9999 -9999 -9999 0.5469028 0.5316899 0.5280426 0.5271692 0.5377156 0.5733665 -9999 0.6278542 -9999 0.6239641 -9999 0.6716602 -9999 -9999 -9999 -9999 -9999 -9999 -9999 -9999 -9999 -9999 -9999 -9999 -9999 -9999 -9999 -9999 -9999 -9999 -9999 0.6439985 0.6406322 0.6363475
