trunk/projects/spp-inf/Species/species4.asc
ncols         649
nrows         555
xllcorner     294205
yllcorner     6283604.6
cellsize      0.200
NODATA_value  -9999
[rows 30 to 59 of 555, columns 408 to 475 of 649]
0.009896697 0.01186999 0.01294542 0.01199464 0.01348294 0.01385006 0.01122519 0.01262561 0.01338917 0.01296077 0.01458152 0.01684422 0.01510439 0.01335911 0.015088 0.01595015 0.01458456 0.01573456 -9999 -9999 0.01688946 0.01714105 0.01728786 -9999 -9999 0.01833895 -9999 -9999 -9999 -9999 -9999 0.0157834 0.01712831 0.01829396 0.01667927 0.0181869 0.01916801 0.01682115 0.01354291 0.01114987 0.01198907 0.01304664 0.014584 0.01458649 0.01219543 0.01481357 0.01314346 0.0128972 0.0151328 0.01439363 0.01505426 0.01326501 0.01590614 0.01936574 0.01947323 0.01735406 0.01675729 0.01829866 0.01997688 0.01950276 0.0215046 0.02264419 -9999 -9999 0.01614172 0.01648315 0.02037514 -9999
0.008775305 0.01050542 0.01090777 0.01297354 0.01280244 0.01281033 0.01194669 0.01303383 0.01486354 0.01390584 0.01525939 0.0139518 0.01420814 0.01402568 0.01347509 0.01171333 0.01134069 0.01316203 0.0148493 0.0260954 -9999 -9999 -9999 -9999 -9999 0.01834963 -9999 -9999 -9999 -9999 0.02032521 0.01529702 0.02096547 0.01659491 0.01815259 0.01907272 0.01988159 0.01583353 0.01564047 0.01397599 0.01126591 0.01267639 0.01486751 0.01235888 0.01351277 0.01580776 0.01578553 0.01673986 0.01688184 0.01384502 0.01417782 0.01735956 0.0192712 0.02096335 0.02156219 0.02112597 0.01873635 0.01547047 0.02083843 0.02130763 0.0209858 0.02097386 0.02068056 0.01731826 0.01615307 0.0161849 0.01831299 0.01956116
0.009466157 0.009961271 0.01108743 0.01268152 0.01194082 0.01137793 0.01237806 0.01525049 0.01348708 0.01386053 0.01371357 0.01368225 0.0105374 0.01022631 0.0107218 0.01151755 0.01135665 0.01050423 0.01447985 -9999 -9999 -9999 -9999 -9999 0.01817579 -9999 -9999 0.01900536 0.01939976 0.01983871 0.02021999 0.02064643 0.02097329 0.01858055 0.01682132 0.01803246 0.01831652 0.01847159 0.0188768 0.01588098 0.01316621 0.01214768 0.01441134 0.01558468 0.0136194 0.01392349 0.0167407 0.01683129 0.01762414 0.01615067 0.01661965 0.01798924 0.01941017 0.0196164 0.0243062 0.02461181 0.01994402 0.0153418 0.016006 0.01918541 0.0224029 0.02125129 0.01745658 0.02084325 0.0167054 0.01593067 0.01847411 0.01810599
0.008067043 0.009268056 0.01054961 0.01153807 0.009209184 0.009718145 0.01064864 0.01455688 0.01423978 0.01462248 0.01421434 0.01086609 0.01045069 0.01127731 0.01165568 0.01222713 0.01162066 0.009892992 0.01431958 0.01305537 0.01736085 0.01811222 0.01806308 0.01845154 -9999 0.0185059 0.01893989 0.01943917 0.01973112 0.02036102 0.02049059 0.02053842 0.02119504 0.02153354 0.01748916 0.01679591 0.01801467 0.01858803 0.01704768 0.01364499 0.01183762 0.01457804 0.01659007 0.01783133 0.017681 0.01643531 0.01971733 0.01994612 0.0196038 0.01889382 0.01902091 0.01912569 0.01782808 0.02034806 0.02336984 0.02543668 0.02151322 0.01913493 0.01926787 0.01919078 0.02236388 0.02013202 0.01903646 0.02173838 0.01638763 0.01624932 0.0179084 0.01791433
0.009121177 0.008564886 0.009392817 0.008745282 0.008980337 0.009018035 0.00932081 0.01349318 0.01323673 0.01368133 0.01056685 0.01085333 0.01135561 0.009956516 0.01073839 0.01100669 0.01103595 0.01043531 0.01405677 0.01429973 -9999 0.01811222 -9999 0.01842787 0.01880212 0.01908949 0.01938184 0.01954888 0.01995836 0.0204764 0.02057337 -9999 0.01869079 0.01897317 0.01905567 0.01637454 0.01716109 -9999 0.02001069 -9999 -9999 -9999 -9999 -9999 0.02159327 0.02183925 0.02209143 0.02221761 0.02005602 0.01747762 0.01948263 0.0203389 0.02223851 0.02275105 0.02472936 0.0255846 0.02613185 0.02152136 0.0247094 0.02481355 0.02217938 0.02139716 0.02286983 0.0217301 0.01694033 0.01603942 0.01652777 0.01667322
0.009850016 0.008775033 0.008545196 0.008511046 0.008786567 0.009498911 0.01026974 0.008835838 0.01006413 0.009202094 0.01089335 0.01147191 0.01036089 0.009267436 0.009641073 0.009800089 0.01137883 0.01071986 0.0137454 0.01412134 -9999 0.01811222 0.01828466 0.01865014 -9999 0.0193387 0.01958805 0.01991659 0.020124 0.02048582 0.02085638 0.0211594 0.01997619 0.01632245 0.01695967 0.01752331 0.01790398 0.01824362 0.01901913 0.02029601 0.02174492 0.02185547 0.02053694 0.01995905 0.02001882 0.02024185 0.0214212 0.02364083 0.02068118 0.0189912 0.01944672 0.02342154 0.0237049 0.02419914 0.02449749 0.02487316 0.02533082 0.02608379 0.02686939 0.02321283 0.02244021 0.01980074 0.01808366 0.02153523 0.01996973 0.01755699 0.01563888 0.01693568
0.009576104 0.008811206 0.009469325 0.008716596 0.00925196 0.009436607 0.01139946 0.01225526 0.009937748 0.009378679 0.009922186 0.01170628 0.01062816 0.009754661 0.009968025 0.00986798 0.01092448 0.01131813 0.01428705 -9999 0.01755822 -9999 -9999 -9999 0.01895985 0.01930613 0.01970197 0.02005149 0.02029492 0.02065964 0.02087901 0.02122731 0.02160216 0.02208638 0.01798213 0.01747618 0.01810742 0.01845084 0.01854262 0.02037156 0.0216919 0.02074391 0.01887609 0.01886292 0.01990879 0.02148396 0.02234979 0.02298551 0.02280755 0.01978125 0.02242664 0.02415504 0.02324428 0.02313443 0.02375385 0.02404811 0.02462683 0.02586991 0.02455629 0.02232142 0.01964618 0.01644538 0.01622835 0.01851312 0.02248286 0.02146579 0.01983607 0.01722466
0.009078806 0.009183421 0.01005666 0.009514968 0.008754377 0.008975444 0.009163633 0.01088678 0.01216759 0.009290058 0.01076989 0.01038702 0.01012596 0.01074451 0.009926537 0.01227745 0.01221711 0.01043405 0.01304425 -9999 -9999 -9999 -9999 0.01875491 0.01902826 0.01941566 0.01975755 0.02010814 0.02040935 0.02067591 0.02095152 -9999 0.02157247 -9999 0.01695278 0.01712949 0.01780392 0.01834694 0.01787408 0.01889742 0.01900231 0.01845851 0.01813748 0.01953016 0.02064881 0.0232406 0.02416707 0.02299341 0.02320722 0.02260239 0.02462528 0.02328853 0.0229838 0.02249252 0.02315897 0.02378036 0.02519428 0.02608652 0.02203824 0.02139338 0.02121988 0.01929771 0.01847472 0.01777408 0.01842688 0.02285947 0.02073756 0.01757848
0.008983979 0.01017535 0.01078456 0.009679971 0.008558374 0.009498443 0.009483984 0.009701496 0.01213676 0.01089371 0.009860418 0.009583646 0.01225772 0.01527323 0.01330564 0.01395458 0.01479971 0.01287742 0.0148803 0.01587373 0.01377599 -9999 -9999 -9999 0.01901556 0.01962396 0.01981314 0.02010814 0.02035214 0.02082512 0.02087901 0.0212444 0.02169389 0.01655542 0.01767504 0.01791881 0.01836514 0.0185034 0.01767154 0.0209112 -9999 -9999 0.01996191 0.02078819 0.02101681 0.01601513 0.01641658 0.01572704 -9999 0.0225738 0.02518105 0.02395365 0.02279089 0.02242909 0.02302918 0.0240542 0.02619633 0.02572065 0.02131321 0.02151432 0.02027028 0.02136618 0.01775664 0.01893144 0.02039121 0.02203592 0.02028836 0.01964456
0.009046019 0.01050295 0.009378566 0.008784233 0.009677823 0.009283033 0.009430529 0.009040834 0.01067342 0.01239085 0.01381462 0.01385783 0.01390864 0.01371132 0.01527656 0.01629099 0.01568741 0.01662146 0.01369504 0.01495147 0.01828012 0.0263513 0.01828057 -9999 -9999 0.0196468 -9999 0.02014243 0.02046715 0.02082512 0.02126214 0.02135604 -9999 0.01622352 0.01754351 0.01870073 0.01846976 0.01784221 0.0196832 0.02426703 0.02236159 -9999 -9999 0.01484581 0.01311014 0.01270145 0.01698862 0.0157657 0.01701733 -9999 0.02589429 0.02369221 0.02240866 0.02243096 0.02290011 0.02391613 0.02497645 0.02593854 0.02361235 0.023004 0.02098892 0.02228721 0.02216812 0.02374475 0.02181379 0.02152857 0.0224195 0.02471518
0.009326927 0.01007071 0.01053535 0.009896771 0.008781704 0.008791209 0.00910094 0.009018922 0.01023201 0.01225186 0.01338045 0.0117722 0.01218436 0.01384958 0.01382248 0.01581154 0.02500211 0.02165187 -9999 -9999 -9999 0.01811222 -9999 -9999 -9999 0.02008328 -9999 -9999 0.02052495 0.02084437 -9999 -9999 -9999 0.01707333 0.01810223 0.01968534 0.01973171 0.01794445 0.02249358 0.02408839 0.0180479 0.0184081 0.01671532 0.01363778 0.01384755 0.0167874 0.01887193 0.01838885 0.02101781 0.02393402 0.02532219 0.02263848 0.021782 0.0224347 0.02309481 0.02418767 0.02562119 0.02667965 0.0255424 0.02580525 0.02433644 0.02432007 0.02255652 0.02407168 0.02343722 0.02584981 0.02260084 0.023903
0.01042058 0.010171 0.01011157 0.009596476 0.009049109 0.01026455 0.01127861 0.01034102 0.008919197 0.01092024 0.0115302 0.01029597 0.01004757 0.01002351 0.01219361 0.01273434 0.01635281 0.01447103 -9999 -9999 -9999 -9999 -9999 -9999 0.01923138 -9999 0.02027618 0.02056671 0.02065081 -9999 -9999 -9999 0.01680739 0.01727031 0.01862322 0.01552563 0.01524282 0.01784724 0.01970367 0.02442506 0.0180479 0.01894366 0.01926075 0.0178231 0.01865691 0.02114651 0.02123716 0.02186224 0.02143423 0.02175169 0.02213652 0.02188721 -9999 0.02255738 0.02395731 0.0259507 0.02779374 0.02539283 0.02815566 0.02822062 0.02481145 0.02571741 0.02099772 0.02194134 0.02675595 0.02218433 0.0230155 0.02430751
0.009866616 0.009688988 0.01062038 0.01286544 0.01165431 0.01247368 0.01494899 0.01240683 0.01059436 0.01154914 0.01234232 0.01501145 0.01377874 0.01395783 0.01301964 0.01268297 -9999 0.01339144 0.01607458 -9999 0.01868644 -9999 0.0186856 0.01895573 -9999 -9999 -9999 -9999 -9999 -9999 -9999 -9999 0.01798705 0.01497254 0.01239942 0.01146332 0.01423101 0.01789766 0.01871081 0.02463126 0.0180479 0.01866143 -9999 0.02077648 0.02045406 0.02203018 0.02065031 0.02041789 0.02077353 0.02113428 -9999 -9999 0.0220334 0.02255595 0.02429642 0.02641199 0.0289123 -9999 0.02338686 0.0233632 0.02313336 0.02479406 0.02156796 0.02245235 0.02653242 0.02310742 0.02364091 0.01959295
0.01118386 0.009325462 0.008812986 0.01069384 -9999 0.01583961 0.01607259 0.0154506 0.01334815 0.01475963 0.01440136 0.01520246 0.01552969 0.01641054 0.01726897 0.01618695 0.01788698 0.01404307 0.01652824 0.01485139 0.01743326 -9999 0.01889774 -9999 0.01925492 0.01986964 -9999 -9999 -9999 0.02083593 -9999 -9999 0.01838755 0.01535452 0.01402075 0.01585383 0.01860525 0.01813663 0.01963824 0.02246723 -9999 -9999 -9999 -9999 0.01995568 0.02029653 0.02041232 0.02041641 -9999 -9999 -9999 -9999 0.02223927 0.0229407 0.02357618 0.0245055 0.02649618 0.02499445 0.02433985 0.02409059 0.02329178 0.02255543 0.0224114 0.02227234 0.02631132 0.02499825 0.01977704 0.0246968
0.009237901 0.01052658 0.0119873 0.01374369 -9999 -9999 0.01508493 0.0144913 0.0155341 0.01406014 0.01528454 0.01446518 0.01323318 0.01540664 0.01493109 0.01573017 -9999 0.01649092 0.01671669 0.01505808 0.01711141 -9999 -9999 0.02016875 0.02154602 -9999 -9999 0.0205666 0.02086427 -9999 -9999 -9999 0.01875295 0.01721109 0.01777438 0.0198525 0.01956932 0.02180053 0.02137678 0.02192039 -9999 -9999 -9999 -9999 -9999 0.01973182 -9999 -9999 -9999 -9999 -9999 -9999 0.02266642 0.0230689 0.02395283 0.02425102 0.02540026 0.02690261 0.02881493 0.02355866 0.02345928 0.0215989 0.02195226 0.02306273 0.02609411 0.02514566 0.02231501 0.02462399
0.01153093 0.01397707 0.01451249 0.01324418 0.01484801 0.0144334 -9999 0.01428512 0.01426576 0.01425324 0.01509021 0.01294239 0.01338198 0.0142278 0.01489012 0.01488633 0.01872372 0.01772728 0.01787249 0.01650701 0.0162375 0.01628135 -9999 -9999 0.02155221 0.02009495 0.02025383 -9999 -9999 -9999 0.02152149 0.01610114 0.01734124 0.01704828 0.01801722 0.01787857 0.01862799 0.02025183 0.01978372 0.02179594 -9999 -9999 -9999 -9999 -9999 -9999 -9999 -9999 -9999 -9999 -9999 -9999 -9999 0.02320145 0.02402065 0.02496184 0.02614836 0.02690421 0.02762883 0.02968221 0.02421548 0.02515146 0.02410975 0.02281167 0.02594602 0.02600762 0.02734506 0.02710963
0.01454604 0.01351008 0.01371093 0.01501863 0.01543587 0.01410969 -9999 -9999 0.01861857 0.01547262 0.01475717 0.01596981 0.01421434 0.01393364 0.01517827 0.0156741 -9999 0.0178117 0.01718698 0.01546743 0.02058372 0.02076724 -9999 -9999 -9999 -9999 -9999 -9999 -9999 -9999 -9999 -9999 0.02243033 -9999 0.02313632 0.02069548 -9999 0.02053844 0.02492706 0.02491329 -9999 -9999 -9999 -9999 -9999 -9999 -9999 -9999 -9999 -9999 -9999 0.02201527 -9999 -9999 -9999 -9999 0.02603664 0.02805565 0.02865412 0.02935074 0.02703686 0.02406191 0.02270376 0.02469811 0.02668786 0.02593276 0.02614265 0.02688026
0.01763265 0.01734163 0.01739869 0.01644364 0.01598533 0.0137779 0.0168761 0.0145072 0.01695816 0.01773773 0.01811675 0.01522535 0.01630122 0.01629997 0.017874 0.01722867 0.01790124 0.0180437 0.01836699 0.0167529 0.01560565 0.01646666 -9999 -9999 -9999 -9999 -9999 -9999 -9999 -9999 -9999 -9999 -9999 -9999 -9999 -9999 0.02388134 -9999 -9999 -9999 -9999 -9999 -9999 -9999 -9999 -9999 -9999 -9999 -9999 -9999 -9999 -9999 -9999 -9999 -9999 0.02501438 -9999 0.02869264 0.02657857 0.02180619 0.02090107 0.0185644 0.01829763 0.02347395 0.02496898 0.02719958 0.02621664 0.02658093
0.02008565 0.02729077 0.02023639 0.01883829 0.01797239 0.01839915 0.01821069 0.01630494 0.01814871 0.01817923 0.01904181 0.0187718 -9999 0.01559204 0.0159739 0.02046431 0.01588314 0.01685654 0.01878651 0.01894151 0.01753125 0.01609473 0.02140905 0.02112565 0.01991768 -9999 -9999 -9999 -9999 -9999 -9999 -9999 -9999 -9999 -9999 -9999 -9999 -9999 -9999 -9999 -9999 -9999 -9999 -9999 -9999 -9999 -9999 -9999 -9999 -9999 0.02393851 0.02414894 -9999 0.02870605 0.02809135 0.02572559 0.02662659 0.03017621 0.02321903 0.01890672 0.01694116 0.01699691 0.0224626 0.02605272 0.02698432 0.02652122 0.02666004 0.02658083
0.03361914 0.03372679 0.03440677 0.02065875 0.01782028 0.01788606 0.01785359 -9999 0.01792609 0.01766166 0.01801609 -9999 -9999 0.01456712 0.01724909 0.01987854 -9999 0.0155504 0.01878651 0.02058638 0.0173723 0.02114142 0.02034928 0.0199682 -9999 -9999 -9999 -9999 -9999 -9999 -9999 -9999 0.02243868 0.02315873 0.02314356 -9999 0.02401007 -9999 -9999 -9999 -9999 -9999 -9999 -9999 -9999 -9999 -9999 -9999 0.02228067 0.02222704 0.02090179 0.01915871 0.02351623 -9999 0.02657156 0.02711001 0.02809863 -9999 0.021865 0.01692766 0.01962167 0.02253689 0.02220601 0.02500532 0.02760385 0.02821466 0.02757564 0.02827246
0.03361938 0.03307575 0.03350431 0.03524309 -9999 0.01776394 0.01769554 0.01784244 -9999 0.02162454 0.02542552 -9999 -9999 -9999 -9999 0.01909173 -9999 -9999 0.01596053 0.01771801 0.01717648 0.01847418 0.02087638 0.0203401 0.02083622 -9999 0.02071554 -9999 -9999 -9999 -9999 -9999 -9999 -9999 -9999 -9999 0.02441131 -9999 -9999 -9999 -9999 -9999 -9999 -9999 -9999 -9999 -9999 -9999 0.02188455 0.01706174 0.01559294 0.01901737 0.02170176 0.02517053 0.02779249 0.02489847 0.02406526 0.02307993 0.02571537 0.02425864 0.02631878 0.02558125 0.02276719 0.02347513 0.02399787 0.02498052 0.02669932 0.02858986
0.03390187 0.0326353 0.03350431 -9999 -9999 0.0185862 0.01854188 0.01760249 0.0178447 -9999 0.0376632 -9999 0.02567683 -9999 0.0208697 -9999 0.0270196 -9999 0.02082149 0.01628529 0.01717151 0.0187605 0.02183334 0.0217564 0.02203431 -9999 -9999 -9999 0.02171396 -9999 -9999 -9999 -9999 -9999 -9999 -9999 -9999 -9999 -9999 -9999 -9999 -9999 -9999 -9999 -9999 -9999 -9999 -9999 0.02031029 0.01801994 0.02231801 0.02569623 0.02143741 0.02048101 0.02077764 0.02115147 0.0214618 0.02199399 0.0257231 0.02562427 0.02516257 0.02500146 0.02245541 0.02407371 0.02565412 0.02535647 0.02431093 0.02899382
-9999 0.03212669 0.03271364 0.03454603 0.02625598 0.01871246 0.01866791 0.01849102 0.02008858 0.02778436 -9999 0.0375884 0.03778752 0.02291379 0.02023619 0.02010395 0.02314733 0.03974819 0.02013161 0.01651624 0.01767396 0.01618058 0.0199067 0.02087371 0.02094384 0.02077395 -9999 -9999 0.02182549 -9999 -9999 -9999 0.02293195 -9999 0.02366954 0.02417766 -9999 -9999 -9999 -9999 -9999 -9999 -9999 -9999 -9999 -9999 0.0255918 -9999 0.02377842 0.0239968 0.02347677 0.02340386 0.01691918 0.01689345 0.01735402 0.01684125 0.02395386 0.02266374 0.02397086 0.02648959 0.024544 0.02665486 0.02448536 0.02396947 0.02372244 0.02391008 0.0250645 0.02614689
0.03229234 0.03216781 0.03272776 0.03482107 0.02006551 0.01830096 0.01839179 0.01912657 0.01920363 0.01838096 -9999 0.03818093 0.03807006 0.03810162 0.01950677 0.02019943 0.02016457 0.04012525 0.02401649 0.01873986 0.01630885 0.01830836 0.02189974 0.02133757 0.02228755 0.0229899 0.02168764 0.02116483 -9999 -9999 -9999 -9999 -9999 -9999 -9999 -9999 -9999 -9999 -9999 -9999 -9999 -9999 -9999 -9999 -9999 -9999 -9999 0.02337332 0.02474143 0.02259138 0.01756857 0.01633188 0.01896613 0.01912379 0.01747576 0.01752675 0.02143651 0.02169688 0.02340379 0.02590437 0.02624913 0.02804287 0.03254265 0.02738704 0.02814919 0.02737598 0.02656484 0.03065294
-9999 0.03212669 0.03272776 0.03506158 0.03557583 0.035275 0.0350565 0.03101549 0.02546905 -9999 0.03770123 -9999 0.03778752 0.03789171 0.03842044 0.02593132 0.01949376 -9999 0.02807486 0.03038505 0.02079694 0.02063653 0.02034928 0.02316119 0.02204285 -9999 -9999 -9999 -9999 -9999 -9999 -9999 -9999 0.02370128 -9999 -9999 -9999 -9999 -9999 -9999 -9999 -9999 -9999 -9999 0.02111242 0.0225878 0.02443735 0.02515082 0.02394381 0.01876409 0.0188025 0.01937528 0.01985158 0.01693534 0.01787431 0.0198272 0.0193989 0.02213957 0.02275159 0.02165016 0.02699227 0.02580851 0.03206006 0.03083301 0.03004773 0.03089482 0.02773565 0.0303185
-9999 -9999 -9999 -9999 0.03392351 0.03444257 -9999 0.03689215 0.03637029 0.03611477 -9999 -9999 0.03778752 -9999 0.03877863 0.03907378 0.03944126 -9999 -9999 -9999 -9999 -9999 -9999 -9999 -9999 -9999 -9999 -9999 -9999 -9999 -9999 -9999 -9999 -9999 -9999 -9999 -9999 0.02523495 -9999 -9999 -9999 -9999 -9999 -9999 -9999 0.02135144 0.02556106 0.02326684 0.01656726 0.01698381 0.01984482 -9999 0.01503312 0.01658569 0.01922187 0.01924404 0.02377575 0.02340401 0.02337696 0.02372336 0.02547005 0.03320628 0.03228793 0.03248779 0.03322519 0.03376892 0.03248467 0.03240794
-9999 -9999 -9999 -9999 0.03392351 -9999 -9999 -9999 0.03592821 0.03611477 -9999 0.03703558 0.03767251 0.03792679 0.03842044 0.03895276 0.03951785 0.04012525 0.04050691 0.04168012 0.04175323 -9999 -9999 -9999 -9999 -9999 -9999 -9999 -9999 -9999 -9999 -9999 -9999 -9999 -9999 -9999 -9999 -9999 -9999 -9999 -9999 -9999 -9999 -9999 -9999 0.02362651 0.02229293 0.01692229 0.01735224 0.01948824 0.01776909 0.01524395 0.01684622 0.0189551 0.02107199 0.02041574 -9999 0.02356379 0.02283346 0.02405273 0.02624636 0.03344182 0.03244352 0.03315347 0.03350431 0.03398193 0.03444569 0.03508912
-9999 -9999 -9999 -9999 -9999 -9999 -9999 -9999 -9999 0.03674168 0.03677348 0.03751483 0.03769647 0.0383723 0.038826 0.03910747 -9999 0.03436724 0.04160807 0.04168012 0.04182012 0.04242708 -9999 -9999 -9999 -9999 -9999 -9999 -9999 -9999 -9999 -9999 -9999 -9999 -9999 -9999 -9999 -9999 -9999 -9999 -9999 -9999 -9999 -9999 -9999 -9999 0.01554125 0.01761945 0.0191499 0.01772922 0.01530936 0.01588953 0.01597023 0.01789952 0.01754706 0.022283 0.02112453 0.02261406 0.02645513 0.02583308 0.02609701 0.03347909 0.03148203 0.03060282 0.02967384 0.0352307 0.03432601 0.03518005
-9999 -9999 -9999 -9999 0.03422122 0.03452245 -9999 -9999 -9999 0.03742749 0.03812628 0.03882472 0.03828073 0.03873978 0.03920978 0.03957618 -9999 0.02561303 0.02110747 0.03067327 -9999 -9999 -9999 -9999 -9999 -9999 -9999 -9999 -9999 -9999 -9999 -9999 -9999 -9999 -9999 -9999 -9999 -9999 -9999 0.02693767 -9999 -9999 -9999 -9999 -9999 -9999 0.01777355 0.01623502 0.01901843 0.01811962 0.01688867 0.01829821 0.01771065 0.01825701 0.02044359 0.02270448 0.02245536 0.02217401 0.02674788 0.02554414 0.03387789 0.0334526 0.03044131 0.02692095 0.02728574 0.03331239 0.03431781 0.03538711
-9999 -9999 -9999 -9999 -9999 0.03490801 -9999 -9999 -9999 0.02815258 0.02131497 0.01950762 0.03993576 0.0393991 0.03964554 0.04020322 0.04073611 0.04108678 0.03194813 -9999 -9999 -9999 -9999 -9999 -9999 -9999 -9999 -9999 -9999 -9999 -9999 -9999 -9999 -9999 -9999 -9999 -9999 -9999 0.02665601 -9999 -9999 0.02782904 0.02845328 -9999 -9999 -9999 0.0200603 0.01614914 0.01727068 0.0194429 0.01893156 0.01658968 0.01674115 0.01662441 0.01823167 0.02234405 0.0253101 0.02671233 0.02637181 0.02590245 0.03414203 0.03461545 0.02643672 0.02873627 0.0351276 0.03474534 0.03433217 0.03538711
