trunk/projects/spp-inf/Species/species1.asc
ncols         649
nrows         555
xllcorner     294205
yllcorner     6283604.6
cellsize      0.200
NODATA_value  -9999
[rows 270 to 299 of 555, columns 272 to 339 of 649]
0.06525412 0.06527221 0.07296157 0.09738159 0.09706456 0.0743439 0.07377021 0.07224498 0.07060295 0.06993777 0.08632468 0.08879571 0.09215792 0.1154204 0.1411441 0.1398 0.1284351 0.1383415 0.1365701 0.1361208 0.1353696 0.1364213 0.115204 0.09915844 -9999 -9999 -9999 0.1095004 0.1240699 0.1391193 0.1390325 0.1378201 0.1355696 0.1326055 0.1066777 0.0867697 0.09515929 0.09307451 0.07996342 -9999 0.07481316 0.07682727 0.08899006 0.08412312 0.08318308 -9999 0.09066537 0.09503004 0.100392 0.07891697 0.06900306 0.0685214 0.06949684 0.07703262 0.09203845 0.08730785 0.08109172 0.1119791 0.1247123 0.1279209 0.1308617 0.1293665 0.1307095 -9999 -9999 -9999 -9999 0.09322077
0.06102837 0.07136957 0.09119155 0.09899538 0.08531739 0.07228397 0.07268855 0.07451247 0.07382214 0.07030312 0.0747491 0.0836493 0.09781037 0.1392017 0.1407363 0.09979431 0.09935383 0.09792228 -9999 0.1356784 0.13624 0.1367686 0.1392388 0.1403444 -9999 -9999 0.1112819 0.1027861 0.1024146 0.1301315 0.141562 0.1408495 0.1395183 0.1264365 0.1169154 0.125854 0.1221085 0.09405877 0.08481781 -9999 0.07936915 0.09665585 0.09607273 0.09293149 0.09541526 0.07210781 -9999 0.07869375 0.08225501 0.08031963 0.08145106 0.07780495 0.07958777 0.09138516 0.1146597 0.1264165 0.08950263 -9999 -9999 0.1340828 0.1372377 -9999 -9999 -9999 0.1039231 -9999 0.1074464 0.108882
0.07003929 0.09719075 0.09144631 0.0788215 0.07543659 0.07597734 0.07578857 0.07433864 0.07147783 0.07165051 0.08059 0.1038167 0.1041386 0.1380235 0.1237217 0.0921414 0.08501189 0.09645613 0.1241949 -9999 0.1370344 0.1381244 -9999 -9999 -9999 -9999 0.1434228 0.1224665 0.1120775 0.142758 0.1432351 0.1427131 0.1421202 -9999 0.09888628 0.1125483 0.1303052 0.1101468 0.08909459 0.1053328 0.08273773 -9999 0.1066035 0.1031503 0.1015676 0.07498237 0.07696151 0.08185895 0.08541729 0.08861516 0.09295376 0.1078428 0.09618431 0.09456848 0.1073428 0.1340469 0.1364368 0.134474 -9999 0.1440957 0.1369354 -9999 -9999 0.1076688 0.1094631 0.1003371 0.1065296 0.1106968
0.09515803 0.1479795 0.09507576 0.08845243 0.08942443 0.07423832 0.07223427 0.07193427 0.07215554 0.07948075 0.09485219 0.1322102 0.101217 0.09886018 0.09358815 0.07953808 0.08447545 0.09343357 0.1291309 0.1372308 0.1384854 0.1397313 -9999 0.1421122 0.1423212 0.1434724 0.144257 0.1441098 0.144004 0.1439556 0.1444625 0.1444862 0.1442675 0.1435292 0.1011139 0.09987148 0.1160751 0.1351401 0.1339484 0.1336321 -9999 0.08594811 0.1153038 0.1158049 0.1137321 0.09040547 0.08632481 0.09599017 0.09342682 0.08835869 0.09920283 0.1185769 0.1362013 0.1001809 0.1119253 0.1405239 0.1422502 0.1447351 -9999 0.1475477 0.1488824 0.1097281 0.1101081 0.1103135 0.1103702 0.1073697 0.1045672 0.1417889
0.1209059 0.1006894 0.09010214 0.07909933 0.07183117 0.07213238 0.07360844 0.0798829 0.08852524 0.09754771 0.1175897 0.1037311 0.09187724 0.08173608 0.07174072 0.08076256 -9999 0.1104834 0.1274787 0.1386956 0.1391387 -9999 -9999 0.1419309 0.142373 0.1439841 0.144458 -9999 -9999 -9999 0.145776 -9999 0.1455038 0.1457152 -9999 0.1034998 0.1190856 0.1413345 0.1404043 -9999 -9999 0.1301124 0.126806 0.1246943 0.1270816 0.1273304 0.129732 0.101288 0.09161532 0.08632243 0.09628392 0.1011787 0.142217 0.1429537 -9999 -9999 0.1460258 -9999 -9999 0.1178785 0.1184759 -9999 0.1000327 0.1071468 0.1154724 0.1173347 0.111678 -9999
0.07666015 0.06898059 0.06811493 0.06904379 0.07212661 0.07675609 0.08200663 0.09639364 0.1072507 0.1191278 -9999 0.09037237 0.07381251 0.06684089 0.06795968 0.08013304 0.09827845 0.09998533 0.1095729 -9999 0.1054081 0.101523 0.1208285 0.1115163 0.1431555 0.1443392 -9999 -9999 -9999 0.1459915 0.1465193 0.1466416 -9999 0.1463339 -9999 -9999 0.1449541 0.1451433 -9999 -9999 0.1388773 0.1385844 0.1374305 0.1340019 0.1315538 0.1315683 0.1331482 -9999 -9999 0.09003769 0.1030168 0.1126892 0.1445638 -9999 -9999 -9999 -9999 -9999 -9999 0.1096358 0.1093813 0.109212 0.09572782 0.1061748 0.1380601 0.1302585 0.1296032 0.1528836
0.06539078 0.06315656 0.06547561 0.06817289 0.07641932 0.0842312 0.09144771 0.09400814 0.09621514 0.1202031 0.0956682 0.0800291 0.06600763 0.06398671 0.07964563 0.08888409 0.08460139 0.09056749 0.08414958 0.08446085 0.08867262 0.08867969 0.1015996 -9999 0.1434751 0.145131 0.1461519 0.1472775 0.1472182 0.1472551 0.1471161 0.1468283 -9999 0.1464504 -9999 -9999 0.1465599 -9999 -9999 0.1466611 0.1455871 0.1432485 0.1404387 -9999 0.1393058 0.102671 0.09400078 -9999 -9999 0.1051196 0.1055965 0.1061404 -9999 0.1483327 -9999 -9999 -9999 -9999 -9999 -9999 0.09999239 0.1082392 0.1082755 0.1085424 0.1270509 0.1504846 -9999 -9999
0.06365535 0.07249545 0.07599494 0.06618379 0.06700979 0.0711236 0.07397001 0.08408196 0.1000667 0.1113157 0.09077704 0.07291152 0.06527238 0.06794494 0.08185782 0.07191709 0.06889055 0.07272344 0.07314891 0.08568772 0.09402295 0.09968968 0.1003033 -9999 0.1275431 0.1457432 0.1472174 -9999 -9999 0.1476512 0.1474372 0.1465908 0.1465613 0.1465219 -9999 0.1464944 0.1463035 0.1463825 -9999 -9999 0.1469474 0.131344 0.1064757 0.1098322 0.1053455 0.1053444 0.09240244 0.1056406 -9999 0.1071117 0.1068694 -9999 0.1480366 -9999 -9999 -9999 -9999 -9999 -9999 0.1084072 0.1075479 -9999 0.1068895 -9999 -9999 -9999 -9999 -9999
0.0763756 0.09070584 0.07211241 0.06417596 0.06851351 0.0802683 0.08998611 0.1023204 0.1097863 0.0991031 0.08066326 0.07055368 0.06349366 0.07040583 0.06714783 0.06060353 0.05966113 0.07045341 0.08161494 0.08225936 0.09135358 0.09229176 0.08421055 0.08635297 0.1034953 0.1108113 -9999 0.147996 0.1483519 -9999 -9999 -9999 0.1464543 0.1460151 -9999 -9999 0.1460132 0.1456689 0.145823 0.1466216 0.1473948 0.1275786 0.1208664 0.1157743 -9999 0.1069708 0.10066 0.1117935 0.1365893 0.1323975 0.1490076 -9999 -9999 -9999 0.1501539 -9999 -9999 -9999 -9999 -9999 -9999 -9999 -9999 -9999 -9999 -9999 -9999 -9999
0.1190295 0.0806944 0.06214694 0.06600907 0.08131818 0.09642817 0.1032348 0.1026143 0.09479891 0.08248357 0.07082111 0.06489502 0.06592146 0.06498901 0.05893626 0.05755464 0.05708463 0.0731113 0.06705449 0.06735951 0.07527949 0.06915251 0.07104684 0.08586398 0.1009847 0.1034181 -9999 -9999 0.1484742 -9999 -9999 -9999 -9999 0.1453445 0.1449991 -9999 -9999 0.1451871 -9999 0.1464485 0.1471509 0.1478897 0.1368066 -9999 0.1082104 0.1080011 0.1170775 0.1085656 0.1082622 -9999 -9999 0.1498944 -9999 -9999 -9999 -9999 -9999 0.1485375 -9999 -9999 -9999 -9999 -9999 -9999 -9999 -9999 -9999 -9999
0.08640593 0.06623459 0.0610985 0.07311239 0.08927749 0.08668283 0.08244087 0.09719118 0.08126205 0.0725629 0.06955913 0.06547342 0.06192102 0.05693432 0.05549967 0.05326343 0.05375097 0.06003594 0.0565097 0.05571305 0.05743411 0.06758665 0.08167472 0.1129427 0.1341918 0.1383849 0.1339121 -9999 0.1079164 -9999 -9999 -9999 -9999 0.1458504 0.1452722 -9999 -9999 0.1451382 0.1461079 0.1459029 -9999 0.1162145 0.1079423 -9999 0.1085751 0.1377205 0.1494505 0.1495245 0.1377558 -9999 0.150083 -9999 0.1509075 -9999 -9999 -9999 -9999 0.1474003 -9999 -9999 0.1392427 -9999 -9999 -9999 -9999 -9999 -9999 -9999
0.06756013 -9999 0.06900749 0.08287963 0.07864885 0.06869584 0.07119806 0.08173794 0.07710028 0.07423049 0.07711055 0.06503786 0.0602288 0.06049576 0.05865417 0.04826498 0.04902523 0.05013286 0.0508946 0.05339323 0.06674372 0.08127595 0.09220453 0.1193296 0.1308418 0.1162421 0.1019083 0.09889764 0.1081259 0.1495256 -9999 -9999 -9999 0.1468881 0.1460112 0.1452053 -9999 0.1459581 0.1469014 0.1467356 0.147049 0.1364012 -9999 0.1087446 0.1089779 0.1090484 0.1499615 -9999 -9999 0.1502315 -9999 -9999 -9999 0.1514303 -9999 -9999 -9999 0.1476786 0.1442711 -9999 0.1379002 -9999 -9999 -9999 -9999 -9999 -9999 -9999
0.06020604 -9999 0.07025936 0.07706667 0.06776287 0.07113785 0.07842921 0.07332227 0.07426013 0.08898193 0.09391777 0.06888063 0.0683041 0.06366834 0.05566743 0.04610459 0.04527026 0.04560032 0.04953011 0.05963773 0.07589187 -9999 0.08260591 0.08418871 0.09086809 0.08563701 0.08224114 0.08815177 0.1150074 0.1489551 -9999 0.1499369 -9999 0.1494026 0.1486224 -9999 -9999 -9999 0.1475139 0.1476435 -9999 -9999 0.149022 0.109028 0.109078 0.1298137 0.150392 -9999 0.1509744 -9999 -9999 -9999 0.1516042 -9999 0.1517709 0.1509839 -9999 -9999 -9999 -9999 0.1354443 -9999 -9999 -9999 -9999 -9999 -9999 -9999
-9999 0.05823829 0.06020175 0.0675065 0.06424299 0.09017448 0.09279948 0.09424643 0.1102747 0.1144119 0.1045047 0.07796561 0.06175617 0.0535034 0.04769608 0.0447537 0.04704967 0.05158558 0.05978234 0.06152193 0.06155328 0.06186895 0.06362916 0.07372296 0.07224302 0.07209186 0.07138062 0.08683775 0.1039487 0.1063688 -9999 0.1494368 -9999 -9999 0.1501068 -9999 -9999 -9999 -9999 -9999 0.1489733 0.149112 0.1282484 0.1090436 0.127131 -9999 0.1509524 0.1510387 -9999 -9999 -9999 -9999 0.152325 -9999 -9999 -9999 0.1496765 -9999 -9999 -9999 0.135694 -9999 -9999 0.1324401 0.1315685 -9999 -9999 -9999
0.05708217 0.05933494 0.06473665 0.06083491 0.06527232 0.119977 0.1595536 0.1299307 0.120038 0.1295574 0.08554386 0.06895962 0.06144115 0.05513995 0.05425588 0.05452179 0.05514478 0.05146525 0.05190924 0.05068615 0.04892489 0.04928473 0.05753729 0.05824385 0.05144732 0.0525413 0.06325464 0.07600367 0.08768588 0.1214094 0.1445074 0.1475823 -9999 -9999 0.1506467 0.1507943 -9999 -9999 -9999 -9999 0.1505803 0.15012 0.1505031 -9999 0.1392868 0.1514777 -9999 0.1517076 0.1519397 -9999 -9999 -9999 -9999 0.152786 -9999 -9999 0.1484133 0.1457069 0.1422095 0.1400874 0.1368441 -9999 -9999 -9999 -9999 -9999 -9999 0.1134657
0.09506886 0.09711273 0.06856011 0.0594248 0.08084359 0.1298724 0.1428978 0.09067573 0.08060578 0.08648541 0.0877685 0.08390454 0.06542167 0.05737801 0.05704536 0.05014034 0.04317541 0.04107494 0.0375112 0.03610417 0.03715133 0.03775192 0.03960411 0.0414699 0.04214712 0.05205646 0.07000979 0.078008 0.1065056 0.1292986 0.1410258 0.145678 -9999 0.1473241 0.1497201 -9999 -9999 0.1513689 0.1515201 0.1516162 0.1516431 0.1515007 -9999 -9999 0.1517804 -9999 0.1521178 0.1523008 0.152749 0.1528902 0.1295038 -9999 -9999 -9999 -9999 0.1512596 0.1491902 0.1472985 0.145112 0.1425045 0.1390401 0.1346072 0.1305754 0.1280306 0.1265993 -9999 -9999 -9999
0.1164109 0.1201475 0.07249902 0.06391129 0.1029843 0.1607157 0.1328728 0.1058136 0.08040242 0.07458819 0.07221957 0.06779332 0.0627075 0.05887893 0.0528841 0.04858156 0.04412023 0.03951321 0.03753289 0.03474463 0.03097204 0.03305973 0.0328061 0.03448943 0.03885602 0.05237592 0.06282587 -9999 0.1127437 -9999 0.09994258 0.1157736 0.1429926 0.1440664 0.1467114 -9999 0.1508138 0.1513126 0.1518603 0.1518866 0.1519411 0.1520102 -9999 0.1522283 0.1522845 -9999 0.1525776 0.1529838 0.1529313 0.1117074 0.1118739 0.1119773 -9999 -9999 0.1537568 0.1532429 0.1516844 0.1502057 0.1487888 0.1464624 0.1435999 -9999 -9999 -9999 -9999 -9999 -9999 -9999
0.1685649 0.1073513 0.07364053 0.07774936 0.1374559 0.1610554 0.1061138 0.08109421 0.08061573 0.08404168 0.07338613 0.0690046 0.06486207 0.05912875 0.05383319 0.04933005 0.04455534 0.04017186 0.03616449 0.03265291 0.02993074 0.03257892 0.03046162 0.03001952 0.03633089 0.04692503 0.05207452 0.06302208 0.0812986 0.08517347 0.09704217 0.09822651 0.1001 -9999 0.1449389 -9999 0.1507779 0.151804 -9999 -9999 -9999 -9999 0.1529741 0.1528822 0.1527755 0.1528954 0.1534443 -9999 0.1120263 0.1120873 0.1121496 -9999 -9999 0.1549462 0.1331376 0.1551782 0.1549771 0.1539592 0.1529829 0.151885 0.1507655 -9999 -9999 -9999 -9999 -9999 -9999 -9999
-9999 0.1132771 0.07709685 0.124251 0.194211 0.1490736 0.1047729 0.09561105 0.09802611 0.09939115 0.09188613 0.08317962 0.07609817 0.06130826 0.05491161 0.05546867 0.05135914 0.0463398 0.03781104 0.03147427 0.02862176 0.03006762 0.0291242 0.02722172 0.03045962 0.03322362 0.04166919 0.05679424 0.06871682 0.07386777 0.08762389 0.09368436 0.126957 0.1379043 0.1437747 0.1475164 -9999 0.1367013 -9999 -9999 -9999 -9999 0.1535475 0.112056 0.1121102 -9999 0.1535413 -9999 0.137172 0.1118635 0.1119292 0.1300461 0.1423512 0.1309668 0.1135059 -9999 0.1563635 0.1323277 0.1205905 0.1231875 0.1469648 0.131048 0.1537059 -9999 -9999 -9999 -9999 -9999
0.1523167 0.117095 0.1001979 0.113149 0.1011468 0.1219744 0.1035871 0.07670721 0.07583503 0.0812454 0.08219399 0.07947621 0.07420015 0.06671345 0.05546019 0.05639879 0.0567532 0.05283223 0.03870083 0.03275246 0.02889975 0.02583778 0.02404236 0.02467238 0.02758181 0.03104297 0.04093914 0.05630924 0.06589773 0.07712851 0.08544839 0.09095813 0.1182201 0.1383534 0.1436743 0.1471507 -9999 0.128657 0.1114621 0.1529784 0.1534372 0.153516 0.1540611 0.1539477 0.1125496 0.1540991 0.1537299 -9999 0.1445147 0.1106174 0.1101109 0.1112717 0.1155149 0.1115804 -9999 -9999 -9999 0.1142879 0.1153194 0.1156575 0.1157312 0.1152847 0.1141233 -9999 -9999 -9999 -9999 -9999
0.1719976 0.1463546 0.1253126 0.07754805 0.06353558 0.06701328 0.07741497 0.07266244 0.07981065 0.0794572 0.07794433 0.07561839 0.07073735 0.0637983 0.05752569 0.05670819 0.05623462 0.05196561 0.0447327 0.03740082 0.02901875 0.02600251 0.02443627 0.02409735 0.02921708 0.03620371 0.04707624 0.05763858 0.06757364 0.0764517 0.08318475 0.09845182 0.1318758 0.1317289 0.1138447 0.1479262 0.1300316 0.110882 0.1115287 0.1116356 0.1538961 0.154477 0.1546821 0.1548711 0.1547264 0.1545122 0.1536691 0.1528376 0.1404398 0.1098668 0.09591079 0.1032808 0.1073738 0.1093318 0.1094232 0.1035737 0.1045998 0.1133517 0.1142786 0.1156428 0.1161891 0.1352613 -9999 -9999 -9999 -9999 -9999 -9999
0.2036458 0.1318427 0.07942099 0.06241498 0.06359421 0.06779803 0.0696661 0.07727481 0.09500699 0.09444377 0.08925763 0.09550307 0.08611947 0.06583218 0.0590666 0.05549457 0.0585743 0.05398046 0.04794681 0.03886753 0.02841357 0.02554031 0.02562556 0.03016453 0.03486418 0.04181689 0.05139448 0.05843403 0.06267813 0.06680651 0.08308164 0.090218 0.09735639 0.1031757 0.1064903 0.1073939 0.1099234 0.1111664 0.1324474 0.1542135 0.1547662 0.1549537 0.1551878 0.1552983 0.154788 -9999 0.1105818 0.1506514 0.1492097 -9999 -9999 0.09063452 0.1031854 0.1045947 0.1055811 0.09333799 0.09512566 0.1104112 0.1104618 0.1134843 0.1581183 -9999 -9999 -9999 0.1487657 -9999 -9999 -9999
0.1464056 0.09678784 0.07600552 0.06921407 0.06111163 0.07413073 0.08882121 0.09348796 0.1009563 0.1047908 -9999 0.1000043 0.09067633 0.07564544 0.06340913 0.05409679 0.05433743 0.05467596 0.04674666 0.04024084 0.03303299 0.02518737 0.0245592 0.02666348 0.03482401 0.03488271 0.04549018 0.05272628 0.06225173 0.07133537 0.08569829 0.09243595 0.09854578 0.1019291 0.1049905 0.1071865 -9999 0.153333 0.1535969 0.1546261 0.1551771 -9999 0.1555829 0.1550745 0.1300062 -9999 -9999 0.1162774 0.1059094 0.1049412 0.1034831 0.09184106 0.09198432 0.09507181 0.09982553 0.09237882 0.08899809 -9999 0.1091371 0.1098077 0.1402832 -9999 -9999 -9999 -9999 -9999 -9999 -9999
0.09876573 0.0687082 0.05650707 0.05908611 0.06346203 0.07456274 0.09621926 0.1007036 0.1040896 0.1052784 0.1031857 0.1009579 0.09290958 0.08505714 0.07423577 0.05481906 0.0459059 0.04841558 0.0416776 0.03909449 0.03214321 0.02582568 0.02465044 0.02618162 0.02908994 0.03166903 0.03802942 0.05240451 0.06572999 0.08000581 0.08058929 0.08255 0.09398068 0.1029765 -9999 0.1369991 0.1518569 0.1530723 0.1532259 0.1548632 0.1554969 0.1558797 0.1557569 0.1301102 -9999 0.1083262 0.1046951 0.1041134 0.1027519 0.09760402 -9999 0.08358319 -9999 0.08492842 0.08179556 0.08183813 0.08496538 0.09717214 0.09986889 0.1254807 0.1044456 0.1067357 -9999 -9999 -9999 -9999 -9999 -9999
0.1127366 0.07215002 0.06234374 0.06035547 0.07220824 0.08147649 0.09156661 0.08727895 0.09224409 0.09579129 0.1005458 -9999 0.09290412 -9999 0.07058561 0.05937934 0.04591128 0.04434328 0.04340855 0.03753055 0.03375853 0.03034316 0.02722968 0.02857952 0.03044487 0.03393642 0.03977106 0.0516606 0.06205682 0.07264166 0.07883945 0.08006072 0.09344031 0.102057 0.1041277 0.1071056 0.1517934 0.1532442 0.1540555 0.1552214 0.1557024 0.1288961 0.1494454 0.1464457 -9999 -9999 0.1025216 0.1001994 0.09864935 0.0957825 0.08172396 -9999 -9999 -9999 0.07644469 0.07632613 0.08165453 -9999 -9999 0.0978515 0.09854728 0.1058982 -9999 -9999 -9999 -9999 0.1393312 -9999
0.1117567 0.1068495 0.07171483 0.05772975 0.06525892 0.06860141 0.07397719 0.07629314 0.07823281 0.07925149 0.08369239 0.09282098 0.08710909 -9999 0.0693731 0.06261333 0.05144759 0.04267382 0.04290758 0.04466068 0.04063707 0.04008719 0.03820178 0.03742486 0.03586422 0.04115002 0.04491711 0.06030875 0.06959128 0.07626893 0.08391351 0.09124555 0.09551587 0.1017279 0.1039691 0.1488244 0.151995 0.1532868 0.1546089 0.1475675 0.1228235 0.1138643 -9999 0.1106005 0.1093197 0.1021043 0.08700361 0.09441436 0.09420743 -9999 -9999 -9999 0.06784972 0.06858522 0.06981289 0.06952603 0.07100029 0.07877861 0.09078852 0.09003001 0.08554139 0.09783088 0.1093866 -9999 -9999 0.1135703 -9999 -9999
0.06670844 0.1089685 0.08890495 0.06952768 0.0686262 0.06911585 0.0742065 0.07740189 0.07879649 0.07816169 0.07588173 0.07498135 0.0816908 -9999 0.07016127 0.06360784 0.05568934 0.04798418 0.04815428 0.0510541 0.04596394 0.04437746 0.04582769 0.04407288 0.04741414 0.05366036 0.05319951 0.07046149 0.08063761 0.08704238 0.09578213 0.09883958 0.1001945 -9999 0.1445144 0.1472488 0.1522091 0.1534131 -9999 -9999 -9999 0.1132242 0.1114881 0.1090928 0.105073 0.1012612 0.07955234 0.07932674 0.07771417 -9999 -9999 0.06669847 0.06533909 0.06529334 0.06562081 0.07349166 0.07516725 0.06934873 0.07318234 0.07820438 0.0845655 0.08986565 0.1094309 0.1138382 0.10396 0.1111816 0.1181636 -9999
0.0578287 0.08952053 0.09308286 0.06922758 0.06481293 0.07021121 0.0762679 0.07984168 0.08213105 0.08593069 0.08897754 0.07722636 0.07660089 0.07714473 0.07517335 0.06564696 0.07117879 0.05441337 0.05324688 0.05239229 0.05762392 0.05652444 0.05173356 0.05186409 0.05627772 0.0651606 0.06615044 0.07548112 0.08258843 0.09551904 0.09826539 0.1007076 -9999 0.1039889 -9999 0.1362234 -9999 0.1111657 0.111982 -9999 -9999 0.1115548 0.1101814 0.1077768 0.1012738 0.08880497 0.0783364 0.07319371 -9999 0.06828748 -9999 0.06073296 0.06192313 0.06230536 0.06111442 0.06674907 0.07155949 0.06988442 0.0696027 0.0822259 0.08319803 0.08665409 0.0922892 0.09699398 0.1017326 0.1055646 0.1073429 0.1082126
0.08502387 0.07992113 0.06306256 0.06100137 0.0690999 0.08211215 0.08782485 0.1003527 0.1006575 0.1028914 0.0998217 0.09070434 0.08700863 0.08272865 0.07718849 0.06947833 0.07172585 0.06542286 0.06727467 0.0579148 0.05709364 -9999 -9999 0.0576474 0.06231309 0.06885431 0.07404002 0.07950582 0.08284819 -9999 -9999 -9999 0.1026275 0.1038649 0.106441 -9999 -9999 -9999 -9999 -9999 -9999 0.1091247 0.1069289 0.1053158 -9999 0.08633676 -9999 -9999 0.07233766 0.06503685 0.05642451 0.05426626 0.05269817 0.05923669 0.06419536 0.06695755 0.07185651 0.08057918 0.08137773 0.08877899 0.08413017 0.08299521 0.09184994 0.09514165 0.1017084 0.1051709 0.1073185 0.1087135
0.0846379 0.1091259 0.07504779 0.06457628 0.07057309 0.07819185 0.09137672 0.1010588 0.1082516 0.1046362 0.09841148 0.09167999 0.08675113 0.08261994 0.07734978 0.07094221 0.06884114 0.06727383 0.0713174 0.06987994 0.06498343 0.06977945 -9999 -9999 0.07195112 0.08114557 0.08059007 0.0929901 -9999 -9999 -9999 -9999 0.1019657 0.1021351 -9999 -9999 -9999 -9999 0.1101513 0.1103415 -9999 0.1067919 0.1032844 -9999 0.08778551 -9999 -9999 -9999 0.06895829 0.06633072 0.06105381 0.05524452 0.05155608 0.05512706 0.05723282 0.06692481 0.08418979 0.07127029 0.07264149 0.0790621 0.09423796 0.09052473 0.09506191 0.09581487 0.09887189 0.1047016 0.1225734 0.1239428
