trunk/projects/spp-inf/Species/species2.asc
ncols         649
nrows         555
xllcorner     294205
yllcorner     6283604.6
cellsize      0.200
NODATA_value  -9999
[rows 390 to 419 of 555, columns 201 to 267 of 649]
0.1701643 -9999 0.1458105 -9999 -9999 0.1753313 0.1835555 0.1877553 0.2008068 0.2064564 0.2001109 0.2012258 0.1843031 0.1420736 0.1232719 0.108427 0.1027834 0.1439298 0.2013572 0.198076 0.1886455 0.1920157 0.1864497 0.1919856 0.2215006 0.2434906 0.2631764 0.2191031 0.1873601 0.1544695 0.1365925 0.1547119 0.1725299 0.155356 0.1306604 0.1188633 0.1182654 0.1116033 0.1159691 0.1315094 0.1694289 0.2091897 0.2173411 0.2269062 0.2245637 0.2186848 0.2708377 0.3351448 0.3482192 0.3093168 0.2440109 0.2647447 0.2366076 0.1658968 0.135008 0.1238327 0.155646 0.1771033 0.1965658 0.2150459 0.2016611 0.1953976 -9999 -9999 0.2228571 0.215149 0.2554491
0.1720436 0.1679284 -9999 -9999 -9999 0.1492335 0.1801531 0.19095 0.1943277 0.210279 0.1953075 0.1768637 0.1851104 0.1725199 0.1411712 0.1101522 0.1018001 0.1313218 0.2058593 0.2212916 0.1862444 0.2117907 0.2402848 0.2755547 0.2684498 0.3094206 0.3141314 0.2441919 0.2039136 0.1706353 0.1739764 0.1838798 0.1851095 0.1455941 0.1243571 0.1057269 0.1132174 0.1220596 0.1300774 0.1443266 0.1563698 0.1851568 0.1919571 0.2063938 0.2506633 0.2777019 0.2956171 0.2902565 0.3128889 0.2771441 0.2491364 0.2870756 0.2325689 0.1665912 0.1426541 0.1410586 0.160291 0.1942247 0.216651 0.1892026 0.1723099 0.1643831 -9999 0.2270369 0.2004404 0.1991758 0.2525617
0.1757361 0.1667508 0.1577868 -9999 -9999 0.1471004 0.1805905 0.1963777 0.1962354 0.1810805 0.1652542 0.1618094 0.1771401 0.1887037 0.1704117 0.1446851 0.111665 0.1174051 0.1887852 0.2389645 0.2213935 0.2270263 0.2551005 0.3041231 0.3597999 0.3820037 0.3805295 0.2871046 0.2367849 0.1844495 0.1704205 0.2100493 0.2010292 0.1527581 0.124827 0.1342425 0.1324193 0.1407455 0.1357181 0.1330907 0.1405058 0.1497649 0.1795367 0.1988648 0.2519509 0.2364136 0.2379451 0.2275404 0.2944382 0.2777123 0.2635154 0.311672 0.2328489 0.17993 0.1609063 0.1596795 0.1834498 0.2165179 0.2119298 0.1731264 0.1447024 0.1506902 0.1963574 0.2231563 0.1858403 0.2005872 0.233238
0.1907553 0.1813517 0.1575833 -9999 0.1602373 0.1752815 0.1838158 0.1952168 0.1898924 0.1730995 0.1670694 0.1524032 0.159633 0.1720559 0.1809085 0.1788835 0.1570035 0.1385658 0.1892027 0.2210307 0.2039061 0.2097921 0.2440658 0.3144919 0.3422141 0.401499 0.4527093 0.3705617 0.2897136 0.2228158 0.2057241 0.2391267 0.2004618 0.1442681 0.1505078 0.1692025 0.1604721 0.1345333 0.1323851 0.1290848 0.1308628 0.1581251 0.2025963 0.2271998 0.2454371 0.1908105 0.1950607 0.1944183 0.2715236 0.273768 0.2865158 0.3092226 0.2412573 0.1976496 0.2118193 0.2036338 0.2171438 0.2068332 0.1783715 0.1875826 0.1664428 0.1383857 0.1810553 0.2150134 0.1794093 0.1813979 0.2205705
0.2021374 0.1956677 0.1539915 -9999 -9999 0.1763735 0.1783821 0.1807393 0.1775563 0.1673771 0.1548538 0.1513927 0.148719 0.1458153 0.1473029 0.1613146 0.1840955 0.1852521 0.1870063 0.2146037 0.1952906 0.2283294 0.2545423 0.3015448 0.3229427 0.3815061 0.4588794 0.4655828 0.414617 0.3111941 0.2385677 0.2725245 0.2332912 0.1954209 0.1979481 0.1681544 0.1391033 0.1424234 0.137501 0.1202424 0.1543935 0.1776015 0.1952514 0.2305977 0.2119536 0.1767098 0.1776877 0.194474 0.2573296 0.2635988 0.3062053 0.3210708 0.2581816 0.2478252 0.2533306 0.2282478 0.2238985 0.2180372 0.1621536 0.1497961 0.1673153 0.1506233 0.1510968 0.1834259 0.1570311 0.1622534 0.1931079
0.2061742 0.1976036 0.1896735 -9999 0.1487337 0.1491334 0.1744861 0.162341 0.17348 0.1754245 0.1668055 0.1555633 0.1365385 0.1420012 0.1473279 0.1501878 0.1618449 0.1842916 0.2112942 0.2164743 0.202722 0.2459767 0.311516 0.3598862 0.3898696 0.3727677 0.3899187 0.4283492 0.4321882 0.3798297 0.323082 0.287158 0.2582888 0.2503741 0.2091681 0.1636198 0.1342479 0.1356011 0.1234216 0.1230278 0.1488399 0.1742284 0.1960894 0.2041479 0.1751513 0.1556298 0.1653378 0.20875 0.2401848 0.266197 0.3278283 0.3323654 0.2796361 0.2936602 0.2435802 0.2432151 0.2367422 0.2320919 0.1760464 0.1477722 0.1513742 0.1590919 0.1393011 0.151951 0.1531293 0.1528813 0.1673206
0.2068952 0.2098624 0.1967408 -9999 0.1484389 0.1495958 0.1505917 0.1547989 0.1744456 0.1866589 0.1724727 0.1633805 0.1476803 0.1414117 0.1518217 0.1417347 0.1459282 0.1831534 0.210636 0.2098177 0.2483489 0.2849059 0.3561852 0.4149393 0.4477434 0.3873776 0.3377683 0.3622818 0.3580219 0.3616819 0.3860754 0.3092192 0.233593 0.221011 0.2259042 0.1830646 0.168637 0.1401215 0.1215615 0.1258495 0.146639 0.1812878 0.2014983 0.1954974 0.1628272 0.1464469 0.1684156 0.2253719 0.2288453 0.2490106 0.3238872 0.3459572 0.3293209 0.2934498 0.2737744 0.2704649 0.2394559 0.2441628 0.1828597 0.1481514 0.1430013 0.1482373 0.1405123 0.1365686 0.1396032 0.1377684 0.1533211
0.207661 0.1955314 0.1880208 0.1748942 0.1653748 0.1498351 0.1512335 0.1501686 0.1550722 0.1788572 0.1777495 0.16943 0.1901826 0.1847343 0.1790571 0.1834057 0.1829216 0.2116751 0.2221908 0.2167454 0.2426908 0.2732786 0.2981858 0.3586135 0.43669 0.4245957 0.3654881 0.3435661 0.362982 0.3985097 0.4131742 0.3318919 0.237959 0.193192 0.2168242 0.2022341 0.1640006 0.1483746 0.1366634 0.1245436 0.1312629 0.1583555 0.1756432 0.1679507 0.1499479 0.1374425 0.1948454 0.2213059 0.2405393 0.2574767 0.3316453 0.3490564 0.3488387 0.3044257 0.3111139 0.2801518 0.2645989 0.2269715 0.1874875 0.158012 0.1429887 0.1326732 0.142052 0.1453501 0.1444515 0.137664 0.1679816
-9999 0.1896674 0.1780219 0.1745637 0.1526659 0.1491932 0.151749 0.1558582 0.1699402 0.1735292 0.167306 0.1676268 0.1941768 0.2090446 0.1919059 0.1721091 0.1686614 0.205978 0.1733209 0.1738894 0.207289 0.2122171 0.2321986 0.3048139 0.4066018 0.4389617 0.4093581 0.391868 0.4268808 0.44546 0.422345 0.3348992 0.2302186 0.1932196 0.1927993 0.2142262 0.2057041 0.1700058 0.1467281 0.1299098 0.130483 0.1318711 0.1399633 0.1380489 0.1380265 0.1555631 0.1961142 0.2060956 0.2376652 0.308768 0.3739554 0.3762459 0.3535771 0.3353301 0.3476731 0.3220084 0.2846496 0.2382486 0.2079164 0.1722474 0.1627988 0.1468989 0.1508953 0.1642822 0.1511825 0.1312132 0.1428602
0.2016702 0.2011409 0.1946488 0.1729141 0.1712801 0.1608776 0.1512213 0.1531018 0.180047 0.1820305 0.1809679 0.1862919 0.186371 0.2049382 0.1881286 0.1779911 0.1929309 0.1839491 0.1391786 0.1603673 0.1594302 0.1610129 0.1886936 0.2573908 0.3516544 0.4127901 0.4257772 0.4312799 0.4648645 0.4424584 0.3744146 0.2999629 0.2414973 0.192327 0.1827863 0.1939149 0.2050155 0.1705991 0.1498749 0.1395273 0.1352817 0.1295501 0.1323736 0.1456659 0.1530221 0.1566653 0.1608891 0.2145709 0.2849296 0.344876 0.3963192 0.4094873 0.400698 0.3923908 0.3892385 0.3909729 0.3764935 0.3178552 0.2852829 0.2224153 0.1816408 0.1674109 0.1578298 0.1696848 0.1394708 0.1310115 0.125235
0.2025309 0.1995065 0.1947273 0.1874225 0.180765 0.1730931 0.1485613 0.1543499 0.1847173 0.1888095 0.2048089 0.1972765 0.1990038 0.2126293 0.2118774 0.1931894 0.1802238 0.1685588 0.125192 0.1497958 0.1489809 0.139266 0.1667119 0.2173729 0.2777888 0.3250749 0.3908589 0.4435616 0.4652033 0.4244217 0.3562653 0.287415 0.2560476 0.2081715 0.1820866 0.183345 0.1872835 0.1700189 0.1449088 0.1489268 0.147975 0.1435284 0.1539755 0.1602973 0.1727582 0.1649539 0.1864299 0.2287455 0.2942835 0.3730812 0.4424696 0.4405935 0.4720876 0.4907402 0.461217 0.4547641 0.4422021 0.3635961 0.3406266 0.2923417 0.2355696 0.2041601 0.1956508 0.1765852 0.1415729 0.1399088 0.136047
0.2238385 0.1941862 0.1908707 0.1865901 0.1846833 0.1584965 0.1470873 0.154822 -9999 0.193847 0.1956573 0.202969 -9999 0.199075 0.1874269 0.1823725 0.1778038 0.1685744 0.131833 0.1460893 0.1292987 0.1280639 0.1472925 0.1683534 0.2026414 0.2711914 0.3534799 0.4307541 0.4414043 0.3845343 0.3143837 0.2619535 0.2276756 0.1960955 0.2021385 0.1956011 0.1750636 0.1612796 0.1879543 0.1910982 0.1731535 0.1678103 0.1745564 0.2033267 0.2135128 0.2009031 0.2227712 0.2519439 0.2915158 0.3737249 0.4438011 0.447417 0.4833708 0.5497704 0.5243084 0.5048233 0.4754664 0.4245849 0.3838237 0.3215924 0.2839106 0.2701531 0.2246484 0.1779227 0.1500029 0.1636619 0.1410177
0.2101847 0.1879862 0.1859097 0.1834497 -9999 -9999 0.1602796 -9999 0.1880695 0.1968587 -9999 0.2021293 -9999 0.2046016 0.1813776 0.175451 0.1650368 0.1454083 0.1340867 0.1302606 0.1213019 0.1259249 0.1533296 0.1645579 0.1911742 0.2656467 0.3458728 0.3826858 0.3885972 0.354409 0.2827084 0.2796661 0.2490222 0.221722 0.2302544 0.2061225 0.184105 0.184734 0.2228455 0.2354953 0.2338914 0.1989777 0.1891817 0.2124529 0.254579 0.2612242 0.2602835 0.2994009 0.3223912 0.4055974 0.4711988 0.4600736 0.5144275 0.5547117 0.5673206 0.5651654 0.5356395 0.4820244 0.425797 0.3335557 0.31826 0.316483 0.2481334 0.2028729 0.1925715 0.1893322 0.1552058
0.2105069 0.189255 0.1837282 0.1819191 0.1810851 0.170262 -9999 -9999 0.185915 0.1966999 -9999 -9999 -9999 0.2026369 0.187686 -9999 -9999 0.1383113 0.1360007 0.1211198 0.1093529 0.1240797 0.1469049 0.1652874 0.1975418 0.252426 0.3045274 0.3339706 0.333216 0.2966863 0.3268256 0.3182617 0.2548164 0.2364294 0.2710429 0.24139 0.2417404 0.2143484 0.217115 0.2775256 0.2588306 0.2457492 0.2171166 0.2333244 0.2854645 0.3304133 0.3434831 0.3655168 0.4020833 0.4562994 0.5227486 0.5064139 0.5620669 0.581891 0.5927828 0.6342752 0.5927876 0.5170451 0.4520027 0.4077777 0.3781604 0.3647248 0.3113003 0.2491477 0.2534664 0.2132867 0.1946337
0.2171707 0.184101 -9999 0.1814815 0.1735638 0.168589 -9999 -9999 0.2011983 -9999 0.2126015 -9999 -9999 -9999 0.1965221 0.1812637 0.1774828 0.161499 0.1403377 0.1236851 0.1139907 0.1245675 0.1301228 0.1319051 0.1531395 0.1913982 0.25643 0.2977098 0.2825938 0.2967274 0.3468262 0.3389594 0.2961653 0.2613564 0.3033901 0.3062988 0.3036947 0.2543641 0.2573984 0.2986257 0.2565867 0.2358444 0.2107477 0.2416262 0.2995229 0.3386615 0.375804 0.4003265 0.4569172 0.509489 0.5458019 0.6094371 0.6165762 0.6159386 0.6350073 0.6876498 0.6365476 0.5617029 0.5419663 0.4819556 0.4284034 0.3968646 0.3729547 0.3279698 0.2803454 0.2402667 0.2698852
0.2171063 0.1997158 0.1829536 0.1820862 0.1814152 0.1669918 0.1695727 -9999 -9999 0.2015756 0.2073214 0.212306 0.2173193 0.2057319 0.2038884 0.1994041 -9999 0.172779 0.1565236 0.1369122 0.1276131 0.1396589 0.155517 0.158621 0.1600187 0.1801843 0.232577 0.2790766 0.263928 0.308698 0.3261286 0.3280858 0.3094366 0.3019519 0.2841648 0.3052387 0.3356302 0.3158432 0.3155194 0.3128771 0.2738637 0.2385489 0.2192491 0.245626 0.2923656 0.3185667 0.3673595 0.4020459 0.4486014 0.4827679 0.5555121 0.6394089 0.6600016 0.6389395 0.6786264 0.7214289 0.6624304 0.6037183 0.5599782 0.4837394 0.4649429 0.4305963 0.4262776 0.3701364 0.3017105 0.2995342 0.3198265
0.2131068 0.1881805 0.1835266 0.1828949 0.177406 0.1670074 -9999 -9999 -9999 -9999 -9999 0.2066486 0.2162625 0.222116 0.2140135 0.2052411 -9999 0.1796192 0.1706622 0.1541879 0.1498635 0.1591803 0.1683203 0.1916768 0.2032717 0.2168529 0.2335526 0.2615813 0.2716202 0.3117366 0.3178933 0.3552606 0.3892551 0.3782287 0.3022951 0.2961748 0.2914724 0.3350506 0.3606821 0.2899681 0.2552529 0.2426974 0.2695822 0.2888142 0.3199097 0.373567 0.4104271 0.4373372 0.4912259 0.5414321 0.5814355 0.6564911 0.7293197 0.7041388 0.7286947 0.7283646 0.6815394 0.6232393 0.5939527 0.5700444 0.5339941 0.5203741 0.4881696 0.4433638 0.3827534 0.3920551 0.367016
0.1908706 0.1849466 -9999 0.1838778 0.1782546 0.1680288 0.1679818 -9999 -9999 -9999 0.1952935 0.2063258 0.2149241 0.220517 0.225982 -9999 0.220146 0.2126747 0.194236 0.1750773 0.1718304 0.1802684 0.1954555 0.1914403 0.1772939 0.1731345 0.1889068 0.2250625 0.2576737 0.2867724 0.3197173 0.334746 0.3658616 0.377403 0.2965426 0.2994075 0.3054911 0.3695959 0.3875424 0.326378 0.2794461 0.3024975 0.3228505 0.3703366 0.3735529 0.4369787 0.5251944 0.5474709 0.5879632 0.6407606 0.6809117 0.7144045 0.7632194 0.770719 0.7661701 0.7414204 0.7015327 0.6636156 0.6069373 0.5449887 0.5186316 0.4845616 0.4822628 0.4985515 0.4847351 0.4248106 0.3463138
0.1545276 0.1608367 0.1607955 0.1850481 0.1839792 0.1688826 0.1690795 -9999 0.1686942 0.1858243 0.1898359 0.2039894 0.2273206 0.2166529 0.2254649 0.2322011 0.2352636 0.2326156 0.2461254 0.2280698 0.2178072 0.2177229 0.1987979 0.1657089 0.1426422 0.1437555 0.1496929 0.1820731 0.2164782 0.2516069 0.3268853 0.3310151 0.3389837 0.3046666 0.2744074 0.3021355 0.3179999 0.3813981 0.4221524 0.3795125 0.3441262 0.3484426 0.3814826 0.4523858 0.4645298 0.5001539 0.5904661 0.635051 0.6613677 0.6945137 0.7184223 0.7507874 0.7816944 0.8118739 0.7949087 0.7627066 0.7536701 0.6922122 0.5834768 0.5247138 0.4819332 0.4749993 0.4790776 0.4998435 0.5011637 0.3969713 0.3357825
0.1087883 -9999 -9999 -9999 -9999 0.1697989 0.1708298 0.1715811 0.1852207 -9999 0.1859345 0.1899869 0.2286947 -9999 0.223981 0.2317 0.2402284 0.2387095 0.2402666 0.24683 0.2338134 0.2124462 0.1854717 0.1624373 0.1696488 0.1657268 0.1719282 0.2041182 0.2259113 0.2622584 -9999 0.3045277 0.2795556 0.2592805 0.2777396 0.3348131 0.3213411 0.3785441 0.4580387 0.4357755 0.4410674 0.4220482 0.4760534 0.5561023 0.5916138 0.594525 0.6741544 0.675053 0.6887432 0.729763 0.7634095 0.7631152 0.7670472 0.8109704 0.8321822 0.8222969 0.763132 0.6632017 0.5670338 0.5109216 0.5070865 0.4988699 0.4885054 0.5194988 0.5206457 0.4324583 0.3543846
0.07628049 -9999 -9999 -9999 -9999 -9999 0.1650701 -9999 0.175191 0.181561 0.1868819 0.186866 0.2166143 0.2247068 0.227822 0.2604953 0.2409854 0.2381454 0.2390353 0.2393678 0.2301994 0.2216632 0.2112256 0.194998 0.2054968 0.2050881 0.1963527 0.177627 0.1847238 0.2240597 0.2592848 0.2884313 0.2725108 0.2950484 0.3266198 0.3784535 0.3623067 0.3888732 0.4798028 0.5212668 0.5034381 0.4996959 0.5834144 0.5932989 0.6187384 0.6468112 0.6730556 0.7135608 0.7194281 0.7208841 0.7518072 0.7573932 0.7794174 0.8005842 0.8325681 0.8042139 0.7342414 0.6418153 0.5761085 0.4912295 0.4800828 0.4815609 0.4709455 0.4565392 0.4613802 0.4713178 0.4182004
0.07486243 0.07413141 0.0759846 0.08528376 0.1088838 0.1418573 0.1671462 0.1762081 0.1760544 0.1848838 0.1883779 0.1916777 0.2207313 0.2264602 0.244091 0.2593835 -9999 -9999 0.2346101 -9999 0.2274008 0.2207678 0.2271914 0.2175808 0.1974765 0.1719311 0.1762135 0.15749 0.1733717 0.1882775 0.2319158 0.2609555 0.2895683 0.3126336 0.3538238 0.3931478 0.4150985 0.4584867 -9999 0.5295961 0.5106204 0.5282058 0.6125044 0.5814984 0.6238523 0.6700843 0.703126 0.7514216 0.7609843 0.7602497 0.7829947 0.7768717 0.7842387 0.795048 0.818772 0.8179075 0.7251323 0.6292959 0.5936117 0.5234537 0.4610393 0.433841 0.4085698 0.383049 0.3881591 0.3907811 0.3752013
0.02289379 0.05804151 0.06693466 0.07853319 0.08909705 0.1087026 -9999 0.1761802 0.1768036 0.1898577 0.1877212 0.2133823 0.2202468 0.2281369 0.240698 0.2522067 -9999 -9999 -9999 0.2435078 0.2374531 0.2234149 0.2188635 0.2182211 0.1925231 0.1623985 0.1558179 0.1408141 0.1615474 0.197978 0.2328693 0.2327766 0.2454773 0.2671415 0.2744585 0.3519965 0.3890248 0.4253227 0.4795838 0.5273868 0.5249454 0.5518699 0.6233153 0.6139179 0.6309731 0.6404476 0.6563143 0.7234365 0.7895732 0.7973789 0.8200887 0.8170763 0.8270598 0.8116755 0.834527 0.8348948 0.7539851 0.656711 0.6131974 0.5675031 0.4802393 0.4168487 0.3769183 0.337888 0.3488765 0.3290127 0.3369497
0.01934958 -9999 -9999 0.07413743 -9999 -9999 0.1526848 -9999 0.1903921 0.1895751 0.187987 -9999 0.2188608 -9999 0.2438401 0.2474773 -9999 -9999 0.2510317 0.2534246 0.2384621 -9999 0.2207684 0.2015794 0.176355 0.1523979 0.1533093 0.156255 0.1823702 0.2192445 0.2029535 0.1792075 0.1771288 0.2061819 0.2485198 0.3071004 0.3253233 0.3317531 0.3737204 0.441713 0.5299111 0.5757174 0.6115763 0.6071793 0.5932896 0.5830747 0.5937657 0.6697714 0.7648076 0.8195212 0.8490973 0.8571653 0.8619596 0.8465155 0.851202 0.852175 0.8138695 0.7148167 0.6216798 0.5722816 0.4744986 0.4245704 0.406389 0.3687858 0.3392474 0.3211681 0.3253835
0.01954377 -9999 -9999 0.06929287 0.07514725 -9999 0.1117622 0.1696261 0.1756459 -9999 -9999 0.1864709 -9999 -9999 0.2490022 0.2543293 0.2521567 0.2594651 0.2532606 0.2547597 -9999 0.2560622 -9999 0.2123778 0.1888434 0.1728582 0.162286 0.1702423 0.1843963 0.1816767 0.1642835 0.1487246 0.1581642 0.1966771 0.2279165 0.2299582 0.2173678 0.2396732 0.3153724 0.439078 0.5018578 0.5352281 0.5869024 0.5531436 0.5498999 0.5589694 0.5641041 0.6045349 0.6821256 0.7819328 0.8324229 0.859709 0.8630926 0.8638779 0.8541844 0.8347178 0.8209567 0.7610608 0.6513337 0.5898002 0.4714108 0.40983 0.3941832 0.3742682 0.3277158 0.328131 0.3360654
-9999 -9999 0.03231109 -9999 -9999 0.08381418 0.1004594 0.178753 0.1759799 -9999 -9999 -9999 -9999 0.2466016 0.2504187 0.2535056 0.2479664 0.2585226 0.2597538 0.2635519 -9999 -9999 -9999 -9999 0.1925233 0.1711963 0.1515259 0.1460358 0.1501715 0.1435121 0.1372164 0.1499752 0.1749666 0.1883872 0.192783 0.1779658 0.174502 0.1965084 0.2666253 0.3210135 0.4129778 0.4998785 0.5442315 0.5440703 0.5480745 0.5266631 0.5544784 0.6157625 0.6663679 0.7370996 0.7850891 0.8244382 0.8144612 0.8425251 0.8365421 0.8067487 0.802619 0.7737815 0.6992108 0.6121604 0.4942802 0.4279392 0.388306 0.390576 0.3238497 0.3173093 0.3463033
-9999 -9999 -9999 -9999 0.07365705 0.07205021 0.1076661 -9999 -9999 0.1881131 0.1872483 -9999 -9999 0.2358358 0.2381973 0.251996 0.2585892 0.2570005 0.2626649 0.2691977 -9999 -9999 0.2646303 0.2434685 -9999 0.1754431 0.1597926 0.1403784 0.1351053 0.1404857 0.1377326 0.1608613 0.1530947 0.1485551 0.1472254 0.1590345 0.1876381 0.2024153 0.2195834 0.2559976 0.3377929 0.4505475 0.490866 0.5358434 0.532803 0.5087407 0.5542541 0.5987335 0.649166 0.6806279 0.7275822 0.7677558 0.8000402 0.8420478 0.8061677 0.7941115 0.7660137 0.7356901 0.7086878 0.6226125 0.4923396 0.4037004 0.3966997 0.4123311 0.3855948 0.3551674 -9999
-9999 -9999 -9999 -9999 0.05444352 -9999 0.1177116 0.1582554 -9999 0.1888958 -9999 -9999 -9999 0.2302259 0.2548702 0.2505516 0.265486 0.2539522 -9999 0.2667472 -9999 -9999 -9999 0.2612404 0.223774 0.1825221 -9999 -9999 0.1408366 0.1320036 0.1354605 0.1475238 0.1365388 0.1439722 0.1505327 0.1759472 0.1999239 -9999 -9999 -9999 0.2966433 0.3945706 0.4476117 0.4724137 0.4563941 0.4547895 0.5246649 0.5965374 0.6280507 0.6522335 0.6788831 0.7073225 0.7574058 0.7913888 0.7815166 0.7586744 0.7242112 0.7026868 0.6629473 0.6105677 0.49851 0.4220658 0.3917614 0.3700756 -9999 0.3317201 0.302516
0.006950377 -9999 0.01751115 0.0290608 0.05520802 -9999 0.1103389 0.1596865 -9999 -9999 -9999 -9999 0.1911053 0.2213502 0.2493544 0.2674544 0.255126 0.2530053 -9999 -9999 -9999 0.2803501 -9999 0.2611869 0.2430471 -9999 0.1765582 -9999 0.1367654 0.1405252 0.1362321 0.1465746 0.1513606 0.167874 0.1894403 0.2131761 0.199143 0.2198246 0.2487074 0.2696236 0.2966261 0.3485202 0.3899628 0.4034865 0.4029056 0.4003538 0.4436007 0.5468901 0.5695324 0.6024216 0.6529678 0.6941335 0.7058858 0.7352887 0.7436668 0.7002353 0.6800359 0.6118652 0.5756561 0.5492567 0.5280426 0.4438385 0.3734931 0.3034035 0.2874926 -9999 0.3031037
0.002807375 0.007083241 0.0143154 0.02314262 0.03287304 -9999 -9999 -9999 -9999 -9999 0.1857394 0.1928096 -9999 0.2124614 0.2367064 0.2762298 0.2630423 0.2613582 0.2644139 0.2560825 0.2713512 -9999 0.2778178 0.2668728 0.255681 0.2047328 0.1900985 -9999 0.1618198 0.1534244 0.1493977 0.1561537 0.1966361 0.2099276 0.2111634 0.1840856 0.1666239 0.1961853 0.2439715 0.2611578 -9999 0.3252102 0.3516541 0.3758202 0.3934139 0.3837379 0.3707141 0.4697449 0.5312262 0.5456583 0.6056963 0.6185638 0.6267598 0.684109 0.7203355 0.6479263 0.5498601 0.4950331 0.4860038 0.4500762 -9999 0.3442524 0.2840248 0.2490342 0.2482874 -9999 -9999
