buffs <-
structure(list(Adelaide = c(43244140.9385, 83883991.3348, 122952510.221, 
160942737.791, 198250760.682, 235029172.305, 271340121.068, 307003786.287, 
342228992.173, 376990751.153, 411295662.855, 445202699.771, 478643552.054, 
511678492.243, 543862205.237, 575240730.919, 606048106.707, 636482277.655, 
666696014.126, 696754300.608, 726679410.265, 756360994.34, 785887542.139, 
815236468.443, 844562349.639, 873845970.766, 903249798.888, 932703685.851, 
962198961.798, 991517624.743, 1020737920.33, 1049877319.97, 1078963481.37, 
1108017153.49, 1137047096.39, 1166059173.24, 1195059448.66, 1224057943.26, 
1253035824.34, 1281992361.39, 1310902794.06, 1339781636.74, 1368635834.63, 
1397484131.38, 1426335874.97, 1455200713.27, 1484057509.43, 1512920931.09, 
1541793171.73, 1570681247.04), Albany = c(7473305.01198, 14841479.89, 
22160467.5355, 29436484.1945, 36623447.5624, 43703560.6796, 50737703.3976, 
57553581.3286, 64175142.7388, 70781064.4022, 77378199.6616, 83970664.5772, 
90402988.8809, 96710163.2082, 102936525.938, 109056505.209, 115177917.446, 
121341085.628, 127534082.714, 133761434.04, 140025298.89, 146323433.231, 
152659346.484, 159034864.903, 165454669.161, 171899141.609, 178409556.874, 
184966426.405, 191569388.038, 198220713.189, 204921282.026, 211671942.176, 
218474580.079, 225328384.779, 232235727.325, 239197210.29, 246213248.378, 
253285806.445, 260412451.854, 267594702.358, 274832082.242, 282127401.17, 
289477791.989, 296885253.707, 304350220.617, 311872881.268, 319452539.634, 
327093309.954, 334790277.085, 342546902.275), `Albury-Wodonga` = c(9947513.57194, 
19347696.7233, 28227904.2967, 36768778.8573, 45179369.776, 53500896.0454, 
61748885.3277, 69945220.4278, 78102175.9761, 86209388.4143, 94118785.1567, 
101803980.637, 109336575.586, 116752700.262, 124074468.729, 131330699.771, 
138607283.039, 145903519.611, 153227758.81, 160585217.057, 167976703.859, 
175406911.775, 182879145.535, 190393722.712, 197952595.84, 205529795.601, 
213173599.637, 220865615.647, 228605831.187, 236392419.7, 244228823.925, 
252115383.035, 260052938.726, 268041362.601, 276083244.895, 284178896.557, 
292329292.616, 300535642.115, 308797641.087, 317116194.979, 325490249.783, 
333919490.434, 342404733.782, 350946151.37, 359543999.785, 368199689.433, 
376911592.457, 385683390.016, 394511717, 403398899.089), AliceSprings = c(6949418.59862, 
13390048.7462, 19585070.7367, 25570423.594, 31318279.5326, 36931238.5354, 
42505673.3604, 48076907.9479, 53609277.3674, 59125065.3124, 64635054.2584, 
70165224.0662, 75719062.5052, 81300133.7364, 86920252.8144, 92562038.1338, 
98232764.4857, 103940248.249, 109690950.005, 115483832.881, 121322879.597, 
127185482.376, 133073609.034, 138994809.458, 144953597.711, 150935880.249, 
156981236.473, 163073150.243, 169214428.328, 175402976.141, 181626173.198, 
187882517.102, 194171020.646, 200493195.946, 206854539.209, 213260033.301, 
219711888.276, 226212925.257, 232763271.913, 239364749.672, 246017814.843, 
252723948.115, 259482427.076, 266294561.104, 273160653.078, 280082888.543, 
287059330.601, 294093048.282, 301182246.02, 308329403.761), Armidale = c(2773035.74985, 
5543289.13465, 8328690.45871, 11129697.4445, 13938619.2096, 16773357.7663, 
19647373.8686, 22565676.7083, 25530034.1452, 28543538.8217, 31607506.9658, 
34728681.0204, 37906960.2639, 41142717.8162, 44438147.9568, 47792424.5873, 
51206761.75, 54678459.7234, 58211314.8694, 61803745.7688, 65455775.1588, 
69167268.5555, 72934866.065, 76763360.5042, 80647495.6865, 84582623.4387, 
88588093.2321, 92654012.6348, 96780812.9097, 100967676.527, 105216171.134, 
109525043.04, 113896207.915, 118328231.034, 122821723.942, 127377168.145, 
131994308.294, 136673781.71, 141414638.141, 146217711.342, 151082637.389, 
156010249.487, 160999865.232, 166051497.709, 171165317.055, 176341926.426, 
181579934.098, 186880678.648, 192243806.043, 197668701.797), 
    BacchusMarsh = c(3070251.0506, 5922731.46989, 8656448.03502, 
    11350017.7674, 14057532.7268, 16790974.0067, 19559192.4725, 
    22360336.2042, 25192096.6342, 28064240.3386, 30980020.1307, 
    33946890.2988, 36964543.0169, 40034961.0492, 43158695.3857, 
    46336937.4916, 49570116.4811, 52850413.5144, 56183750.217, 
    59569751.4751, 63009937.7979, 66508990.5765, 70062274.6329, 
    73675839.4308, 77345621.3425, 81062112.8921, 84850466.4712, 
    88699357.0636, 92607936.3608, 96576783.411, 100606964.81, 
    104696977.42, 108848595.927, 113060552.198, 117333572.807, 
    121667884.091, 126063783.038, 130520898.648, 135039357.008, 
    139619331.146, 144261247.63, 148965381.65, 153730939.45, 
    158558462.5, 163447777.647, 168400232.401, 173413412.346, 
    178489836.944, 183627809.404, 188828452.137), Bairnsdale = c(2986820.79581, 
    5816552.28052, 8574128.91206, 11282108.7521, 14002249.4537, 
    16756852.7207, 19552980.6867, 22396102.168, 25286274.8261, 
    28217830.6432, 31192457.3368, 34215508.5808, 37287984.5766, 
    40408691.6096, 43580882.5308, 46807020.3341, 50087723.5968, 
    53424066.0943, 56817487.5715, 60269271.2123, 63777137.5841, 
    67344675.5432, 70973271.8788, 74658444.2862, 78404407.2181, 
    82197703.9964, 86062859.6689, 89988170.4228, 93974262.4035, 
    98020685.5322, 102127855.016, 106295774.293, 110524801.783, 
    114814880.151, 119166050.546, 123577788.003, 128051608.247, 
    132586679.686, 137182500.386, 141840213.78, 146559575.589, 
    151340111.978, 156181724.176, 161084497.651, 166047957.496, 
    171073450.52, 176159364.439, 181307688.389, 186517386.984, 
    191787992.913), Ballarat = c(7531539.50758, 14877840.453, 
    22100853.1885, 29233122.4898, 36279900.251, 43277409.4256, 
    50250129.2293, 57192367.3867, 64092482.6896, 70908800.4178, 
    77715405.7633, 84519921.0716, 91302359.7845, 98016924.318, 
    104781151.413, 111532442.184, 118309876.937, 125119654.952, 
    131967498.538, 138857371.775, 145790855.121, 152769818.615, 
    159799931.193, 166877652.268, 174008195.199, 181169193.779, 
    188403667.859, 195691485.245, 203033121.714, 210429466.55, 
    217881009.793, 225386709.97, 232948106.371, 240565451.757, 
    248239388.394, 255970602.9, 263758437.197, 271603933.494, 
    279505588.401, 287464613.256, 295481417.984, 303557656.582, 
    311691143.662, 319883280.918, 328135142.328, 336446134.601, 
    344816687.514, 353246796.689, 361736478.168, 370285072.509
    ), Ballina = c(3431379.16777, 6547311.48179, 9428580.17853, 
    12116373.7948, 14757771.1797, 17431016.7548, 20138347.2443, 
    22888859.8731, 25683849.6682, 28516532.0986, 31380389.915, 
    34295041.5139, 37262710.9194, 40283868.9632, 43361475.4183, 
    46495474.4248, 49688615.6305, 52937280.5278, 56241063.7715, 
    59600648.295, 63019203.0342, 66492586.2319, 70022875.8893, 
    73614050.3273, 77261522.4177, 80958073.5641, 84724008.8727, 
    88549504.2664, 92435427.0735, 96381115.0515, 100386896.253, 
    104451962.495, 108576911.098, 112761650.118, 117006535.696, 
    121311541.434, 125677615.439, 130104299.057, 134592110.651, 
    139140776.835, 143750173.956, 148420887.739, 153152064.454, 
    157945282.068, 162799473.083, 167715751.937, 172692509.6, 
    177732457.121, 182833537.428, 187996350.717), BatemansBay = c(4056861.80665, 
    7923476.07728, 11619804.0602, 15256186.2467, 18819752.7185, 
    22344095.4782, 25870328.0021, 29409927.2309, 32969862.5831, 
    36545591.1319, 40126548.3344, 43725662.5777, 47358264.8474, 
    51030533.4806, 54748495.0752, 58514286.8173, 62329805.4314, 
    66196284.9446, 70108830.1014, 74068918.5986, 78080030.8759, 
    82143065.6068, 86261906.1223, 90433874.8054, 94664070.6342, 
    98940034.952, 103286648.932, 107692985.766, 112157761.339, 
    116681218.749, 121265258.31, 125908322.002, 130612483.1, 
    135377126.079, 140201990.463, 145087877.014, 150034390.478, 
    155041747.777, 160109078.507, 165237053.912, 170425976.292, 
    175676944.479, 180988291.489, 186360808.696, 191794431.545, 
    197289338.103, 202845009.96, 208462261.746, 214141860.977, 
    219882297.977),