trunk/projects/spp-inf/Zonation runs/Test data/Output/out_missingSp1.prop.asc
ncols        649
nrows        555
xllcorner    294205.000000000000
yllcorner    6283604.599999999600
cellsize     0.200000000000
NODATA_value     -1
[rows 52 to 77 of 555, columns 232 to 289 of 649]
-1.0000000 -1.0000000 -1.0000000 -1.0000000 -1.0000000 -1.0000000 -1.0000000 -1.0000000 -1.0000000 -1.0000000 -1.0000000 -1.0000000 -1.0000000 -1.0000000 -1.0000000 -1.0000000 0.0320995 0.0189336 0.0178392 0.0315360 0.0157354 0.0178392 0.0239792 0.0293356 -1.0000000 0.0383129 0.0269984 0.0234411 0.0194876 0.0183967 0.0135669 0.0783555 0.0847637 -1.0000000 0.1690019 -1.0000000 -1.0000000 -1.0000000 -1.0000000 -1.0000000 -1.0000000 -1.0000000 0.0360793 0.0194876 0.0200617 0.0293356 0.0326669 0.0819139 -1.0000000 -1.0000000 -1.0000000 -1.0000000 -1.0000000 -1.0000000 -1.0000000 -1.0000000 -1.0000000 -1.0000000
-1.0000000 -1.0000000 -1.0000000 -1.0000000 -1.0000000 -1.0000000 -1.0000000 -1.0000000 -1.0000000 -1.0000000 -1.0000000 -1.0000000 -1.0000000 -1.0000000 -1.0000000 -1.0000000 0.0461364 0.0287783 0.0194876 0.0234411 0.0200617 0.0141055 0.0287783 0.0526633 -1.0000000 0.0332291 0.0206175 0.0200617 0.0269984 0.0162662 0.0157354 0.0454735 0.0691700 -1.0000000 0.1158779 0.1482810 -1.0000000 -1.0000000 -1.0000000 -1.0000000 -1.0000000 -1.0000000 0.0608214 0.0383129 0.0239792 0.0298952 0.0298952 0.0583216 -1.0000000 -1.0000000 -1.0000000 -1.0000000 -1.0000000 -1.0000000 -1.0000000 0.5149477 -1.0000000 -1.0000000
-1.0000000 -1.0000000 -1.0000000 -1.0000000 -1.0000000 -1.0000000 -1.0000000 -1.0000000 -1.0000000 -1.0000000 -1.0000000 -1.0000000 -1.0000000 -1.0000000 -1.0000000 -1.0000000 0.0383129 0.0263825 0.0211558 0.0304489 -1.0000000 0.0167760 0.0343229 0.0315360 0.0595958 0.0436480 0.0276103 0.0293356 0.0304489 0.0162662 0.0189336 0.0366871 0.0326669 0.0366871 0.0519919 0.0755504 0.1507039 -1.0000000 -1.0000000 -1.0000000 -1.0000000 0.1448650 0.1026661 0.0400677 0.0251554 0.0619888 0.0245466 0.0487387 0.1681520 -1.0000000 -1.0000000 -1.0000000 -1.0000000 -1.0000000 -1.0000000 -1.0000000 -1.0000000 -1.0000000
-1.0000000 -1.0000000 -1.0000000 -1.0000000 -1.0000000 -1.0000000 -1.0000000 -1.0000000 -1.0000000 -1.0000000 -1.0000000 -1.0000000 -1.0000000 -1.0000000 -1.0000000 -1.0000000 0.0545619 0.0287783 0.0194876 0.0377812 0.0558151 0.0320995 0.0276103 0.0281770 0.0748274 0.0833486 0.0513621 0.0651251 0.0211558 0.0167760 0.0257798 0.0217150 0.0222638 0.0217150 0.0217150 0.0263825 0.1034421 0.2221632 0.3369929 -1.0000000 -1.0000000 -1.0000000 -1.0000000 -1.0000000 0.0684569 0.0896110 -1.0000000 0.0526633 -1.0000000 -1.0000000 -1.0000000 -1.0000000 -1.0000000 -1.0000000 -1.0000000 -1.0000000 -1.0000000 -1.0000000
-1.0000000 -1.0000000 -1.0000000 -1.0000000 -1.0000000 -1.0000000 -1.0000000 -1.0000000 -1.0000000 -1.0000000 -1.0000000 -1.0000000 -1.0000000 -1.0000000 -1.0000000 -1.0000000 0.0727320 0.0372474 0.0234411 -1.0000000 0.0902141 0.0577023 0.0366871 0.0298952 0.0734378 0.1242139 0.0928732 0.1395375 0.0412590 0.0206175 0.0332291 0.0222638 0.0251554 0.0217150 0.0200617 0.0183967 -1.0000000 -1.0000000 -1.0000000 -1.0000000 -1.0000000 -1.0000000 -1.0000000 -1.0000000 -1.0000000 0.1328551 -1.0000000 0.0343229 -1.0000000 -1.0000000 -1.0000000 -1.0000000 -1.0000000 -1.0000000 -1.0000000 -1.0000000 -1.0000000 -1.0000000
-1.0000000 -1.0000000 -1.0000000 -1.0000000 -1.0000000 -1.0000000 -1.0000000 -1.0000000 -1.0000000 -1.0000000 -1.0000000 -1.0000000 -1.0000000 -1.0000000 -1.0000000 -1.0000000 0.0908660 0.0608214 0.0532697 -1.0000000 -1.0000000 0.0769377 0.0474209 0.0349084 0.0734378 0.1234515 0.1249840 0.1720977 0.1065458 0.0526633 0.0513621 0.0343229 0.0337693 0.0276103 0.0200617 0.0189336 0.0436480 -1.0000000 -1.0000000 0.3879841 -1.0000000 -1.0000000 -1.0000000 -1.0000000 -1.0000000 -1.0000000 -1.0000000 -1.0000000 -1.0000000 0.1737668 -1.0000000 -1.0000000 -1.0000000 -1.0000000 -1.0000000 -1.0000000 -1.0000000 -1.0000000
-1.0000000 -1.0000000 -1.0000000 -1.0000000 -1.0000000 -1.0000000 -1.0000000 -1.0000000 -1.0000000 -1.0000000 -1.0000000 -1.0000000 -1.0000000 -1.0000000 -1.0000000 -1.0000000 -1.0000000 -1.0000000 0.0436480 0.0632628 0.0915160 0.0861716 -1.0000000 0.0355012 -1.0000000 0.1011956 0.1369996 -1.0000000 0.0977916 -1.0000000 0.0595958 0.0377812 0.0326669 0.0251554 0.0206175 0.0194876 0.0337693 0.0595958 -1.0000000 0.3996916 -1.0000000 -1.0000000 -1.0000000 -1.0000000 -1.0000000 0.3167915 0.3045014 -1.0000000 -1.0000000 -1.0000000 -1.0000000 -1.0000000 -1.0000000 -1.0000000 -1.0000000 -1.0000000 -1.0000000 -1.0000000
-1.0000000 -1.0000000 -1.0000000 -1.0000000 -1.0000000 -1.0000000 -1.0000000 -1.0000000 -1.0000000 -1.0000000 -1.0000000 -1.0000000 -1.0000000 -1.0000000 -1.0000000 -1.0000000 0.0494108 0.0412590 0.0632628 0.0539233 0.0589975 -1.0000000 0.2125379 -1.0000000 -1.0000000 0.0539233 0.0826662 0.0474209 0.0896110 -1.0000000 -1.0000000 0.0320995 0.0222638 0.0206175 0.0200617 0.0200617 0.0228480 0.0366871 -1.0000000 0.3809644 0.4127935 -1.0000000 -1.0000000 -1.0000000 -1.0000000 -1.0000000 -1.0000000 -1.0000000 -1.0000000 -1.0000000 -1.0000000 -1.0000000 -1.0000000 -1.0000000 -1.0000000 -1.0000000 -1.0000000 -1.0000000
-1.0000000 -1.0000000 -1.0000000 -1.0000000 -1.0000000 -1.0000000 -1.0000000 -1.0000000 -1.0000000 -1.0000000 0.1606982 0.1210510 -1.0000000 0.0200617 0.0135669 0.0167760 0.0245466 0.0157354 -1.0000000 0.0239792 0.0532697 -1.0000000 -1.0000000 -1.0000000 -1.0000000 0.0418171 0.0304489 0.0320995 0.0430543 0.1057755 0.0833486 0.0394566 0.0309829 0.0304489 0.0315360 0.0228480 0.0211558 0.0251554 -1.0000000 -1.0000000 0.4291200 -1.0000000 -1.0000000 -1.0000000 -1.0000000 -1.0000000 -1.0000000 -1.0000000 0.0412590 -1.0000000 -1.0000000 -1.0000000 -1.0000000 -1.0000000 -1.0000000 -1.0000000 0.5460318 0.4997159
-1.0000000 -1.0000000 -1.0000000 -1.0000000 -1.0000000 -1.0000000 -1.0000000 -1.0000000 -1.0000000 -1.0000000 0.1011956 0.0638742 0.0234411 0.0228480 0.0194876 0.0178392 0.0189336 -1.0000000 -1.0000000 0.0239792 0.0315360 -1.0000000 0.1011956 0.0921795 -1.0000000 0.0448456 0.0337693 0.0245466 0.0276103 0.0804813 0.0589975 0.0474209 0.0343229 0.0217150 0.0217150 0.0217150 0.0217150 0.0257798 -1.0000000 0.3361204 -1.0000000 -1.0000000 -1.0000000 -1.0000000 -1.0000000 0.2746509 0.1955383 -1.0000000 -1.0000000 -1.0000000 -1.0000000 0.2686368 0.3575562 -1.0000000 -1.0000000 -1.0000000 -1.0000000 0.4782026
-1.0000000 -1.0000000 -1.0000000 -1.0000000 -1.0000000 -1.0000000 -1.0000000 -1.0000000 -1.0000000 -1.0000000 0.0251554 0.0162662 0.0189336 0.0217150 0.0245466 0.0251554 0.0194876 0.0309829 0.0337693 0.0418171 0.0657552 0.1151838 0.0551940 0.0245466 0.0085984 0.0130141 0.0234411 0.0257798 0.0263825 0.0526633 0.0519919 0.0480490 0.0309829 0.0228480 0.0211558 0.0257798 0.0281770 0.0847637 -1.0000000 -1.0000000 -1.0000000 -1.0000000 -1.0000000 -1.0000000 -1.0000000 -1.0000000 0.1615006 -1.0000000 -1.0000000 -1.0000000 -1.0000000 -1.0000000 -1.0000000 -1.0000000 -1.0000000 -1.0000000 -1.0000000 -1.0000000
-1.0000000 -1.0000000 -1.0000000 -1.0000000 -1.0000000 -1.0000000 -1.0000000 -1.0000000 -1.0000000 -1.0000000 0.0124587 0.0130141 0.0152022 0.0257798 0.0239792 0.0222638 0.0251554 0.0293356 0.0332291 0.0383129 0.0589975 0.1057755 -1.0000000 0.0355012 0.0320995 0.0194876 0.0183967 0.0251554 0.0320995 0.0276103 0.0355012 0.0383129 0.0698881 0.0551940 0.0613770 -1.0000000 0.0882929 0.0984513 0.1081377 0.1763180 -1.0000000 -1.0000000 -1.0000000 -1.0000000 -1.0000000 0.0755504 0.0513621 -1.0000000 0.0309829 -1.0000000 -1.0000000 -1.0000000 -1.0000000 -1.0000000 -1.0000000 -1.0000000 -1.0000000 0.4435573
-1.0000000 -1.0000000 -1.0000000 -1.0000000 -1.0000000 -1.0000000 -1.0000000 -1.0000000 -1.0000000 0.0239792 0.0276103 0.0189336 0.0200617 0.0206175 0.0222638 0.0245466 0.0251554 0.0293356 0.0360793 0.0532697 0.0713201 0.1151838 0.0355012 0.0245466 0.0251554 0.0315360 0.0141055 0.0355012 0.0377812 0.0245466 0.0228480 0.0355012 -1.0000000 0.0400677 0.0418171 -1.0000000 0.0727320 0.0558151 0.0755504 0.1042648 -1.0000000 -1.0000000 -1.0000000 -1.0000000 0.0442340 0.0424404 0.0315360 0.0332291 0.0178392 -1.0000000 -1.0000000 -1.0000000 0.2580838 -1.0000000 -1.0000000 -1.0000000 -1.0000000 0.4499419
-1.0000000 -1.0000000 -1.0000000 -1.0000000 -1.0000000 -1.0000000 -1.0000000 -1.0000000 -1.0000000 0.0234411 0.0239792 0.0194876 0.0194876 0.0200617 0.0206175 0.0217150 0.0269984 0.0298952 0.0400677 0.0513621 0.0589975 0.0602280 0.0245466 0.0239792 0.0234411 0.0173131 0.0091465 -1.0000000 0.0183967 0.0141055 0.0349084 0.0507050 0.0474209 -1.0000000 -1.0000000 -1.0000000 0.0412590 0.0430543 0.0442340 -1.0000000 -1.0000000 0.3151844 0.1745695 0.0412590 0.0130141 0.0152022 0.0245466 0.0157354 -1.0000000 -1.0000000 -1.0000000 0.1844203 -1.0000000 -1.0000000 -1.0000000 -1.0000000 -1.0000000 -1.0000000
-1.0000000 -1.0000000 -1.0000000 -1.0000000 -1.0000000 -1.0000000 -1.0000000 -1.0000000 -1.0000000 0.0315360 0.0315360 0.0206175 0.0200617 0.0200617 0.0206175 0.0234411 0.0281770 0.0315360 0.0412590 0.0539233 0.0494108 0.0589975 0.0257798 0.0293356 0.0519919 0.1143889 0.0964086 0.0372474 0.0135669 0.0152022 0.0406451 0.0526633 0.0507050 0.0448456 0.0436480 0.0245466 0.0206175 0.0245466 0.0263825 -1.0000000 -1.0000000 -1.0000000 0.2255312 -1.0000000 0.0085984 0.0091465 0.0217150 0.0183967 0.0135669 0.0558151 0.1005452 -1.0000000 -1.0000000 -1.0000000 -1.0000000 -1.0000000 -1.0000000 -1.0000000
-1.0000000 -1.0000000 -1.0000000 -1.0000000 -1.0000000 -1.0000000 -1.0000000 -1.0000000 -1.0000000 0.0400677 0.0309829 0.0206175 0.0206175 0.0206175 0.0206175 0.0269984 -1.0000000 0.0461364 0.0558151 0.0377812 0.0251554 0.0234411 0.0332291 0.0276103 0.0298952 0.0332291 0.0281770 0.0377812 0.0222638 0.0200617 0.0400677 0.0412590 0.0626286 0.0245466 0.0173131 0.0211558 0.0173131 0.0173131 0.0183967 0.0424404 0.0998149 -1.0000000 0.2108614 0.1218699 0.0119070 0.0091465 0.0096954 0.0102375 0.0263825 0.0677887 0.0902141 0.1128853 -1.0000000 -1.0000000 -1.0000000 -1.0000000 -1.0000000 -1.0000000
-1.0000000 -1.0000000 -1.0000000 -1.0000000 -1.0000000 -1.0000000 -1.0000000 -1.0000000 -1.0000000 0.0519919 0.0245466 0.0206175 0.0206175 0.0211558 0.0276103 0.0388746 0.0526633 0.0896110 0.0811763 0.0360793 0.0222638 -1.0000000 0.0178392 0.0189336 0.0222638 0.0234411 0.0234411 0.0228480 0.0245466 0.0269984 0.0412590 0.0467800 0.0570781 0.0315360 0.0173131 0.0167760 0.0167760 0.0167760 0.0167760 0.0383129 0.0619888 -1.0000000 0.2197365 0.0613770 0.0234411 0.0096954 0.0096954 0.0157354 0.0595958 0.0998149 0.1413001 0.1697114 -1.0000000 0.0558151 -1.0000000 -1.0000000 -1.0000000 -1.0000000
-1.0000000 -1.0000000 -1.0000000 -1.0000000 -1.0000000 -1.0000000 -1.0000000 -1.0000000 -1.0000000 0.0298952 0.0206175 0.0200617 0.0217150 0.0206175 0.0251554 0.0406451 -1.0000000 -1.0000000 0.1328551 0.0532697 0.0298952 0.0194876 0.0315360 0.0206175 0.0173131 0.0152022 0.0245466 0.0257798 0.0245466 0.0564277 0.0804813 0.1065458 0.0480490 0.0424404 0.0173131 0.0167760 0.0162662 0.0162662 0.0200617 0.0372474 0.0519919 -1.0000000 -1.0000000 0.1705301 0.0847637 0.0545619 0.0309829 0.0589975 0.0847637 0.0840541 -1.0000000 -1.0000000 -1.0000000 0.0487387 -1.0000000 -1.0000000 -1.0000000 -1.0000000
-1.0000000 -1.0000000 -1.0000000 -1.0000000 -1.0000000 -1.0000000 -1.0000000 -1.0000000 0.0309829 0.0206175 0.0228480 0.0251554 0.0194876 0.0211558 0.0263825 0.0513621 -1.0000000 -1.0000000 -1.0000000 -1.0000000 0.0360793 0.0332291 0.0461364 0.0343229 0.0315360 0.0146484 0.0211558 0.0494108 0.0595958 0.0239792 0.0691700 0.0984513 0.0388746 0.0539233 0.0173131 0.0167760 0.0304489 0.0157354 0.0269984 0.0377812 0.0570781 0.1369996 0.1851915 0.1465866 0.0908660 0.0798054 0.0847637 0.1026661 0.1265037 -1.0000000 -1.0000000 -1.0000000 -1.0000000 -1.0000000 0.0583216 -1.0000000 -1.0000000 -1.0000000
-1.0000000 -1.0000000 -1.0000000 -1.0000000 -1.0000000 -1.0000000 -1.0000000 -1.0000000 0.0257798 0.0189336 0.0245466 0.0157354 0.0102375 0.0173131 0.0372474 -1.0000000 0.2197365 0.3020310 0.2179650 0.1218699 0.0494108 0.0269984 0.0269984 0.0377812 0.0902141 0.0141055 0.0146484 0.0545619 0.1081377 0.0206175 0.1081377 0.1158779 0.0309829 0.0487387 0.0173131 0.0251554 0.0281770 0.0152022 0.0183967 0.0332291 -1.0000000 0.1457571 0.2297457 0.1729491 0.1273625 0.0921795 -1.0000000 -1.0000000 0.1465866 0.0998149 -1.0000000 -1.0000000 -1.0000000 -1.0000000 0.0936083 -1.0000000 -1.0000000 -1.0000000
-1.0000000 -1.0000000 -1.0000000 -1.0000000 -1.0000000 -1.0000000 -1.0000000 -1.0000000 0.0234411 0.0157354 0.0141055 0.0091465 0.0085984 0.0436480 0.1681520 -1.0000000 0.2768175 0.3020310 0.1874465 0.1490889 0.0719988 0.0298952 0.0245466 0.0239792 -1.0000000 0.0263825 0.0194876 0.0228480 0.0211558 0.0200617 0.0320995 0.1128853 0.0304489 0.0577023 0.0173131 0.0281770 0.0360793 0.0080754 0.0091465 0.0276103 -1.0000000 -1.0000000 -1.0000000 -1.0000000 0.1639808 0.1720977 -1.0000000 -1.0000000 0.1281127 0.1097612 -1.0000000 -1.0000000 -1.0000000 -1.0000000 0.0583216 -1.0000000 -1.0000000 -1.0000000
-1.0000000 -1.0000000 -1.0000000 -1.0000000 -1.0000000 -1.0000000 -1.0000000 -1.0000000 0.0406451 0.0234411 0.0146484 0.0102375 0.0200617 -1.0000000 -1.0000000 -1.0000000 0.3352057 -1.0000000 -1.0000000 0.1378503 0.0602280 0.0326669 0.0442340 0.0619888 0.0315360 0.0309829 0.1218699 0.1328551 0.0194876 0.0194876 0.0418171 0.1042648 0.0400677 0.0298952 0.0059258 0.0085984 0.0798054 0.0096954 0.0075288 0.0228480 -1.0000000 -1.0000000 -1.0000000 -1.0000000 -1.0000000 -1.0000000 0.1572123 0.0589975 0.0998149 0.1073279 0.0748274 -1.0000000 -1.0000000 -1.0000000 -1.0000000 -1.0000000 0.1729491 -1.0000000
-1.0000000 -1.0000000 -1.0000000 -1.0000000 -1.0000000 -1.0000000 -1.0000000 -1.0000000 0.0500814 0.0309829 0.0222638 0.0882929 -1.0000000 -1.0000000 -1.0000000 -1.0000000 -1.0000000 -1.0000000 0.2330411 0.1836446 0.0943395 -1.0000000 0.0558151 0.0480490 -1.0000000 0.0200617 0.0487387 0.1639808 0.1720977 0.0189336 0.0234411 0.0355012 0.0332291 0.0263825 0.0152022 0.0019609 0.0048929 0.0059258 0.0217150 0.0326669 -1.0000000 0.3783552 -1.0000000 -1.0000000 -1.0000000 -1.0000000 0.1089512 0.0613770 0.0539233 0.0632628 0.0977916 -1.0000000 -1.0000000 -1.0000000 -1.0000000 -1.0000000 -1.0000000 -1.0000000
0.2894803 -1.0000000 -1.0000000 -1.0000000 0.0790795 -1.0000000 0.0239792 -1.0000000 0.0430543 0.0589975 0.0949982 0.1820158 -1.0000000 -1.0000000 -1.0000000 0.1851915 0.2197365 -1.0000000 -1.0000000 -1.0000000 0.0727320 0.0734378 -1.0000000 -1.0000000 -1.0000000 0.0956805 0.0984513 0.0755504 0.1712852 0.0157354 0.0048929 0.0281770 0.0366871 0.0200617 0.0448456 0.0263825 0.0014898 -1.0000000 -1.0000000 0.0454735 0.1113057 0.1705301 -1.0000000 -1.0000000 -1.0000000 -1.0000000 -1.0000000 0.0564277 0.0332291 0.0263825 0.0748274 0.0970840 -1.0000000 -1.0000000 -1.0000000 -1.0000000 -1.0000000 -1.0000000
-1.0000000 0.0412590 0.0507050 0.0412590 0.0480490 0.0245466 0.0355012 0.0454735 -1.0000000 -1.0000000 -1.0000000 -1.0000000 -1.0000000 -1.0000000 0.1345178 0.1026661 0.0811763 0.1288547 0.1345178 -1.0000000 -1.0000000 -1.0000000 0.1490889 0.1580250 -1.0000000 -1.0000000 0.1778876 -1.0000000 -1.0000000 0.0577023 0.0043977 0.0189336 0.0287783 0.0228480 0.0276103 0.0287783 -1.0000000 0.0014898 0.0113569 0.0263825 0.1019378 0.1404009 -1.0000000 -1.0000000 -1.0000000 -1.0000000 -1.0000000 0.0921795 0.0377812 -1.0000000 0.0677887 0.1113057 0.0663884 -1.0000000 -1.0000000 -1.0000000 -1.0000000 -1.0000000
-1.0000000 0.0298952 0.0454735 0.0298952 0.0480490 0.0309829 0.0513621 0.0833486 -1.0000000 0.2221632 -1.0000000 -1.0000000 -1.0000000 0.1664812 0.0826662 0.0480490 0.0281770 0.0406451 0.0454735 0.0448456 0.0315360 0.0239792 0.0113569 0.0096954 -1.0000000 0.1050559 -1.0000000 0.1288547 0.0526633 0.1514416 0.0206175 0.0039110 0.0091465 0.0014898 0.0053993 0.0276103 -1.0000000 0.0102375 0.0119070 0.0222638 0.0748274 0.1005452 0.0964086 0.4255783 -1.0000000 -1.0000000 0.2668951 -1.0000000 -1.0000000 -1.0000000 -1.0000000 0.1490889 0.1081377 0.1128853 -1.0000000 -1.0000000 -1.0000000 -1.0000000
