trunk/projects/spp-inf/Zonation runs/Test data/Output/out_all.prop.asc
ncols        649
nrows        555
xllcorner    294205.000000000000
yllcorner    6283604.599999999600
cellsize     0.200000000000
NODATA_value     -1
[rows 312 to 337 of 555, columns 290 to 347 of 649]
-1.0000000 -1.0000000 0.1860760 0.1666137 -1.0000000 0.1351886 0.1294778 0.1302851 0.1311523 0.1319560 0.1327218 0.1351886 0.3298854 0.5201910 0.4966591 0.2696531 0.1635212 0.1114168 0.0782263 0.0782263 0.1023796 0.0896799 -1.0000000 0.1573025 0.1595387 0.1580756 0.1860760 -1.0000000 0.4211323 0.7265683 0.7404969 0.7307301 0.7111893 0.7130499 0.7404969 0.7606980 0.7743823 0.8104345 0.7914270 0.7542727 0.6775997 0.6374584 0.6352543 -1.0000000 -1.0000000 -1.0000000 -1.0000000 -1.0000000 -1.0000000 0.6099120 0.6058261 0.6268392 -1.0000000 -1.0000000 -1.0000000 -1.0000000 -1.0000000 -1.0000000
-1.0000000 0.2186576 0.1974959 0.1796243 0.1431012 0.1327218 0.1302851 0.1302851 0.1311523 0.1319560 0.1414858 0.1643009 -1.0000000 -1.0000000 0.2971152 0.2455433 0.1650813 0.2728543 0.0831199 0.0789561 0.1302851 0.0945828 -1.0000000 0.1627153 0.1580756 0.1573025 0.1749199 0.1990358 0.3864628 0.6058261 0.7449116 0.7721269 0.7225403 0.7116474 0.7130499 0.7136966 0.7804484 0.8039619 0.7870515 0.7519284 0.7199084 0.6882762 0.6603029 0.5879285 0.6121495 0.5995843 0.6184843 -1.0000000 0.6499624 0.6317356 0.6755890 -1.0000000 -1.0000000 -1.0000000 -1.0000000 -1.0000000 -1.0000000 -1.0000000
0.2777487 0.2367817 0.2086514 0.1925521 0.1703715 0.1471645 0.1311523 0.1311523 0.1311523 0.1319560 0.1773080 0.1884745 0.1695930 0.1695930 0.1788498 0.1718720 0.1741923 0.3744721 0.1271072 0.1817954 0.1311523 0.0782263 0.1098946 0.1336020 0.1422341 0.1414858 0.1603267 0.1673072 0.3166776 0.5954772 0.7358370 0.7542727 0.7564705 0.7130499 0.7130499 0.7136966 0.7827820 0.8039619 0.7703369 0.6964868 0.6291021 0.6672963 0.5552390 0.5409370 0.5428851 0.5277347 0.5269902 -1.0000000 0.6437622 0.5571864 0.5961588 -1.0000000 -1.0000000 -1.0000000 -1.0000000 -1.0000000 -1.0000000 -1.0000000
0.2864565 0.2413931 0.2077913 0.1943738 0.1982117 0.1557651 0.1319560 0.1319560 0.1319560 0.1564488 0.1998092 0.2095194 0.1703715 0.1703715 0.2044184 0.1726547 0.1765112 0.4656318 0.3006983 0.1150321 0.2813665 0.1207052 0.1000938 0.1008614 0.1016180 0.1023796 0.1279266 0.1541626 0.3087113 0.5490912 0.7332872 0.7743823 0.7680820 0.7136966 0.7136966 0.7136966 0.7659281 0.8143092 0.7703369 0.6748897 0.6121495 0.5995843 0.5161414 0.5180964 0.5130889 0.5180964 0.5368173 -1.0000000 0.6087617 0.6184843 -1.0000000 -1.0000000 -1.0000000 -1.0000000 -1.0000000 -1.0000000 -1.0000000 -1.0000000
-1.0000000 0.2343842 0.2154487 0.2060956 0.2343842 0.1796243 0.2545553 0.1327218 0.2086514 0.1884745 0.2194643 0.2052290 0.2006465 0.1710941 0.2006465 0.2334939 0.2839729 0.4821031 0.3195406 0.1143059 0.2430505 0.1486548 0.1192532 0.1008614 0.1016180 0.1023796 0.1619477 0.2044184 0.3799140 0.5974062 0.7050822 0.7379997 0.7379997 0.7152021 0.7152021 0.7463806 0.8160341 0.8260556 0.7703369 0.6755890 0.5961588 0.5368173 -1.0000000 0.4897628 0.5004123 0.5191959 0.5238227 0.5289323 0.5954772 0.6193687 -1.0000000 -1.0000000 -1.0000000 -1.0000000 -1.0000000 -1.0000000 -1.0000000 -1.0000000
-1.0000000 0.2327260 0.1749199 0.2021289 0.2310526 0.2271455 0.3468974 0.1336020 0.2882194 0.2052290 0.2186576 0.2014250 0.2796076 0.3060662 0.3213032 0.2925124 0.1359946 0.1351886 0.1136214 0.1136214 0.1908823 0.1023796 0.1016180 0.1016180 0.1016180 0.1121547 0.1765112 0.3105057 0.4465789 0.6352543 0.6923639 0.7935838 0.7789326 0.7265683 0.7160194 0.7914270 0.8457029 0.8382745 0.7637953 0.6584396 0.5858078 0.5388472 0.5219915 0.5120611 0.5180964 0.5269902 0.5435269 0.5428851 0.6068403 0.6268392 -1.0000000 -1.0000000 -1.0000000 -1.0000000 -1.0000000 -1.0000000 -1.0000000 -1.0000000
-1.0000000 -1.0000000 0.1900204 0.1900204 0.2068498 0.2384054 0.3290801 0.1974959 0.3324183 0.4438682 0.5100569 0.3996899 0.3221074 0.1383889 0.1375909 0.1367721 0.1399606 0.2162862 0.1128939 0.1908823 0.2225131 0.1294778 0.1023796 0.1023796 0.1023796 0.1076837 0.1319560 0.2633932 0.4870540 0.6099120 0.7585827 0.8362989 0.8023629 0.7265683 0.7170488 0.8323441 0.8752137 0.8323441 0.7666186 0.6632262 0.5995843 0.5753502 0.5831795 0.5428851 0.5316244 0.5714357 0.6111451 0.6225196 0.6143039 0.6162747 -1.0000000 0.6726606 -1.0000000 -1.0000000 -1.0000000 0.8881487 -1.0000000 0.9030067
0.2603888 -1.0000000 0.2529837 0.1908823 0.2804813 0.2561042 0.2504031 0.4851421 0.2120371 0.1852900 0.2439609 0.1541626 0.1533594 0.1603267 0.2576029 0.2796076 0.2240319 0.2278689 0.1517738 0.1069327 0.1391209 0.1471645 0.1213806 0.1192532 0.1031422 0.1031422 0.2194643 0.3967809 0.5831795 0.6626862 0.7358370 0.7935838 0.7606980 0.7423544 0.7370169 0.8617963 0.8973325 0.8323441 0.7703369 0.6929173 0.7225403 0.6562154 0.6562154 0.6522075 0.6121495 0.6162747 0.5721215 0.5898030 0.6193687 0.6337277 0.6603029 -1.0000000 -1.0000000 -1.0000000 -1.0000000 0.8257692 0.8492135 0.9030067
0.2455433 0.2603888 0.3681272 0.1917249 0.3468974 0.3698596 0.4050303 0.5496485 0.3204398 0.2068498 0.1845430 0.5518911 0.4782444 0.3717722 0.1998092 0.2278689 0.1990358 0.1773080 0.1248720 0.1157002 0.1061814 0.1128939 0.1046664 0.1038995 0.1038995 0.1076837 0.1658645 0.5230817 -1.0000000 0.6923639 0.7130499 0.7585827 0.7519284 0.7637953 0.7827820 0.8927616 0.8973325 0.8419117 0.7703369 0.6964868 0.6603029 0.6246054 0.5961588 0.5753502 0.5739191 0.5733278 0.5733278 0.5872058 0.5920351 0.6317356 0.6983985 0.7055665 -1.0000000 -1.0000000 0.7743823 0.7935838 -1.0000000 -1.0000000
0.2255012 0.2720323 0.3698596 0.3549487 0.3837210 0.6400446 0.6154134 0.5180964 0.5329248 0.5819287 0.4456655 0.3929823 0.2728543 0.2603888 0.2430505 0.2421989 0.2240319 0.1852900 0.1635212 0.1502299 0.1207052 0.1054175 0.1121547 0.1892299 0.2145671 0.1650813 0.2232523 0.4201939 0.6268392 0.7564705 0.7564705 0.8065512 0.8214349 0.7827820 0.8323441 0.9182631 0.8973325 0.8492135 0.7814116 0.7170488 0.6964868 0.6246054 0.6087617 0.5974062 0.5793002 0.5739191 0.6193687 0.6330849 0.6603029 0.6882762 0.7026449 0.7116474 -1.0000000 -1.0000000 0.7199084 0.7379997 -1.0000000 -1.0000000
0.3006983 0.2758561 0.3901579 0.5631487 0.2989360 0.2989360 0.2908207 0.5151153 0.4763206 0.2882194 0.2650387 0.2521474 0.2512613 0.2529837 0.2658051 0.2463495 0.2480214 0.2194643 0.2430505 0.1471645 0.1234636 0.1061814 0.1525359 0.2689427 0.3149781 0.3324183 0.3593805 0.5043195 0.5954772 0.7130499 0.7935838 0.8344228 0.7637953 0.7721269 -1.0000000 0.9243593 0.9162457 0.8457029 0.7804484 0.7225403 0.6775997 0.6584396 0.6087617 0.5913486 0.5819287 0.6236107 0.6672963 0.6800268 0.6821196 -1.0000000 -1.0000000 -1.0000000 -1.0000000 -1.0000000 0.7170488 -1.0000000 0.7637953 0.9030067
0.2626795 0.4656318 0.4636874 0.6087617 0.2917433 0.2908207 0.2900406 0.5071135 0.5180964 0.2626795 0.2856381 0.2758561 0.2612583 0.2504031 0.2521474 0.2537809 0.2271455 0.2430505 0.2882194 0.2728543 0.1908823 0.1908823 0.2712241 0.3837210 0.4685549 0.6099120 0.6374584 -1.0000000 -1.0000000 -1.0000000 -1.0000000 -1.0000000 0.7089527 -1.0000000 0.8927616 0.9284934 0.9030067 0.8545181 0.7852609 0.7703369 0.7348628 0.7130499 0.6499624 0.6255860 0.5954772 0.6584396 0.6821196 0.7066244 0.7307301 -1.0000000 -1.0000000 0.8401825 -1.0000000 -1.0000000 0.6800268 0.7170488 0.8457029 -1.0000000
0.1967016 0.4839864 0.5819287 0.5201910 0.3365970 0.5779442 0.5658464 0.2890961 0.3910632 0.2619283 0.2642091 0.2777487 0.2596624 0.2406804 0.2052290 0.1817954 0.1982117 0.2553550 0.2839729 0.3195406 0.3460533 0.3789608 0.4174503 0.5120611 0.6246054 0.7637953 0.7765149 0.7703369 -1.0000000 0.6626862 0.6665835 0.6685234 0.7116474 -1.0000000 0.8973325 -1.0000000 -1.0000000 0.8286575 0.8160341 0.8086948 0.8214349 0.8344228 0.7721269 0.6882762 0.6714629 0.6726606 0.6929173 0.7244284 0.7170488 0.7585827 -1.0000000 0.8344228 0.8189961 0.7743823 0.7721269 0.7476115 0.8260556 -1.0000000
0.3341821 0.3671563 0.4763206 0.4646364 0.4821031 0.5496485 0.5211643 0.4560952 0.2882194 0.2612583 0.2712241 0.2603888 0.2391835 0.2103325 0.1908823 0.1666137 0.1773080 0.2612583 0.3051710 0.3051710 0.3441709 0.4392159 0.4889263 0.5631487 0.6522075 0.7637953 0.7332872 0.7050822 -1.0000000 -1.0000000 0.7005937 0.7111893 -1.0000000 -1.0000000 0.8987156 0.8927616 0.8701549 0.8323441 0.8362989 0.7981138 0.8143092 0.8143092 0.7519284 0.7199084 0.7026449 0.7066244 0.7066244 0.6964868 0.6972973 0.7659281 -1.0000000 -1.0000000 0.7914270 0.7935838 0.7484864 0.7703369 0.8897901 -1.0000000
0.5699496 0.5714357 0.3681272 0.5435269 0.6692297 0.5518911 0.3826817 0.3873608 0.3255649 0.2603888 0.2666761 0.2217074 0.1959715 0.1486548 0.1383889 0.1383889 0.1383889 0.1688366 0.2202542 -1.0000000 0.3382392 0.4503987 0.5298176 0.6058261 0.6765573 0.7005937 0.7097628 -1.0000000 0.7476115 0.7111893 0.7564705 0.7348628 0.8160341 0.8752137 -1.0000000 0.8752137 0.8626752 0.8362989 0.8143092 0.7789326 0.7765149 0.7659281 0.7423544 0.7307301 0.7585827 0.7370169 0.7066244 0.6972973 0.6972973 0.7743823 -1.0000000 -1.0000000 0.8260556 0.8039619 0.7500809 0.8189961 0.8897901 -1.0000000
0.6692297 0.7592629 0.4743772 0.5375329 0.7528698 0.7032547 0.4897628 0.2777487 0.2612583 0.2712241 0.2521474 0.1817954 0.1510304 0.1375909 0.1375909 0.1375909 0.1383889 0.1710941 0.2998013 0.3698596 0.4326291 0.4851421 0.6087617 0.6840720 -1.0000000 0.6864558 0.7111893 0.6726606 0.7307301 -1.0000000 -1.0000000 0.7804484 0.8492135 0.8654816 0.8654816 0.8570766 0.8626752 0.8545181 0.8234568 0.7935838 0.7870515 0.7870515 0.7743823 0.7659281 0.8039619 0.7244284 0.7111893 0.7379997 0.7542727 0.7332872 0.8143092 -1.0000000 0.8654816 0.8419117 0.7659281 0.8039619 -1.0000000 -1.0000000
0.7348628 0.6949805 0.4475096 0.4077929 0.5476687 0.6484574 0.5277347 0.4383674 0.4636874 0.4839864 0.3891419 0.1658645 0.1502299 0.1391209 0.1367721 0.1788498 0.2240319 0.2830470 0.3817902 0.4296843 0.5277347 0.5813816 0.6584396 0.7152021 -1.0000000 -1.0000000 -1.0000000 0.6864558 -1.0000000 -1.0000000 -1.0000000 0.8305518 0.8570766 0.8570766 0.8531468 0.8701549 0.8570766 0.8626752 0.8323441 -1.0000000 -1.0000000 -1.0000000 0.8023629 0.7914270 0.7765149 0.7500809 0.7743823 0.7981138 0.7449116 0.8039619 0.8533380 0.8701549 0.8752137 0.8350023 0.7852609 0.8401825 -1.0000000 -1.0000000
0.6357348 0.4916307 0.6036446 0.5435269 0.4067982 0.5940524 0.5940524 0.5496485 0.3382392 0.2217074 0.1359946 0.1327218 0.1471645 0.1463452 0.1359946 0.2343842 0.2720323 0.3105057 0.3910632 0.4174503 -1.0000000 -1.0000000 -1.0000000 0.6964868 0.7050822 0.6765573 0.6685234 -1.0000000 -1.0000000 -1.0000000 -1.0000000 0.8654816 0.8686017 0.8438144 0.8323441 0.8457029 0.8533380 0.8617963 -1.0000000 -1.0000000 -1.0000000 -1.0000000 0.8023629 0.8143092 0.7984127 0.7955481 0.7981138 0.7827820 0.8023629 0.8023629 -1.0000000 -1.0000000 -1.0000000 -1.0000000 0.8143092 0.8438144 0.8701549 0.8554881
0.6046476 0.4928201 0.5879285 0.6299571 0.4839864 0.4059405 0.3671563 0.2327260 0.2319040 0.4326291 0.2971152 0.1241702 0.1234636 0.1227883 0.1220863 -1.0000000 0.3105057 0.4117918 -1.0000000 0.5409370 -1.0000000 0.7194706 -1.0000000 0.6540855 0.5813816 0.6099120 -1.0000000 -1.0000000 -1.0000000 0.8143092 0.8362989 0.8323441 0.8189961 0.8023629 0.8160341 -1.0000000 -1.0000000 -1.0000000 0.8323441 0.8234568 0.8214349 0.8023629 0.7914270 0.7996753 0.8104345 0.8234568 0.8234568 0.8143092 0.8636708 -1.0000000 -1.0000000 -1.0000000 -1.0000000 -1.0000000 -1.0000000 0.8654816 0.8654816 0.8531468
0.5631487 0.5435269 0.6445091 0.6099120 0.5455151 0.5610750 0.5858078 0.4182874 0.2504031 0.3663634 0.3468974 0.2128369 0.1383889 0.1227883 0.1227883 -1.0000000 -1.0000000 0.6291021 0.7111893 -1.0000000 0.7265683 -1.0000000 -1.0000000 0.5090274 0.4735402 -1.0000000 -1.0000000 -1.0000000 0.7564705 0.7789326 0.7614218 0.7348628 0.6964868 -1.0000000 -1.0000000 0.7659281 0.7914270 0.7870515 -1.0000000 0.8234568 0.8286575 0.8286575 0.8189961 0.8143092 -1.0000000 0.8214349 0.8286575 0.8457029 -1.0000000 -1.0000000 -1.0000000 -1.0000000 -1.0000000 -1.0000000 -1.0000000 -1.0000000 0.8606454 0.8482418
0.5448369 0.5448369 0.5961588 0.5961588 0.5414851 0.5455151 0.5238227 0.5455151 0.3958331 0.1741923 0.2658051 0.1557651 0.1479167 0.1351886 0.2537809 0.4774169 0.5852974 0.7089527 -1.0000000 -1.0000000 -1.0000000 0.5891483 0.5714357 0.5309894 -1.0000000 0.5531847 0.6246054 0.6685234 -1.0000000 -1.0000000 0.6310214 -1.0000000 -1.0000000 -1.0000000 -1.0000000 0.6904050 0.7542727 0.7703369 0.7743823 -1.0000000 0.8286575 0.8382745 0.8419117 0.8382745 0.8457029 0.8457029 0.8323441 -1.0000000 0.8782293 -1.0000000 -1.0000000 -1.0000000 -1.0000000 -1.0000000 -1.0000000 -1.0000000 0.8701549 0.8457029
0.6805872 0.6174689 0.5639761 0.5355222 0.4475096 0.4326291 0.3158540 -1.0000000 0.4402550 0.3195406 0.1256059 0.1016180 0.1031422 0.1128939 0.3374687 0.3221074 0.4345841 0.4420384 0.5230817 0.5571864 0.5733278 0.5230817 0.5230817 0.4590049 -1.0000000 0.5211643 -1.0000000 -1.0000000 -1.0000000 -1.0000000 0.6459025 0.6479927 0.5753502 0.5329248 0.5653443 0.6111451 0.6748897 0.6840720 0.7542727 0.7765149 0.7852609 0.8382745 0.8570766 0.8636708 0.8843575 0.8782293 0.8701549 0.8843575 0.8941242 -1.0000000 -1.0000000 -1.0000000 -1.0000000 -1.0000000 0.8782293 0.8739495 0.8752137 0.8533380
0.6909463 0.6692297 0.5760431 0.5760431 0.5130889 0.4685549 0.3176748 0.2170809 0.2334939 0.2225131 0.1817954 0.1157002 -1.0000000 0.1573025 0.2480214 0.1900204 0.2029063 0.3149781 -1.0000000 -1.0000000 0.5211643 0.4782444 0.4878362 0.4675514 0.4532626 0.4974154 -1.0000000 -1.0000000 -1.0000000 0.6626862 0.6626862 0.5813816 0.5349095 0.5531847 0.6184843 -1.0000000 -1.0000000 -1.0000000 0.7463806 0.7463806 0.7804484 0.8023629 0.8457029 0.8654816 0.8897901 0.9058623 0.9082017 0.9030067 0.9105887 -1.0000000 -1.0000000 -1.0000000 -1.0000000 -1.0000000 0.8739495 -1.0000000 0.8701549 0.8457029
0.7032547 0.8268336 0.7014930 0.6337277 0.4966591 0.5090274 0.4428886 0.4475096 0.3451434 0.1845430 0.1703715 0.1494134 -1.0000000 0.1549200 0.1494134 0.1271072 0.1220863 0.2271455 -1.0000000 0.4410645 0.5714357 0.5610750 0.4774169 0.4703805 0.5120611 0.6225196 -1.0000000 -1.0000000 0.7152021 0.7111893 -1.0000000 0.4947382 0.4966591 -1.0000000 -1.0000000 0.5852974 0.6330849 0.7307301 -1.0000000 0.7066244 0.7659281 0.7984127 0.8181803 0.8554881 0.8843575 -1.0000000 -1.0000000 0.9030067 0.9002535 -1.0000000 -1.0000000 -1.0000000 -1.0000000 -1.0000000 -1.0000000 -1.0000000 0.8457029 0.8350023
0.5309894 0.7484864 0.6909463 0.5219915 0.5309894 0.5414851 0.4117918 0.2908207 0.1610932 0.2447174 0.1414858 0.1391209 0.1431012 0.1367721 0.1185783 0.1143059 0.1150321 0.1319560 -1.0000000 0.4239979 0.5120611 0.5211643 0.5714357 -1.0000000 -1.0000000 -1.0000000 -1.0000000 -1.0000000 -1.0000000 -1.0000000 0.5329248 0.5448369 0.5872058 -1.0000000 -1.0000000 0.6562154 0.6121495 0.6246054 0.7194706 -1.0000000 0.7389427 0.7804484 -1.0000000 -1.0000000 -1.0000000 -1.0000000 -1.0000000 -1.0000000 -1.0000000 -1.0000000 -1.0000000 -1.0000000 -1.0000000 -1.0000000 -1.0000000 0.8160341 0.8286575 0.8286575
0.6888186 0.4267668 0.4192658 0.4182874 0.5201910 0.3671563 0.1610932 0.1336020 0.1157002 0.0952836 0.0874522 0.0966375 0.1121547 0.1128939 0.1136214 0.1143059 0.1150321 0.1431012 0.2925124 0.5531847 0.5773540 0.5591811 -1.0000000 -1.0000000 0.4192658 0.5191959 0.5773540 0.5591811 -1.0000000 -1.0000000 -1.0000000 0.6499624 0.6291021 0.7404969 -1.0000000 -1.0000000 -1.0000000 0.6099120 0.6422206 0.6626862 -1.0000000 -1.0000000 -1.0000000 -1.0000000 -1.0000000 -1.0000000 -1.0000000 -1.0000000 -1.0000000 -1.0000000 -1.0000000 -1.0000000 0.8911566 0.8739495 0.8531468 0.8323441 0.8323441 0.8117783
