trunk/projects/spp-inf/Zonation runs/Test data/Output/out_missingSp7.wrscr.asc
ncols        649
nrows        555
xllcorner    294205.000000000000
yllcorner    6283604.599999999600
cellsize     0.200000000000
NODATA_value     -1
[rows 78 to 103 of 555, columns 290 to 347 of 649]
0.0000426 0.0000383 0.0000447 -1.0000000 -1.0000000 0.0000498 0.0000495 0.0000475 -1.0000000 -1.0000000 -1.0000000 -1.0000000 -1.0000000 -1.0000000 -1.0000000 0.0000510 0.0000506 0.0000502 -1.0000000 0.0000528 0.0000523 -1.0000000 -1.0000000 0.0000471 0.0000467 -1.0000000 -1.0000000 -1.0000000 0.0000415 0.0000406 0.0000384 0.0000382 0.0000379 0.0000385 -1.0000000 -1.0000000 -1.0000000 -1.0000000 -1.0000000 -1.0000000 -1.0000000 -1.0000000 0.0000524 -1.0000000 -1.0000000 -1.0000000 -1.0000000 0.0000531 -1.0000000 -1.0000000 -1.0000000 -1.0000000 -1.0000000 -1.0000000 0.0000630 0.0000619 -1.0000000 -1.0000000
-1.0000000 0.0000366 0.0000366 -1.0000000 -1.0000000 0.0000429 0.0000419 0.0000427 0.0000434 -1.0000000 -1.0000000 -1.0000000 -1.0000000 -1.0000000 -1.0000000 -1.0000000 -1.0000000 -1.0000000 -1.0000000 0.0000495 0.0000487 -1.0000000 -1.0000000 0.0000447 -1.0000000 -1.0000000 -1.0000000 0.0000403 0.0000416 0.0000377 0.0000365 0.0000363 0.0000364 0.0000367 0.0000374 -1.0000000 0.0000414 -1.0000000 -1.0000000 -1.0000000 -1.0000000 -1.0000000 0.0000496 -1.0000000 -1.0000000 -1.0000000 0.0000518 -1.0000000 -1.0000000 -1.0000000 -1.0000000 -1.0000000 -1.0000000 0.0000624 0.0000632 -1.0000000 -1.0000000 -1.0000000
0.0000310 0.0000325 -1.0000000 -1.0000000 -1.0000000 -1.0000000 0.0000385 0.0000406 0.0000404 -1.0000000 -1.0000000 -1.0000000 -1.0000000 -1.0000000 -1.0000000 -1.0000000 -1.0000000 -1.0000000 -1.0000000 -1.0000000 -1.0000000 0.0000448 0.0000441 0.0000439 -1.0000000 -1.0000000 0.0000420 0.0000398 -1.0000000 -1.0000000 0.0000350 0.0000346 0.0000352 0.0000354 0.0000370 0.0000378 0.0000379 0.0000431 0.0000440 -1.0000000 -1.0000000 -1.0000000 -1.0000000 -1.0000000 -1.0000000 0.0000463 0.0000489 -1.0000000 0.0000575 -1.0000000 -1.0000000 -1.0000000 -1.0000000 -1.0000000 -1.0000000 -1.0000000 -1.0000000 -1.0000000
-1.0000000 -1.0000000 -1.0000000 -1.0000000 -1.0000000 0.0000349 0.0000364 0.0000368 0.0000356 -1.0000000 -1.0000000 -1.0000000 -1.0000000 -1.0000000 -1.0000000 -1.0000000 -1.0000000 -1.0000000 -1.0000000 -1.0000000 0.0000444 0.0000439 0.0000437 0.0000431 0.0000429 0.0000426 -1.0000000 0.0000392 0.0000354 0.0000328 0.0000317 0.0000337 0.0000345 0.0000348 0.0000360 0.0000369 0.0000401 0.0000441 0.0000467 -1.0000000 0.0000482 0.0000467 0.0000448 -1.0000000 0.0000492 0.0000494 0.0000514 0.0000538 -1.0000000 -1.0000000 -1.0000000 -1.0000000 -1.0000000 -1.0000000 -1.0000000 -1.0000000 -1.0000000 -1.0000000
-1.0000000 -1.0000000 -1.0000000 -1.0000000 -1.0000000 -1.0000000 0.0000354 0.0000348 -1.0000000 0.0000333 0.0000335 -1.0000000 0.0000356 0.0000358 -1.0000000 -1.0000000 0.0000437 -1.0000000 -1.0000000 0.0000448 -1.0000000 0.0000432 0.0000443 -1.0000000 0.0000444 0.0000422 0.0000418 -1.0000000 0.0000357 0.0000323 0.0000311 0.0000312 -1.0000000 0.0000347 0.0000348 0.0000354 -1.0000000 -1.0000000 -1.0000000 -1.0000000 -1.0000000 0.0000469 0.0000449 0.0000463 0.0000495 0.0000514 -1.0000000 -1.0000000 -1.0000000 -1.0000000 -1.0000000 -1.0000000 -1.0000000 -1.0000000 -1.0000000 -1.0000000 -1.0000000 -1.0000000
-1.0000000 -1.0000000 -1.0000000 0.0000323 0.0000330 0.0000316 0.0000318 -1.0000000 0.0000290 0.0000338 0.0000312 0.0000323 0.0000348 0.0000373 0.0000376 0.0000377 0.0000394 -1.0000000 -1.0000000 -1.0000000 -1.0000000 -1.0000000 -1.0000000 -1.0000000 0.0000441 0.0000414 -1.0000000 -1.0000000 0.0000343 0.0000295 0.0000274 0.0000278 -1.0000000 -1.0000000 -1.0000000 0.0000343 0.0000359 0.0000381 0.0000391 0.0000410 0.0000416 0.0000439 0.0000443 0.0000488 0.0000495 0.0000571 -1.0000000 -1.0000000 -1.0000000 -1.0000000 -1.0000000 -1.0000000 -1.0000000 -1.0000000 -1.0000000 -1.0000000 -1.0000000 -1.0000000
0.0000317 -1.0000000 -1.0000000 -1.0000000 -1.0000000 0.0000302 0.0000297 -1.0000000 0.0000315 0.0000316 0.0000324 0.0000356 0.0000348 0.0000352 0.0000365 0.0000368 0.0000376 -1.0000000 -1.0000000 -1.0000000 0.0000398 -1.0000000 -1.0000000 -1.0000000 -1.0000000 0.0000427 0.0000405 0.0000403 0.0000331 0.0000297 0.0000267 0.0000254 0.0000266 0.0000282 0.0000284 -1.0000000 -1.0000000 0.0000373 -1.0000000 -1.0000000 0.0000410 0.0000432 -1.0000000 -1.0000000 -1.0000000 -1.0000000 -1.0000000 -1.0000000 -1.0000000 -1.0000000 -1.0000000 -1.0000000 -1.0000000 -1.0000000 -1.0000000 -1.0000000 -1.0000000 -1.0000000
-1.0000000 -1.0000000 0.0000358 -1.0000000 -1.0000000 0.0000315 0.0000291 -1.0000000 0.0000287 0.0000306 -1.0000000 0.0000334 0.0000346 0.0000332 0.0000325 0.0000336 0.0000363 0.0000381 0.0000356 0.0000344 0.0000370 -1.0000000 -1.0000000 -1.0000000 -1.0000000 -1.0000000 0.0000383 0.0000378 0.0000332 0.0000313 0.0000282 -1.0000000 0.0000286 0.0000306 0.0000294 0.0000293 0.0000294 -1.0000000 0.0000329 -1.0000000 -1.0000000 -1.0000000 -1.0000000 -1.0000000 -1.0000000 -1.0000000 -1.0000000 -1.0000000 0.0000645 -1.0000000 -1.0000000 -1.0000000 -1.0000000 -1.0000000 -1.0000000 -1.0000000 -1.0000000 -1.0000000
0.0000308 0.0000328 -1.0000000 -1.0000000 -1.0000000 0.0000329 -1.0000000 -1.0000000 0.0000282 0.0000308 0.0000316 0.0000306 -1.0000000 0.0000305 0.0000325 0.0000338 0.0000337 0.0000340 0.0000320 0.0000318 0.0000342 0.0000333 0.0000346 0.0000353 0.0000358 0.0000369 0.0000370 0.0000365 0.0000331 0.0000307 0.0000303 0.0000289 -1.0000000 0.0000327 0.0000307 0.0000305 -1.0000000 0.0000303 0.0000310 -1.0000000 -1.0000000 -1.0000000 -1.0000000 -1.0000000 -1.0000000 -1.0000000 -1.0000000 -1.0000000 0.0000671 -1.0000000 0.0000673 -1.0000000 0.0000700 -1.0000000 -1.0000000 -1.0000000 -1.0000000 -1.0000000
0.0000288 0.0000295 0.0000292 0.0000325 -1.0000000 0.0000308 0.0000314 0.0000311 0.0000302 0.0000309 0.0000304 0.0000288 -1.0000000 0.0000322 0.0000353 0.0000335 0.0000321 0.0000324 0.0000307 0.0000307 0.0000323 0.0000322 0.0000333 0.0000323 0.0000350 0.0000363 -1.0000000 0.0000360 0.0000315 0.0000310 0.0000309 0.0000287 0.0000286 0.0000334 0.0000334 0.0000345 0.0000331 0.0000308 0.0000329 0.0000353 0.0000394 0.0000425 -1.0000000 -1.0000000 -1.0000000 -1.0000000 -1.0000000 -1.0000000 -1.0000000 0.0000673 -1.0000000 0.0000718 -1.0000000 -1.0000000 -1.0000000 -1.0000000 -1.0000000 -1.0000000
0.0000284 0.0000286 0.0000286 0.0000291 0.0000285 0.0000282 0.0000290 0.0000299 0.0000317 0.0000323 0.0000295 0.0000286 0.0000314 0.0000324 0.0000341 0.0000322 0.0000311 0.0000334 0.0000338 0.0000331 0.0000324 0.0000317 0.0000323 0.0000321 0.0000338 0.0000357 0.0000374 0.0000376 -1.0000000 0.0000340 0.0000321 0.0000281 0.0000290 0.0000317 0.0000344 0.0000352 0.0000353 0.0000352 0.0000362 0.0000358 0.0000394 0.0000435 0.0000463 -1.0000000 0.0000550 -1.0000000 -1.0000000 -1.0000000 -1.0000000 0.0000677 -1.0000000 0.0000724 0.0000710 -1.0000000 -1.0000000 -1.0000000 -1.0000000 -1.0000000
0.0000286 0.0000282 0.0000276 0.0000270 0.0000266 0.0000260 0.0000270 0.0000278 0.0000305 0.0000346 0.0000298 0.0000268 0.0000320 0.0000336 0.0000341 0.0000332 0.0000313 0.0000320 0.0000340 0.0000343 0.0000340 0.0000329 0.0000316 0.0000330 0.0000338 -1.0000000 -1.0000000 0.0000394 0.0000368 0.0000343 0.0000329 0.0000323 0.0000315 0.0000294 0.0000320 0.0000355 -1.0000000 -1.0000000 -1.0000000 0.0000387 0.0000427 0.0000470 0.0000465 -1.0000000 -1.0000000 -1.0000000 -1.0000000 -1.0000000 -1.0000000 0.0000709 0.0000720 0.0000734 0.0000725 0.0000726 -1.0000000 -1.0000000 -1.0000000 -1.0000000
0.0000310 0.0000303 0.0000292 0.0000282 0.0000271 0.0000249 0.0000232 0.0000253 0.0000305 0.0000381 0.0000336 0.0000302 0.0000310 0.0000328 0.0000334 0.0000332 0.0000332 0.0000327 0.0000331 0.0000341 0.0000365 -1.0000000 0.0000322 0.0000345 0.0000353 -1.0000000 -1.0000000 -1.0000000 0.0000388 0.0000369 0.0000358 0.0000356 0.0000353 0.0000338 0.0000327 0.0000391 0.0000405 -1.0000000 -1.0000000 -1.0000000 0.0000529 -1.0000000 -1.0000000 -1.0000000 -1.0000000 -1.0000000 -1.0000000 -1.0000000 -1.0000000 -1.0000000 -1.0000000 0.0000742 -1.0000000 0.0000729 0.0000732 -1.0000000 -1.0000000 -1.0000000
0.0000311 0.0000308 0.0000320 0.0000323 0.0000307 0.0000281 0.0000237 0.0000252 0.0000320 0.0000391 0.0000386 0.0000349 0.0000319 0.0000316 0.0000330 0.0000325 0.0000335 0.0000346 0.0000333 0.0000351 0.0000381 -1.0000000 -1.0000000 -1.0000000 -1.0000000 -1.0000000 -1.0000000 -1.0000000 0.0000374 0.0000371 0.0000372 0.0000377 0.0000405 0.0000415 0.0000442 -1.0000000 -1.0000000 -1.0000000 -1.0000000 0.0000519 -1.0000000 -1.0000000 0.0000593 0.0000635 -1.0000000 -1.0000000 0.0000683 0.0000684 0.0000726 -1.0000000 -1.0000000 -1.0000000 -1.0000000 -1.0000000 -1.0000000 -1.0000000 -1.0000000 -1.0000000
0.0000296 0.0000308 0.0000323 0.0000324 0.0000321 0.0000311 0.0000272 0.0000265 0.0000300 0.0000341 0.0000376 0.0000376 0.0000359 0.0000351 0.0000337 0.0000336 0.0000346 0.0000354 -1.0000000 -1.0000000 -1.0000000 0.0000436 -1.0000000 -1.0000000 -1.0000000 -1.0000000 -1.0000000 -1.0000000 0.0000395 0.0000387 0.0000383 0.0000393 -1.0000000 -1.0000000 -1.0000000 0.0000497 -1.0000000 -1.0000000 -1.0000000 -1.0000000 -1.0000000 -1.0000000 -1.0000000 -1.0000000 -1.0000000 0.0000692 -1.0000000 -1.0000000 -1.0000000 -1.0000000 -1.0000000 -1.0000000 -1.0000000 -1.0000000 -1.0000000 -1.0000000 -1.0000000 -1.0000000
0.0000281 0.0000283 0.0000299 0.0000315 0.0000322 0.0000318 0.0000318 0.0000290 0.0000288 0.0000322 0.0000353 0.0000377 0.0000386 0.0000367 0.0000358 0.0000338 0.0000354 0.0000363 -1.0000000 -1.0000000 -1.0000000 -1.0000000 0.0000459 -1.0000000 -1.0000000 -1.0000000 -1.0000000 0.0000408 0.0000402 -1.0000000 -1.0000000 -1.0000000 -1.0000000 -1.0000000 -1.0000000 -1.0000000 -1.0000000 -1.0000000 -1.0000000 -1.0000000 -1.0000000 -1.0000000 -1.0000000 -1.0000000 -1.0000000 -1.0000000 -1.0000000 -1.0000000 0.0000744 0.0000749 -1.0000000 -1.0000000 -1.0000000 -1.0000000 -1.0000000 -1.0000000 -1.0000000 -1.0000000
0.0000283 0.0000283 0.0000299 0.0000320 0.0000325 0.0000333 0.0000328 0.0000324 0.0000329 0.0000346 0.0000358 0.0000371 0.0000378 0.0000347 -1.0000000 0.0000332 0.0000337 -1.0000000 -1.0000000 -1.0000000 -1.0000000 -1.0000000 -1.0000000 0.0000465 -1.0000000 -1.0000000 -1.0000000 -1.0000000 -1.0000000 -1.0000000 -1.0000000 -1.0000000 -1.0000000 -1.0000000 -1.0000000 -1.0000000 0.0000529 -1.0000000 -1.0000000 -1.0000000 -1.0000000 -1.0000000 -1.0000000 -1.0000000 -1.0000000 -1.0000000 -1.0000000 -1.0000000 0.0000745 -1.0000000 -1.0000000 -1.0000000 -1.0000000 -1.0000000 -1.0000000 -1.0000000 -1.0000000 -1.0000000
0.0000281 0.0000303 0.0000318 0.0000336 0.0000339 0.0000345 0.0000343 0.0000337 0.0000343 0.0000350 -1.0000000 0.0000360 -1.0000000 -1.0000000 0.0000320 0.0000327 0.0000325 -1.0000000 0.0000385 -1.0000000 -1.0000000 0.0000459 -1.0000000 -1.0000000 -1.0000000 -1.0000000 -1.0000000 -1.0000000 -1.0000000 -1.0000000 -1.0000000 -1.0000000 -1.0000000 0.0000505 0.0000501 0.0000518 0.0000525 -1.0000000 -1.0000000 -1.0000000 -1.0000000 -1.0000000 -1.0000000 -1.0000000 -1.0000000 -1.0000000 0.0000743 -1.0000000 -1.0000000 -1.0000000 -1.0000000 -1.0000000 -1.0000000 -1.0000000 -1.0000000 -1.0000000 -1.0000000 -1.0000000
0.0000319 0.0000322 0.0000343 0.0000355 0.0000347 -1.0000000 0.0000347 0.0000334 -1.0000000 0.0000354 0.0000365 0.0000367 0.0000337 0.0000302 0.0000301 0.0000319 0.0000315 0.0000334 0.0000373 -1.0000000 -1.0000000 0.0000459 -1.0000000 0.0000472 -1.0000000 -1.0000000 0.0000483 0.0000484 -1.0000000 -1.0000000 -1.0000000 -1.0000000 -1.0000000 0.0000496 0.0000494 0.0000501 0.0000524 -1.0000000 -1.0000000 -1.0000000 0.0000651 -1.0000000 -1.0000000 -1.0000000 -1.0000000 -1.0000000 0.0000736 -1.0000000 -1.0000000 -1.0000000 -1.0000000 -1.0000000 -1.0000000 -1.0000000 -1.0000000 -1.0000000 -1.0000000 -1.0000000
0.0000338 0.0000353 0.0000356 0.0000348 -1.0000000 -1.0000000 0.0000345 -1.0000000 0.0000341 0.0000382 0.0000387 0.0000376 0.0000327 0.0000292 0.0000281 0.0000302 0.0000321 0.0000336 0.0000366 -1.0000000 -1.0000000 0.0000446 -1.0000000 -1.0000000 -1.0000000 -1.0000000 -1.0000000 -1.0000000 -1.0000000 -1.0000000 -1.0000000 -1.0000000 0.0000487 0.0000488 0.0000493 0.0000509 0.0000539 0.0000563 -1.0000000 -1.0000000 -1.0000000 -1.0000000 -1.0000000 -1.0000000 -1.0000000 -1.0000000 0.0000729 -1.0000000 -1.0000000 -1.0000000 -1.0000000 -1.0000000 -1.0000000 -1.0000000 -1.0000000 -1.0000000 -1.0000000 -1.0000000
0.0000349 0.0000346 0.0000341 0.0000346 0.0000345 0.0000335 0.0000337 0.0000341 -1.0000000 -1.0000000 0.0000381 0.0000349 0.0000308 0.0000292 0.0000314 0.0000321 0.0000319 0.0000340 0.0000364 0.0000374 0.0000417 0.0000427 -1.0000000 0.0000437 -1.0000000 -1.0000000 -1.0000000 -1.0000000 -1.0000000 -1.0000000 -1.0000000 0.0000491 0.0000492 0.0000493 0.0000506 0.0000528 0.0000560 0.0000601 -1.0000000 -1.0000000 -1.0000000 0.0000713 -1.0000000 -1.0000000 -1.0000000 -1.0000000 -1.0000000 -1.0000000 -1.0000000 -1.0000000 -1.0000000 -1.0000000 -1.0000000 -1.0000000 -1.0000000 -1.0000000 -1.0000000 -1.0000000
0.0000356 0.0000365 0.0000360 0.0000341 0.0000332 0.0000309 0.0000331 0.0000329 -1.0000000 -1.0000000 0.0000373 0.0000326 0.0000300 0.0000302 0.0000316 0.0000323 0.0000336 0.0000349 0.0000350 0.0000345 0.0000360 0.0000396 0.0000401 0.0000404 0.0000411 -1.0000000 0.0000432 -1.0000000 -1.0000000 -1.0000000 -1.0000000 0.0000491 0.0000489 0.0000496 0.0000502 -1.0000000 0.0000571 0.0000636 -1.0000000 -1.0000000 -1.0000000 -1.0000000 -1.0000000 -1.0000000 -1.0000000 -1.0000000 -1.0000000 -1.0000000 -1.0000000 0.0000668 -1.0000000 -1.0000000 -1.0000000 -1.0000000 -1.0000000 -1.0000000 -1.0000000 -1.0000000
0.0000371 0.0000354 0.0000338 -1.0000000 0.0000299 0.0000300 0.0000317 0.0000319 0.0000320 0.0000352 0.0000343 0.0000345 0.0000320 0.0000319 0.0000323 0.0000330 0.0000351 0.0000349 0.0000336 0.0000333 0.0000357 0.0000369 0.0000377 0.0000378 0.0000378 0.0000395 0.0000410 -1.0000000 -1.0000000 -1.0000000 0.0000463 0.0000452 -1.0000000 0.0000484 0.0000528 -1.0000000 -1.0000000 -1.0000000 0.0000655 -1.0000000 -1.0000000 -1.0000000 -1.0000000 -1.0000000 -1.0000000 -1.0000000 -1.0000000 -1.0000000 -1.0000000 -1.0000000 -1.0000000 -1.0000000 -1.0000000 -1.0000000 -1.0000000 -1.0000000 -1.0000000 -1.0000000
0.0000352 0.0000339 0.0000310 -1.0000000 0.0000279 0.0000300 0.0000308 0.0000308 0.0000309 -1.0000000 0.0000315 0.0000341 0.0000339 0.0000331 0.0000336 0.0000354 0.0000355 0.0000337 0.0000333 0.0000338 0.0000361 0.0000350 0.0000348 0.0000356 0.0000357 0.0000357 0.0000385 0.0000398 0.0000386 0.0000381 0.0000393 0.0000431 -1.0000000 0.0000479 0.0000502 -1.0000000 -1.0000000 -1.0000000 -1.0000000 -1.0000000 -1.0000000 -1.0000000 -1.0000000 -1.0000000 -1.0000000 -1.0000000 -1.0000000 -1.0000000 -1.0000000 -1.0000000 -1.0000000 -1.0000000 -1.0000000 -1.0000000 -1.0000000 -1.0000000 -1.0000000 -1.0000000
-1.0000000 0.0000307 0.0000284 0.0000278 0.0000285 0.0000301 0.0000293 0.0000307 -1.0000000 -1.0000000 -1.0000000 -1.0000000 -1.0000000 -1.0000000 -1.0000000 -1.0000000 -1.0000000 0.0000334 0.0000338 0.0000345 0.0000363 0.0000346 0.0000340 0.0000355 0.0000357 0.0000353 0.0000370 0.0000374 0.0000356 0.0000363 0.0000370 0.0000377 0.0000419 0.0000459 0.0000494 -1.0000000 -1.0000000 -1.0000000 -1.0000000 -1.0000000 -1.0000000 -1.0000000 -1.0000000 -1.0000000 -1.0000000 -1.0000000 -1.0000000 -1.0000000 -1.0000000 0.0000597 0.0000608 -1.0000000 -1.0000000 -1.0000000 -1.0000000 -1.0000000 -1.0000000 -1.0000000
-1.0000000 0.0000281 0.0000288 0.0000281 0.0000295 0.0000290 0.0000286 0.0000298 0.0000319 0.0000341 0.0000340 -1.0000000 0.0000346 -1.0000000 -1.0000000 -1.0000000 -1.0000000 0.0000334 0.0000339 0.0000340 0.0000347 0.0000338 0.0000338 0.0000340 0.0000335 0.0000345 0.0000361 0.0000362 0.0000351 0.0000350 0.0000361 0.0000370 0.0000418 0.0000451 0.0000487 0.0000535 0.0000593 -1.0000000 0.0000626 -1.0000000 -1.0000000 -1.0000000 -1.0000000 0.0000596 -1.0000000 0.0000589 -1.0000000 -1.0000000 -1.0000000 0.0000586 0.0000616 -1.0000000 -1.0000000 0.0000606 -1.0000000 -1.0000000 -1.0000000 -1.0000000
