trunk/projects/spp-inf/Zonation runs/Test data/Output/out_all.prop.asc
ncols        649
nrows        555
xllcorner    294205.000000000000
yllcorner    6283604.599999999600
cellsize     0.200000000000
NODATA_value     -1
[rows 182 to 207 of 555, columns 290 to 347 of 649]
-1.0000000 -1.0000000 0.0021617 0.0021617 0.0026740 0.0031859 0.0113297 -1.0000000 0.0058936 0.0016671 0.0459501 0.0277019 0.0177998 0.0230993 0.0202224 0.0155737 0.0134071 0.0070300 0.0058936 0.0037395 0.0042742 -1.0000000 -1.0000000 -1.0000000 -1.0000000 -1.0000000 -1.0000000 -1.0000000 -1.0000000 -1.0000000 0.4165311 -1.0000000 0.0649330 0.0118570 0.0230993 0.0310640 0.0310640 0.0539845 0.3486573 0.4006254 0.6087617 0.6025193 0.6277921 0.5940524 0.4560952 0.3938907 0.3015999 0.8168221 0.9752818 0.2626795 0.2626795 0.9447086 0.9456639 0.8387330 0.8617963 0.3365970 0.5800074 0.4456655
0.0053574 0.0031859 0.0016671 0.0026740 0.0026740 0.0031859 0.0177998 -1.0000000 -1.0000000 -1.0000000 0.0031859 0.0058936 0.0118570 0.0150106 0.0150106 0.0150106 0.0113297 0.0058936 0.0031859 0.0026740 0.0042742 0.0139608 0.1192532 -1.0000000 -1.0000000 -1.0000000 -1.0000000 -1.0000000 -1.0000000 -1.0000000 -1.0000000 -1.0000000 -1.0000000 0.0102594 0.0219848 0.0527827 0.0113297 0.0118570 0.0434183 0.1741923 0.7370169 0.9519567 0.9131713 0.6731669 0.6111451 0.4211323 0.5219915 0.9504690 0.9269004 0.2633932 0.3789608 0.9730287 0.8387330 0.4014909 0.7314761 0.3958331 0.1031422 0.3645856
0.0064574 0.0026740 0.0021617 0.0037395 0.0075928 0.0075928 0.0213996 -1.0000000 -1.0000000 -1.0000000 0.0042742 0.0254110 0.0161437 0.0747942 0.1046664 -1.0000000 0.0172638 0.0118570 0.0031859 -1.0000000 0.0075928 0.0208148 0.0838730 -1.0000000 -1.0000000 -1.0000000 -1.0000000 -1.0000000 -1.0000000 -1.0000000 -1.0000000 -1.0000000 -1.0000000 0.0064574 0.0081379 0.0086683 0.0775253 0.4456655 0.7032547 0.5858078 0.2439609 0.5760431 0.6805872 0.8146257 0.8387330 0.6466093 0.9072407 0.9447086 0.2839729 0.2642091 0.2642091 0.9285309 0.7273462 0.2021289 0.3949677 0.4774169 0.1023796 0.1023796
0.0037395 0.0031859 0.0021617 0.0070300 0.0123695 0.0202224 0.0305105 0.0357836 0.0796570 0.0959515 0.0177998 0.0128798 0.0407779 -1.0000000 0.1681416 -1.0000000 0.0585220 0.0058936 0.0031859 0.0128798 0.0155737 0.0294232 -1.0000000 -1.0000000 -1.0000000 -1.0000000 -1.0000000 -1.0000000 -1.0000000 -1.0000000 -1.0000000 -1.0000000 -1.0000000 0.0248358 0.0184017 0.0527827 0.1038995 0.1982117 0.7177444 0.9813882 0.6632262 0.2447174 0.6632262 0.9363775 0.9647852 0.9072407 0.8702054 0.3263995 0.2650387 0.7548589 0.8146257 0.7870515 0.5518911 0.1486548 0.1121547 0.3042331 0.2186576 0.1016180
0.0086683 0.0118570 0.0139608 -1.0000000 0.0070300 0.0184017 0.0113297 -1.0000000 0.0322665 -1.0000000 -1.0000000 0.0225364 0.0598757 0.0605854 0.0889741 0.0363642 0.0277019 0.0070300 0.0177998 -1.0000000 0.0288790 -1.0000000 -1.0000000 -1.0000000 -1.0000000 -1.0000000 -1.0000000 0.6479927 -1.0000000 -1.0000000 -1.0000000 -1.0000000 -1.0000000 0.0838730 0.0558864 0.0427730 0.0434183 0.1688366 0.8673747 0.9917440 0.3149781 0.2603888 0.3382392 0.6587619 0.9007242 0.8440970 0.2666761 0.2658051 0.9381137 0.9718228 0.8594619 0.5355222 0.2225131 0.1164373 0.1023796 0.1234636 0.1573025 0.1016180
0.0172638 0.0242401 0.0097457 -1.0000000 0.0016671 0.0031859 0.0075928 0.0202224 0.0097457 -1.0000000 0.0230993 0.0453284 -1.0000000 0.0656564 0.0605854 0.0421160 0.0446932 0.0299644 -1.0000000 0.0478033 -1.0000000 -1.0000000 -1.0000000 -1.0000000 -1.0000000 -1.0000000 -1.0000000 -1.0000000 0.6077651 -1.0000000 0.4814695 0.3977365 0.2847466 0.1213806 0.0369627 0.0375736 0.0509206 0.4059405 0.9328266 0.8740379 0.2612583 0.2612583 0.3780361 0.4042650 0.6087617 0.4239979 0.2666761 0.8350023 0.9788196 0.6929173 0.3717722 0.2576029 0.1016180 0.1016180 0.1031422 0.1098946 0.1454762 0.1016180
0.0334218 0.0242401 0.0058936 0.0031859 0.0042742 0.0021617 0.0048141 0.0081379 0.0037395 0.0058936 0.0108026 0.0196195 0.0375736 0.0254110 0.0134071 0.0123695 0.0155737 -1.0000000 -1.0000000 0.1549200 0.1781268 0.1908823 -1.0000000 -1.0000000 -1.0000000 -1.0000000 -1.0000000 -1.0000000 -1.0000000 0.5672345 -1.0000000 -1.0000000 0.0980597 0.0363642 0.0578386 0.0395122 0.0761343 0.3671563 0.6587619 0.4257920 0.4675514 0.6755890 0.6337277 0.3504828 0.3504828 0.5255545 0.8740379 0.9883965 0.8419117 0.3060662 0.1185783 0.1248720 0.1008614 0.1008614 0.1234636 0.1046664 0.1486548 0.1446746
0.0414513 0.0340003 0.0058936 0.0031859 0.0026740 0.0026740 0.0026740 0.0031859 0.0037395 0.0048141 0.0064574 0.0037395 0.0048141 0.0048141 -1.0000000 -1.0000000 -1.0000000 0.0740771 -1.0000000 -1.0000000 0.3149781 0.3349969 0.3398660 -1.0000000 -1.0000000 -1.0000000 -1.0000000 -1.0000000 -1.0000000 0.4201939 -1.0000000 -1.0000000 -1.0000000 0.0265177 0.0202224 0.0196195 0.0202224 0.2537809 0.7389427 0.8326820 0.9197294 0.8944803 0.8673747 0.4774169 0.3495435 0.6337277 0.9895303 0.9477680 0.5024289 0.1502299 0.1023796 0.1000938 0.1000938 0.1000938 0.1008614 0.1164373 0.1038995 0.1658645
-1.0000000 0.0310640 0.0202224 0.0031859 0.0031859 0.0031859 0.0031859 0.0031859 0.0048141 0.0031859 0.0031859 0.0026740 0.0016671 0.0011940 0.0021617 0.0058936 -1.0000000 0.1486548 0.2232523 -1.0000000 0.4267668 0.4628113 -1.0000000 -1.0000000 -1.0000000 -1.0000000 -1.0000000 -1.0000000 -1.0000000 -1.0000000 0.2247368 0.0896799 0.0375736 0.0184017 0.0190086 0.0196195 0.1114168 0.3977365 0.5940524 0.7423544 0.7431368 0.7449116 0.9232314 0.7295083 0.3486573 0.5699496 0.9914091 0.9309825 0.3817902 0.1359946 0.1008614 0.1000938 0.0994034 0.1076837 0.1016180 0.1164373 0.0918244 0.1359946
0.0733777 0.0649330 0.0236655 0.0058936 0.0037395 0.0053574 0.0064574 0.0081379 0.0070300 0.0042742 0.0026740 0.0021617 0.0021617 0.0026740 0.0048141 0.0128798 -1.0000000 -1.0000000 -1.0000000 -1.0000000 -1.0000000 -1.0000000 -1.0000000 -1.0000000 -1.0000000 -1.0000000 -1.0000000 -1.0000000 -1.0000000 -1.0000000 0.1595387 0.1098946 0.0465650 0.0552502 0.0605854 0.0740771 0.0768175 0.1439105 0.3636983 0.7592629 0.8987854 0.8387330 0.8773035 0.8071368 0.3477748 0.4230930 0.9752818 0.9588898 0.5428851 0.1564488 0.1008614 0.1000938 0.0994034 0.0987503 0.0980597 0.0959515 0.0881985 0.1098946
-1.0000000 -1.0000000 0.0395122 0.0139608 0.0042742 0.0053574 0.0058936 0.0097457 0.0037395 0.0031859 0.0026740 0.0026740 0.0048141 0.0092012 0.0102594 -1.0000000 -1.0000000 -1.0000000 -1.0000000 -1.0000000 -1.0000000 -1.0000000 -1.0000000 -1.0000000 -1.0000000 0.4735402 -1.0000000 -1.0000000 -1.0000000 -1.0000000 0.1875938 0.1185783 0.0539845 0.0345860 0.0490226 0.0684118 0.0931941 0.4456655 0.8673747 0.9841498 0.9352926 0.8268336 0.8308445 0.5537416 0.3468974 0.4782444 0.8702054 0.9172925 0.6714629 0.3967809 0.1917249 0.1091636 0.1084117 0.1234636 0.1128939 0.0980597 0.0904427 0.0874522
-1.0000000 -1.0000000 0.0552502 0.0123695 0.0048141 0.0048141 0.0086683 0.0064574 0.0037395 0.0031859 0.0037395 0.0053574 0.0053574 0.0086683 0.0155737 -1.0000000 -1.0000000 -1.0000000 0.4795166 0.4774169 -1.0000000 0.6077651 -1.0000000 0.3698596 0.3958331 0.4098247 -1.0000000 -1.0000000 -1.0000000 -1.0000000 -1.0000000 0.1114168 0.0213996 0.0294232 0.0509206 0.0446932 0.2186576 0.7454172 0.9878815 0.8556947 0.4230930 0.3441709 0.3451434 0.3460533 0.3468974 0.3477748 0.7160194 0.8740379 0.5838596 0.2758561 0.2890961 0.1098946 0.0987503 0.0994034 0.0987503 0.1271072 0.1150321 0.0853163
0.1619477 0.0896799 0.0345860 0.0092012 0.0053574 0.0053574 0.0064574 0.0108026 0.0070300 0.0053574 0.0081379 0.0172638 0.0167127 0.0190086 -1.0000000 -1.0000000 -1.0000000 -1.0000000 -1.0000000 0.5201910 0.5024289 0.6143039 -1.0000000 0.3246725 0.2908207 0.2650387 -1.0000000 -1.0000000 -1.0000000 0.1852900 0.1967016 0.0874522 0.0225364 -1.0000000 0.0345860 0.0503147 0.3332860 0.9197294 0.9432447 0.3424014 0.3431978 0.5658464 0.6609032 0.6540855 0.3468974 0.3477748 0.4735402 0.6888186 0.5631487 0.1892299 0.1391209 0.0980597 0.1031422 0.1279266 0.0994034 0.1031422 0.1121547 0.0782263
0.2111689 0.0768175 0.0184017 0.0058936 0.0064574 0.0058936 0.0058936 0.0075928 0.0208148 0.0208148 0.0144889 0.0144889 0.0282931 0.0375736 0.1311523 -1.0000000 -1.0000000 -1.0000000 0.5388472 0.5012337 0.4928201 -1.0000000 0.2384054 0.1681416 0.1817954 0.1974959 -1.0000000 -1.0000000 -1.0000000 -1.0000000 0.0316613 0.0334218 0.0213996 0.0150106 0.0789561 0.3365970 0.6505935 0.9595296 0.3414633 0.3424014 0.4802350 0.7804484 0.7032547 0.6755890 0.3817902 0.6805872 0.8800632 0.7097628 0.5679337 0.1860760 0.1171424 0.0945828 0.1038995 0.1000938 0.1000938 0.1046664 0.0959515 0.0810803
0.2154487 0.0860764 0.0161437 0.0064574 0.0092012 0.0134071 0.0113297 0.0102594 0.0167127 0.0150106 0.0190086 0.0248358 -1.0000000 -1.0000000 -1.0000000 -1.0000000 0.3846044 -1.0000000 -1.0000000 -1.0000000 -1.0000000 -1.0000000 -1.0000000 0.1749199 0.1837743 0.1726547 -1.0000000 -1.0000000 -1.0000000 -1.0000000 0.0086683 0.0172638 0.0150106 0.0853163 0.1023796 0.1573025 0.3105057 0.3406067 0.3414633 0.6888186 0.9432447 0.8987854 0.7984127 0.5518911 0.3826817 0.7370169 0.9171680 0.7177444 0.5476687 0.2998013 0.1192532 0.0874522 0.1023796 0.1008614 0.1008614 0.1084117 0.1023796 0.0803381
0.1908823 0.1502299 0.0172638 0.0064574 0.0092012 0.0161437 0.0184017 0.0202224 0.0277019 0.0282931 0.0254110 -1.0000000 -1.0000000 -1.0000000 -1.0000000 -1.0000000 -1.0000000 -1.0000000 -1.0000000 -1.0000000 0.2689427 0.1884745 0.1439105 0.1573025 0.1852900 0.1525359 -1.0000000 -1.0000000 -1.0000000 -1.0000000 0.0064574 0.0070300 0.0075928 0.0299644 0.0225364 0.0092012 0.3298854 0.7572135 0.8869154 0.9689730 0.9447086 0.8516750 0.8785636 0.3837210 0.3837210 0.8673747 0.8387330 0.4542167 0.2750898 0.1610932 0.0867684 0.0994034 0.1121547 0.1351886 0.1414858 0.1220863 0.1106592 0.0925216
0.1810521 0.1486548 -1.0000000 0.0042742 0.0102594 0.0177998 0.0167127 -1.0000000 0.0598757 -1.0000000 0.0123695 0.0092012 0.0213996 0.0726677 -1.0000000 -1.0000000 -1.0000000 -1.0000000 -1.0000000 -1.0000000 0.2455433 0.2021289 0.1463452 0.1557651 -1.0000000 -1.0000000 -1.0000000 0.6143039 -1.0000000 -1.0000000 0.0184017 0.0102594 0.0075928 0.0081379 0.0086683 0.1302851 0.5558244 0.6445091 0.7273462 0.6154134 0.4420384 0.6755890 0.8326820 0.3846044 0.3873608 0.7592629 0.6562154 0.3204398 0.2128369 0.1549200 0.0860764 0.1016180 0.1406858 0.1359946 0.1084117 0.1023796 0.1016180 0.1121547
0.1803589 0.1525359 0.0254110 0.0037395 0.0108026 0.0177998 -1.0000000 -1.0000000 -1.0000000 -1.0000000 0.0128798 0.0144889 0.0144889 -1.0000000 -1.0000000 -1.0000000 -1.0000000 -1.0000000 -1.0000000 -1.0000000 0.2561042 0.2553550 0.2120371 0.3060662 0.2758561 -1.0000000 -1.0000000 0.5610750 -1.0000000 -1.0000000 -1.0000000 0.0254110 0.0184017 0.0357836 0.0620461 0.1471645 0.2036361 0.1557651 0.2495410 0.4410645 0.4465789 0.6154134 0.7370169 0.5151153 0.3855720 0.6800268 0.5375329 0.2384054 0.1658645 0.1098946 0.0860764 0.0853163 0.0845660 0.0845660 0.1069327 0.1128939 0.1023796 0.1157002
-1.0000000 0.0896799 -1.0000000 0.0053574 0.0113297 -1.0000000 -1.0000000 -1.0000000 0.4475096 -1.0000000 0.0064574 0.0075928 0.0064574 0.1383889 -1.0000000 0.4392159 -1.0000000 0.3754147 0.3504828 -1.0000000 -1.0000000 -1.0000000 -1.0000000 -1.0000000 -1.0000000 -1.0000000 -1.0000000 0.5793002 0.5269902 0.1943738 -1.0000000 0.0277019 0.0388851 0.0427730 0.0471700 0.0904427 0.1143059 0.2413931 0.6546119 0.8617963 0.8720568 0.9032277 0.7870515 0.5940524 0.3864628 0.6466093 0.5071135 0.1525359 0.1054175 0.0867684 0.0860764 0.0853163 0.0845660 0.0838730 0.0987503 0.1359946 0.1256059 -1.0000000
0.0521128 0.0037395 0.0031859 0.0058936 0.0086683 0.0102594 -1.0000000 -1.0000000 0.2650387 0.0254110 0.0172638 0.0070300 0.0113297 0.0155737 0.2744099 -1.0000000 0.2178652 0.2413931 0.2864565 0.2830470 -1.0000000 -1.0000000 -1.0000000 -1.0000000 -1.0000000 -1.0000000 -1.0000000 -1.0000000 0.4878362 0.3451434 -1.0000000 0.1557651 0.0527827 0.0552502 0.1008614 0.0987503 0.1150321 0.3873608 0.5879285 0.4410645 0.3495435 0.6484574 0.7592629 0.6868048 0.3873608 0.5898030 0.5800074 0.2537809 0.1367721 0.0867684 0.0860764 0.0853163 0.0845660 0.1164373 0.0831199 0.1234636 0.0831199 0.0860764
0.0092012 0.0031859 0.0070300 0.0097457 0.0118570 0.0236655 -1.0000000 -1.0000000 -1.0000000 -1.0000000 0.0236655 0.0070300 0.0070300 0.0282931 0.0938952 0.1573025 0.1178503 0.0889741 0.0952836 -1.0000000 -1.0000000 -1.0000000 -1.0000000 -1.0000000 -1.0000000 -1.0000000 -1.0000000 -1.0000000 -1.0000000 0.4230930 -1.0000000 0.2735945 0.1454762 0.0698190 0.0796570 0.0796570 0.1463452 0.3873608 0.6317356 0.6380748 0.4617375 0.2674163 0.3486573 0.6847746 0.5518911 0.7834463 0.7389427 0.3398660 0.1852900 0.0867684 0.0860764 0.0853163 0.0918244 0.1336020 0.1054175 0.0824547 0.0818076 0.0810803
0.0128798 0.0016671 0.0058936 0.0092012 0.0118570 -1.0000000 -1.0000000 -1.0000000 -1.0000000 -1.0000000 0.0184017 0.0064574 0.0064574 0.0092012 0.0471700 -1.0000000 0.0177998 0.0070300 0.0282931 0.0316613 0.1128939 -1.0000000 0.3780361 -1.0000000 -1.0000000 -1.0000000 -1.0000000 -1.0000000 -1.0000000 -1.0000000 -1.0000000 0.2504031 0.1974959 0.0810803 0.0704790 0.0712521 0.0719858 0.3263995 0.5191959 0.7898177 0.8898697 0.4954765 0.2666761 0.5211643 0.5219915 0.8594619 0.9474297 0.4870540 0.1573025 0.0931941 0.0860764 0.0980597 0.1069327 0.1136214 0.1479167 0.0994034 0.1128939 0.0911403
0.0925216 0.0007532 0.0026740 0.0042742 0.0134071 -1.0000000 -1.0000000 -1.0000000 -1.0000000 -1.0000000 -1.0000000 0.0108026 0.0058936 0.0064574 0.0058936 0.0053574 0.0048141 0.0053574 0.0048141 -1.0000000 0.0092012 0.1200015 -1.0000000 -1.0000000 -1.0000000 0.5171439 0.5552390 -1.0000000 0.1414858 -1.0000000 0.1084117 0.1336020 0.1121547 0.0904427 0.0973867 0.1627153 0.2384054 0.1000938 0.3349969 0.6546119 0.9084783 0.5779442 0.2666761 0.2658051 0.2650387 0.5051697 0.9876000 0.8387330 0.4006254 0.1248720 0.0867684 0.1000938 0.1256059 0.1076837 0.1439105 0.1000938 0.1454762 0.1319560
0.0719858 -1.0000000 0.0042742 0.0070300 0.0155737 0.0177998 -1.0000000 -1.0000000 -1.0000000 -1.0000000 -1.0000000 -1.0000000 0.0167127 0.0064574 0.0058936 0.0053574 0.0075928 0.0086683 0.0031859 0.0042742 0.0058936 0.0097457 -1.0000000 0.0860764 -1.0000000 -1.0000000 -1.0000000 -1.0000000 0.0918244 0.0733777 0.0440520 0.0649330 0.0546167 0.0838730 0.1091636 0.1171424 0.4192658 0.4628113 0.1595387 0.4560952 0.6825942 0.3495435 0.6003052 0.7834463 0.5201910 0.2642091 0.8944803 0.9309825 0.5658464 0.2421989 0.0874522 0.1200015 0.1336020 0.1084117 0.1359946 0.1008614 0.1294778 0.1069327
0.0007532 0.0011940 0.0037395 0.0081379 0.0102594 0.0113297 0.0242401 -1.0000000 -1.0000000 -1.0000000 0.0328462 0.0190086 0.0177998 0.0081379 0.0058936 0.0058936 0.0845660 0.1463452 0.1541626 0.0064574 0.0048141 0.0075928 0.0139608 -1.0000000 0.1510304 -1.0000000 -1.0000000 0.0818076 0.0345860 0.0351942 0.0407779 0.0465650 0.0565363 0.0558864 0.0925216 0.1200015 0.1336020 0.5435269 0.7750878 0.5298176 0.3996899 0.6755890 0.8687276 0.9032277 0.7770534 0.2633932 0.8458122 0.9631267 0.6505935 0.2537809 0.0881985 0.1069327 0.1311523 0.1128939 0.1375909 0.1000938 0.1171424 0.1000938
0.0011940 0.0070300 0.0097457 0.0123695 0.0184017 0.0134071 -1.0000000 -1.0000000 -1.0000000 -1.0000000 0.0310640 0.0190086 0.0254110 0.0123695 0.0081379 0.1688366 0.4402550 0.0853163 0.5335047 0.2650387 0.0161437 0.0081379 0.0177998 0.0155737 -1.0000000 -1.0000000 -1.0000000 0.1446746 0.0712521 0.0351942 0.0357836 0.0363642 0.0369627 0.0484110 0.0874522 0.1000938 0.1200015 0.1383889 0.6003052 0.8773035 0.5920351 0.7389427 0.8039619 0.9588898 0.7770534 0.2626795 0.8005862 0.9804732 0.7647732 0.3290801 0.1164373 0.1414858 0.1319560 0.1207052 0.1359946 0.1185783 0.0994034 0.1061814
