trunk/projects/spp-inf/Zonation runs/Test data/Output/out_missingSp1.prop.asc
ncols        649
nrows        555
xllcorner    294205.000000000000
yllcorner    6283604.599999999600
cellsize     0.200000000000
NODATA_value     -1
[rows 104 to 129 of 555, columns 232 to 289 of 649]
-1.0000000 0.0998149 0.0798054 0.0539233 0.0467800 0.0819139 -1.0000000 -1.0000000 -1.0000000 0.2205781 0.1580250 0.0949982 -1.0000000 -1.0000000 0.1867524 -1.0000000 -1.0000000 -1.0000000 0.2885805 -1.0000000 0.3844362 -1.0000000 0.4024208 -1.0000000 0.3863243 -1.0000000 0.3127040 -1.0000000 -1.0000000 0.1104910 0.1005452 0.0928732 -1.0000000 0.1828297 -1.0000000 -1.0000000 0.1673412 0.0964086 0.0762225 0.0783555 0.1057755 0.1597276 -1.0000000 -1.0000000 0.3844362 -1.0000000 0.1882362 0.1507039 0.1011956 0.0984513 0.1128853 0.1490889 0.1697114 0.1851915 0.2014837 0.2406336 0.2556852 0.1572123
-1.0000000 -1.0000000 0.0908660 0.0454735 -1.0000000 -1.0000000 -1.0000000 -1.0000000 -1.0000000 -1.0000000 0.1564294 0.0875958 -1.0000000 -1.0000000 0.1720977 0.2074115 -1.0000000 -1.0000000 -1.0000000 -1.0000000 0.4089087 0.4300987 -1.0000000 -1.0000000 -1.0000000 -1.0000000 -1.0000000 0.4977211 0.1811488 0.1404009 0.1005452 0.0798054 0.1089512 0.1336709 0.1369996 0.0943395 0.1226901 0.0762225 0.0595958 0.0964086 0.1304379 0.1218699 0.1851915 0.3012164 0.2475047 0.1802722 0.1265037 0.1050559 0.0928732 0.1011956 0.1089512 -1.0000000 0.1836446 0.1720977 -1.0000000 -1.0000000 -1.0000000 0.1249840
-1.0000000 0.1615006 0.1226901 -1.0000000 -1.0000000 -1.0000000 -1.0000000 -1.0000000 -1.0000000 -1.0000000 0.1345178 0.1218699 0.0991436 -1.0000000 -1.0000000 -1.0000000 -1.0000000 -1.0000000 0.4005956 0.3644233 0.3801550 -1.0000000 -1.0000000 -1.0000000 0.4977211 0.3504537 -1.0000000 -1.0000000 0.2832632 0.2048928 0.1754628 0.1026661 0.0956805 -1.0000000 0.0977916 0.0826662 0.0889695 0.0645143 0.0545619 0.0908660 0.1304379 0.1173137 0.1273625 0.1490889 0.1143889 0.0991436 0.0819139 0.0519919 0.0513621 0.0589975 0.0819139 -1.0000000 0.1639808 0.1631778 0.1457571 -1.0000000 -1.0000000 0.0173131
0.2422937 0.1844203 0.1361365 0.2475047 -1.0000000 -1.0000000 -1.0000000 -1.0000000 -1.0000000 -1.0000000 0.1623090 0.1531391 0.1395375 0.1787561 0.2422937 0.2832632 0.2668951 -1.0000000 0.3069890 0.3732684 0.4005956 -1.0000000 -1.0000000 0.5213073 0.5168771 -1.0000000 -1.0000000 0.3652976 0.3522602 0.2280747 0.2638308 -1.0000000 -1.0000000 0.1050559 0.0861716 0.0741783 0.0734378 0.0798054 0.0539233 0.0698881 0.1026661 0.0949982 0.0896110 0.0970840 0.0833486 0.0861716 0.0713201 0.0406451 0.0448456 0.0448456 0.0424404 0.0551940 0.1538930 0.1811488 0.1564294 -1.0000000 -1.0000000 0.0102375
0.2824073 -1.0000000 -1.0000000 -1.0000000 -1.0000000 0.2986779 -1.0000000 -1.0000000 -1.0000000 0.2548984 0.2031372 0.1720977 0.1656548 0.2057165 0.2832632 0.2629957 -1.0000000 0.1828297 0.2605065 0.3085937 -1.0000000 -1.0000000 0.4762683 -1.0000000 -1.0000000 -1.0000000 -1.0000000 -1.0000000 -1.0000000 0.2280747 0.2686368 -1.0000000 0.1555936 0.0875958 0.0811763 0.0741783 0.0741783 0.0861716 0.0500814 0.0507050 0.0663884 0.0663884 0.0577023 0.0804813 0.0684569 0.0804813 0.0748274 0.0448456 0.0394566 0.0366871 0.0355012 0.0474209 -1.0000000 0.2048928 0.1482810 0.0564277 0.0152022 0.0135669
-1.0000000 -1.0000000 0.3244182 -1.0000000 -1.0000000 -1.0000000 -1.0000000 -1.0000000 -1.0000000 -1.0000000 0.2065803 0.1859183 0.1745695 0.1874465 -1.0000000 -1.0000000 -1.0000000 0.2768175 0.3225811 0.3715552 0.4490430 -1.0000000 0.5712059 -1.0000000 -1.0000000 -1.0000000 0.1296404 0.0713201 0.0847637 0.1151838 -1.0000000 0.1203455 0.0970840 0.0915160 0.0956805 0.0748274 0.0748274 0.0748274 0.0474209 0.0474209 0.0474209 0.0474209 0.0474209 0.0583216 0.0755504 0.0595958 0.0602280 0.0532697 0.0355012 0.0349084 0.0349084 0.0383129 -1.0000000 -1.0000000 0.1897591 0.0645143 0.0141055 0.0119070
0.2305566 -1.0000000 -1.0000000 0.4173719 -1.0000000 0.3635982 0.3069890 0.3004094 -1.0000000 -1.0000000 -1.0000000 0.1514416 0.2162497 -1.0000000 -1.0000000 -1.0000000 -1.0000000 -1.0000000 -1.0000000 -1.0000000 -1.0000000 -1.0000000 -1.0000000 -1.0000000 -1.0000000 -1.0000000 0.0908660 0.0500814 0.0626286 0.0798054 -1.0000000 0.0539233 0.0840541 0.1026661 0.1081377 0.0748274 0.0748274 0.0755504 0.0474209 0.0467800 0.0467800 0.0467800 0.0467800 0.0467800 0.0651251 0.0519919 0.0526633 0.0418171 0.0355012 0.0349084 0.0263825 0.0222638 0.0474209 -1.0000000 -1.0000000 0.0626286 0.0394566 0.0200617
0.2556852 0.2023031 -1.0000000 -1.0000000 -1.0000000 0.3151844 0.2660515 -1.0000000 0.1921445 0.3317267 -1.0000000 0.2703751 -1.0000000 -1.0000000 -1.0000000 -1.0000000 -1.0000000 0.3705743 -1.0000000 -1.0000000 -1.0000000 -1.0000000 -1.0000000 -1.0000000 -1.0000000 -1.0000000 0.0998149 0.0343229 0.0670967 0.1034421 0.0507050 0.0372474 0.0706283 0.0854633 0.0811763 0.0741783 0.0741783 0.0861716 0.0461364 0.0461364 0.0461364 0.0461364 0.0461364 0.0461364 0.0461364 0.0487387 0.0366871 0.0360793 0.0355012 0.0406451 0.0263825 0.0383129 0.0406451 0.0183967 0.0239792 0.0632628 0.0507050 0.0263825
-1.0000000 0.2467084 -1.0000000 -1.0000000 -1.0000000 0.2388108 0.1905710 0.1820158 0.1795583 -1.0000000 0.3644233 0.3689733 -1.0000000 -1.0000000 -1.0000000 -1.0000000 -1.0000000 -1.0000000 -1.0000000 -1.0000000 -1.0000000 -1.0000000 -1.0000000 0.5017125 0.5017125 -1.0000000 -1.0000000 -1.0000000 0.0964086 -1.0000000 0.0719988 0.0388746 0.0558151 0.0638742 0.0956805 0.1089512 0.0734378 0.1065458 0.0762225 0.0454735 0.0454735 0.0454735 0.0583216 0.0454735 0.0454735 0.0570781 0.0494108 0.0442340 0.0360793 0.0474209 0.0287783 0.0487387 0.0377812 0.0257798 0.0211558 0.0372474 0.0377812 0.0239792
0.2491571 -1.0000000 -1.0000000 -1.0000000 0.2508351 -1.0000000 0.1498823 0.1296404 -1.0000000 -1.0000000 -1.0000000 -1.0000000 -1.0000000 -1.0000000 -1.0000000 -1.0000000 -1.0000000 -1.0000000 0.2458682 -1.0000000 0.3916602 0.4799930 0.4318900 -1.0000000 0.4646606 -1.0000000 -1.0000000 0.1763180 0.1836446 0.2006593 0.0984513 0.0619888 0.0713201 0.0984513 0.1490889 0.1490889 -1.0000000 0.1697114 0.1328551 0.0677887 0.0448456 0.0448456 0.0545619 0.0448456 0.0448456 0.0613770 0.0500814 0.0626286 0.0545619 0.0406451 0.0412590 0.0519919 0.0304489 0.0228480 0.0234411 0.0245466 0.0269984 0.0183967
0.3271103 0.3783552 -1.0000000 -1.0000000 0.2272202 0.2280747 0.1507039 0.0928732 0.0998149 0.1011956 0.1042648 -1.0000000 -1.0000000 -1.0000000 -1.0000000 -1.0000000 0.1844203 0.2263850 0.2816116 -1.0000000 -1.0000000 -1.0000000 -1.0000000 -1.0000000 0.4490430 -1.0000000 -1.0000000 0.1970227 0.2188230 0.2556852 0.1448650 0.1345178 0.1281127 0.1473803 0.2081906 -1.0000000 -1.0000000 0.2440721 0.2171513 0.1588437 0.0719988 0.0442340 0.0442340 0.0442340 0.0448456 0.0840541 0.0626286 0.0507050 0.0545619 0.0406451 0.0487387 0.0494108 0.0372474 0.0349084 0.0474209 0.0309829 0.0276103 0.0332291
-1.0000000 -1.0000000 -1.0000000 -1.0000000 -1.0000000 0.2313754 0.1615006 -1.0000000 0.1465866 0.1151838 0.1050559 0.1257997 0.1507039 0.1448650 0.1273625 0.1320861 0.1413001 0.1977473 0.2467084 -1.0000000 -1.0000000 -1.0000000 -1.0000000 -1.0000000 0.5017125 -1.0000000 -1.0000000 -1.0000000 -1.0000000 -1.0000000 0.1836446 0.2171513 0.1681520 0.2564808 0.2372293 0.1828297 0.2330411 0.2508351 0.3012164 0.2238014 0.0882929 0.0436480 0.0436480 0.0442340 0.0448456 0.0570781 0.0632628 0.0645143 0.0406451 0.0388746 0.0394566 0.0377812 0.0583216 0.0698881 0.0558151 0.0304489 0.0281770 0.0281770
-1.0000000 0.4156365 -1.0000000 -1.0000000 -1.0000000 0.2347254 0.1938753 0.1143889 0.0970840 0.0776408 0.0494108 0.0670967 0.0840541 0.0670967 0.0861716 0.1065458 0.1136144 -1.0000000 -1.0000000 -1.0000000 -1.0000000 -1.0000000 -1.0000000 -1.0000000 0.4835627 -1.0000000 -1.0000000 -1.0000000 0.1984493 0.2205781 -1.0000000 -1.0000000 -1.0000000 0.3448811 0.3159348 -1.0000000 0.3143491 0.3020310 0.3036414 0.3036414 0.1104910 0.0430543 0.0436480 0.0608214 0.0727320 0.0577023 0.0638742 0.0589975 0.0406451 0.0388746 0.0383129 0.1120985 0.1136144 0.0915160 0.0564277 0.0424404 0.0394566 0.0734378
-1.0000000 -1.0000000 -1.0000000 -1.0000000 -1.0000000 0.2612749 0.2031372 -1.0000000 0.1304379 0.0570781 -1.0000000 0.0645143 0.0638742 0.0519919 0.0889695 0.1113057 0.1844203 0.2923260 -1.0000000 -1.0000000 -1.0000000 -1.0000000 -1.0000000 -1.0000000 0.4517218 -1.0000000 -1.0000000 -1.0000000 0.1387088 0.1019378 0.1218699 -1.0000000 0.3644233 0.3819042 -1.0000000 -1.0000000 0.3298928 0.3836169 -1.0000000 0.2761409 -1.0000000 0.0790795 0.0500814 0.0727320 0.1136144 0.0811763 0.0706283 0.0436480 0.0394566 0.0388746 0.0418171 0.1281127 0.0875958 0.0589975 0.0448456 0.0657552 -1.0000000 0.1580250
-1.0000000 -1.0000000 -1.0000000 0.3644233 0.3191440 -1.0000000 -1.0000000 -1.0000000 -1.0000000 -1.0000000 -1.0000000 0.1120985 0.1026661 -1.0000000 0.1218699 0.1514416 -1.0000000 -1.0000000 -1.0000000 -1.0000000 -1.0000000 -1.0000000 0.4318900 -1.0000000 -1.0000000 0.2792145 -1.0000000 0.0902141 0.0461364 0.0276103 0.0263825 -1.0000000 0.1938753 0.1851915 -1.0000000 -1.0000000 -1.0000000 0.2800541 0.3801550 0.3431078 0.2422937 0.0984513 0.0507050 0.0734378 0.1345178 0.1026661 0.0713201 0.0480490 0.0526633 0.0394566 0.0670967 0.0984513 0.0691700 0.0467800 0.0454735 0.0545619 0.0921795 0.1514416
-1.0000000 -1.0000000 0.4336087 0.3485557 -1.0000000 -1.0000000 -1.0000000 -1.0000000 -1.0000000 0.3207845 0.2737354 0.2280747 -1.0000000 0.1273625 0.1588437 0.1836446 -1.0000000 -1.0000000 -1.0000000 -1.0000000 -1.0000000 0.4318900 -1.0000000 -1.0000000 -1.0000000 -1.0000000 0.2355721 0.1203455 0.0494108 0.0355012 0.0461364 0.0298952 0.0349084 0.0861716 0.0854633 0.0804813 0.1257997 0.1770954 0.1754628 0.1998817 -1.0000000 0.1005452 0.0706283 0.0755504 0.0977916 0.0977916 0.0762225 0.0558151 0.0564277 0.0400677 0.1404009 0.1097612 0.0908660 0.0663884 0.0539233 0.0657552 0.0741783 0.1361365
-1.0000000 -1.0000000 -1.0000000 -1.0000000 0.4517218 0.4192359 -1.0000000 -1.0000000 0.4042825 0.3093122 0.2548984 -1.0000000 0.1998817 0.1990957 0.2048928 -1.0000000 -1.0000000 -1.0000000 -1.0000000 -1.0000000 0.4408442 0.4318900 -1.0000000 -1.0000000 0.4235992 -1.0000000 0.2712702 0.1664812 0.1514416 0.1081377 0.0691700 0.0326669 0.0304489 0.0309829 0.0383129 0.0602280 0.0833486 0.0998149 0.0921795 0.0964086 0.0819139 0.1188062 0.0783555 0.0539233 0.0608214 0.0551940 0.0577023 0.0595958 0.0406451 0.0762225 0.1089512 0.0826662 0.0577023 0.0558151 0.0915160 0.0790795 0.0902141 0.1296404
-1.0000000 -1.0000000 -1.0000000 -1.0000000 -1.0000000 -1.0000000 0.3898870 0.3715552 -1.0000000 -1.0000000 0.2422937 -1.0000000 0.2792145 0.2414383 0.2288888 -1.0000000 0.3495119 -1.0000000 -1.0000000 -1.0000000 0.3969964 -1.0000000 -1.0000000 -1.0000000 0.4882889 0.4255783 0.3191440 0.2355721 0.1828297 0.1531391 0.0833486 0.0418171 0.0309829 0.0309829 0.0360793 0.0613770 0.0613770 0.0748274 0.0684569 0.0798054 0.0713201 0.0949982 0.1026661 0.0539233 0.0532697 0.0526633 0.0519919 0.0545619 0.0412590 0.1065458 0.0868803 -1.0000000 0.0494108 0.0494108 0.1273625 -1.0000000 -1.0000000 0.0748274
-1.0000000 -1.0000000 -1.0000000 -1.0000000 -1.0000000 -1.0000000 -1.0000000 -1.0000000 -1.0000000 0.3801550 -1.0000000 -1.0000000 -1.0000000 -1.0000000 -1.0000000 0.2355721 -1.0000000 0.3741052 -1.0000000 0.3475893 -1.0000000 -1.0000000 -1.0000000 -1.0000000 -1.0000000 0.4245718 0.3609453 -1.0000000 0.3934492 0.2305566 0.1606982 0.1353071 0.0608214 0.0480490 0.0349084 0.0589975 0.0632628 0.0677887 0.0684569 0.0840541 0.0706283 0.0706283 0.1113057 0.0684569 0.0532697 0.0526633 0.0608214 0.0513621 0.0418171 0.1050559 0.0539233 -1.0000000 0.0570781 0.0480490 0.1404009 -1.0000000 0.1097612 0.0902141
-1.0000000 -1.0000000 -1.0000000 -1.0000000 -1.0000000 -1.0000000 -1.0000000 -1.0000000 -1.0000000 -1.0000000 -1.0000000 -1.0000000 -1.0000000 0.3217034 0.2877172 0.2355721 0.2621158 -1.0000000 -1.0000000 -1.0000000 -1.0000000 -1.0000000 -1.0000000 -1.0000000 0.4108216 0.4117085 -1.0000000 0.4435573 0.4941339 -1.0000000 -1.0000000 -1.0000000 0.1218699 0.0519919 0.0406451 0.0719988 0.0719988 0.0719988 0.0684569 0.0727320 0.0698881 0.0706283 0.1042648 0.0970840 0.0833486 0.0595958 0.0595958 0.0532697 0.0663884 0.0811763 0.0719988 0.0507050 0.0355012 0.0589975 0.0956805 0.0908660 0.0790795 0.0991436
-1.0000000 -1.0000000 -1.0000000 -1.0000000 -1.0000000 -1.0000000 -1.0000000 -1.0000000 -1.0000000 -1.0000000 -1.0000000 -1.0000000 0.3951094 0.3308246 0.3053648 0.2548984 0.2422937 0.3290671 -1.0000000 0.3326265 -1.0000000 -1.0000000 -1.0000000 -1.0000000 -1.0000000 0.4344695 -1.0000000 0.4941339 -1.0000000 -1.0000000 0.4977211 -1.0000000 -1.0000000 0.0977916 0.0691700 0.1073279 0.1011956 0.0861716 0.0691700 0.0691700 0.0698881 0.0706283 0.0769377 0.1050559 0.1195701 0.0991436 0.0991436 0.1218699 0.0608214 0.0424404 0.0388746 0.0360793 0.0360793 0.0748274 0.0467800 0.0418171 0.0613770 0.0713201
-1.0000000 -1.0000000 -1.0000000 -1.0000000 -1.0000000 -1.0000000 -1.0000000 -1.0000000 -1.0000000 -1.0000000 0.2612749 0.3109968 0.2960393 -1.0000000 -1.0000000 -1.0000000 -1.0000000 0.3836169 -1.0000000 0.3827209 0.4353356 0.4695491 -1.0000000 -1.0000000 -1.0000000 0.5130260 0.4863498 0.4853947 0.5307307 -1.0000000 -1.0000000 0.5357761 -1.0000000 0.1737668 0.1234515 0.1288547 0.1273625 0.1165913 0.0875958 0.0847637 0.0833486 0.0706283 0.0943395 0.1257997 0.1257997 0.1257997 0.1005452 0.1026661 0.0500814 0.0372474 0.0366871 0.0366871 0.0526633 0.0790795 0.0461364 0.0406451 0.0355012 0.0281770
-1.0000000 -1.0000000 -1.0000000 -1.0000000 0.4227738 -1.0000000 -1.0000000 0.3662686 -1.0000000 0.1345178 -1.0000000 -1.0000000 -1.0000000 -1.0000000 -1.0000000 -1.0000000 0.4326294 -1.0000000 -1.0000000 0.4182975 -1.0000000 -1.0000000 -1.0000000 -1.0000000 -1.0000000 -1.0000000 0.4762683 0.5130260 0.5318961 -1.0000000 0.4844112 -1.0000000 -1.0000000 -1.0000000 0.1897591 0.1606982 0.1664812 0.1859183 0.1378503 0.1005452 0.0964086 0.0889695 0.1042648 0.1104910 0.0970840 0.0706283 0.0840541 0.0480490 0.0467800 0.0727320 0.0500814 0.0388746 0.0734378 0.0854633 0.0467800 0.0608214 0.0539233 0.0281770
-1.0000000 -1.0000000 0.5111760 0.4060645 0.4060645 0.2903734 0.2458682 -1.0000000 0.1439823 -1.0000000 -1.0000000 -1.0000000 -1.0000000 0.2761409 -1.0000000 0.3317267 0.3652976 -1.0000000 -1.0000000 0.3836169 -1.0000000 -1.0000000 -1.0000000 -1.0000000 -1.0000000 -1.0000000 -1.0000000 0.5318961 -1.0000000 -1.0000000 -1.0000000 -1.0000000 0.5233810 0.4336087 0.4344695 0.3421521 0.2792145 0.2431931 0.1623090 0.0826662 0.0595958 0.0677887 0.0921795 0.0698881 0.0638742 0.0442340 0.0349084 0.0320995 0.0698881 0.0480490 0.0519919 0.0833486 0.0902141 0.0798054 0.0545619 0.0840541 -1.0000000 0.0713201
-1.0000000 -1.0000000 -1.0000000 0.3151844 0.3045014 0.2960393 0.2238014 -1.0000000 -1.0000000 -1.0000000 0.1921445 0.2031372 0.2116879 0.2372293 0.1304379 -1.0000000 0.3207845 -1.0000000 0.2941541 0.3448811 0.3458386 -1.0000000 0.3387766 0.3723965 -1.0000000 0.5894227 0.5712059 0.5338781 0.5471504 0.5357761 -1.0000000 -1.0000000 -1.0000000 0.5241899 0.4901675 0.4145943 0.3378456 0.2499801 0.1555936 0.0776408 0.0595958 0.0589975 0.0804813 0.0519919 0.0494108 0.0337693 0.0173131 0.0293356 0.0526633 0.0388746 0.0487387 0.0613770 0.0577023 0.0583216 0.0619888 0.0570781 -1.0000000 0.0741783
-1.0000000 -1.0000000 -1.0000000 0.2768175 -1.0000000 -1.0000000 0.2475047 0.1681520 -1.0000000 -1.0000000 0.2347254 0.2154008 0.1984493 -1.0000000 -1.0000000 0.2525238 0.1998817 0.2255312 0.3061792 0.2923260 0.2475047 0.3069890 0.4024208 0.4079139 0.5130260 0.6012549 -1.0000000 0.5396315 0.4986479 -1.0000000 -1.0000000 0.5993767 0.5993767 0.5621700 0.5252172 0.4922798 -1.0000000 0.2995099 0.1623090 0.0921795 0.0840541 0.0698881 0.0507050 0.0372474 0.0309829 0.0167760 0.0234411 0.0783555 0.0833486 0.0875958 0.0383129 0.0388746 0.0394566 0.0551940 0.0418171 0.0281770 0.0332291 0.0551940
