trunk/projects/spp-inf/Zonation runs/Test data/Output/out_missingSp1.prop.asc
ncols        649
nrows        555
xllcorner    294205.000000000000
yllcorner    6283604.599999999600
cellsize     0.200000000000
NODATA_value     -1
[rows 78 to 103 of 555, columns 464 to 521 of 649]
-1.0000000 -1.0000000 -1.0000000 0.9012233 0.8993755 -1.0000000 0.8757702 0.8982510 0.9012233 -1.0000000 -1.0000000 -1.0000000 -1.0000000 -1.0000000 -1.0000000 -1.0000000 -1.0000000 -1.0000000 0.9537010 0.9537010 -1.0000000 -1.0000000 0.9595916 0.9437254 0.9498025 0.9528947 0.9595916 0.9608855 0.9572560 0.9616774 -1.0000000 0.8666662 -1.0000000 0.8869976 0.8437793 0.7730181 0.7329404 0.7267334 0.6743157 0.6743157 0.6743157 0.6743157 0.6759564 0.6763772 0.7329404 0.7520591 0.7471629 0.6890700 0.6906151 0.6926457 0.7014045 0.7017643 0.7033337 0.7075683 0.7471629 0.7839205 0.8157810 0.8820744
-1.0000000 -1.0000000 -1.0000000 -1.0000000 -1.0000000 -1.0000000 -1.0000000 -1.0000000 -1.0000000 -1.0000000 -1.0000000 -1.0000000 -1.0000000 -1.0000000 -1.0000000 -1.0000000 -1.0000000 0.9537010 0.9537010 -1.0000000 -1.0000000 -1.0000000 0.9437254 0.9459457 0.9537010 0.9550760 0.9498025 0.9565005 0.9550760 0.9565005 -1.0000000 0.9234337 0.9286358 0.9222184 0.8789729 0.8313638 0.7756149 0.7520591 0.7097493 0.6759564 0.6969625 0.6759564 0.6759564 0.6763772 0.6776918 0.6784654 0.6886829 0.6950334 0.6906151 0.6969625 0.7139014 0.7033337 0.7033337 0.7040297 0.7471629 0.7839205 0.8184801 0.8589407
0.8589407 0.8705080 0.8869976 -1.0000000 -1.0000000 -1.0000000 -1.0000000 -1.0000000 -1.0000000 -1.0000000 -1.0000000 -1.0000000 -1.0000000 -1.0000000 -1.0000000 -1.0000000 -1.0000000 -1.0000000 -1.0000000 -1.0000000 -1.0000000 -1.0000000 0.9422556 0.9459457 0.9515915 0.9528947 0.9459457 0.9459457 0.9437254 -1.0000000 0.9451358 0.9162234 0.9175932 0.9321706 0.9175932 0.9041947 0.8622242 0.7957042 0.7267334 0.6800741 0.6992413 0.6844039 0.6763772 0.6763772 0.6776918 0.6844039 0.6906151 0.6969625 0.7014045 0.7179838 0.7371625 0.7444481 0.7058031 0.7033337 0.7599852 0.8004740 0.8501213 -1.0000000
0.8111035 0.8384345 0.8725033 -1.0000000 -1.0000000 -1.0000000 -1.0000000 -1.0000000 -1.0000000 -1.0000000 -1.0000000 -1.0000000 -1.0000000 -1.0000000 -1.0000000 -1.0000000 -1.0000000 -1.0000000 -1.0000000 -1.0000000 0.9686081 0.9588881 0.9468104 0.9515915 0.9515915 0.9286358 0.9222184 0.9202591 0.9202591 0.9437254 0.9376560 0.9296365 0.9202591 0.9274783 0.9437254 -1.0000000 -1.0000000 0.8198880 0.7556522 0.7402827 0.7223392 0.7179838 0.6776918 0.6776918 0.6776918 0.6784654 0.6906151 0.6969625 0.6975117 0.6992413 0.6996565 0.7014045 0.7017643 0.7033337 0.7709075 0.8437793 0.8929949 -1.0000000
0.8111035 0.8098603 -1.0000000 0.8089501 0.9395161 -1.0000000 -1.0000000 -1.0000000 -1.0000000 -1.0000000 -1.0000000 -1.0000000 -1.0000000 -1.0000000 -1.0000000 -1.0000000 -1.0000000 -1.0000000 -1.0000000 -1.0000000 0.9653281 0.9588881 0.9468104 0.9550760 0.9489071 0.9241917 0.9175932 0.9321706 0.9376560 0.9407686 0.9407686 0.9210896 0.9210896 0.9296365 0.9556888 0.9489071 0.9041947 -1.0000000 0.7688619 0.7402827 0.7240877 0.7556522 0.7014045 0.6784654 0.6784654 0.6784654 0.6926457 0.6992413 0.7058031 0.6992413 0.7284343 0.7223392 0.7033337 0.7353052 0.8046988 0.8705080 -1.0000000 -1.0000000
0.8555222 0.8098603 0.8046988 -1.0000000 -1.0000000 -1.0000000 -1.0000000 -1.0000000 -1.0000000 -1.0000000 -1.0000000 -1.0000000 -1.0000000 -1.0000000 -1.0000000 -1.0000000 -1.0000000 0.9309112 0.9365840 -1.0000000 0.9483965 0.9468104 0.9459457 0.9572560 0.9653281 0.9296365 0.9139770 0.9202591 -1.0000000 0.9422556 0.9309112 0.9234337 0.9222184 0.9213112 0.9429939 0.9489071 0.8757702 0.8157810 0.7284343 0.6695658 0.6800741 0.6969625 0.7139014 0.7097493 0.6800741 0.6800741 0.7402827 0.7471629 0.7058031 0.7118031 0.7621645 0.8004740 0.7862698 0.8089501 0.8563337 -1.0000000 -1.0000000 -1.0000000
0.8622242 0.8589407 0.8705080 -1.0000000 -1.0000000 -1.0000000 -1.0000000 -1.0000000 -1.0000000 -1.0000000 -1.0000000 -1.0000000 -1.0000000 -1.0000000 -1.0000000 -1.0000000 -1.0000000 0.9251842 0.9306872 -1.0000000 0.9459457 0.9451358 0.9537010 0.9608855 0.9638490 0.9565005 0.9222184 0.9129317 0.9376560 0.9376560 0.9263874 0.9263874 0.9422556 0.9222184 0.9263874 -1.0000000 0.8563337 0.7556522 0.6612067 0.6185818 0.6178272 0.6444198 0.6402478 0.7223392 0.7267334 0.6820726 0.7402827 0.7471629 0.7310787 0.7688619 0.7979475 0.8336996 0.8336996 0.8384345 -1.0000000 -1.0000000 -1.0000000 -1.0000000
0.8589407 0.8589407 0.8869976 -1.0000000 -1.0000000 -1.0000000 -1.0000000 -1.0000000 -1.0000000 -1.0000000 -1.0000000 -1.0000000 -1.0000000 -1.0000000 -1.0000000 0.9459457 0.9309112 0.9309112 0.9286358 -1.0000000 -1.0000000 0.9489071 0.9550760 0.9608855 0.9686081 0.9659056 0.9395161 0.9131333 0.9321706 -1.0000000 0.9468104 0.9376560 0.9515915 0.9459457 0.9459457 0.9309112 0.8869976 0.7889218 0.7058031 0.6992413 0.6528248 0.6122930 0.6122930 0.7179838 0.7599852 0.6969625 0.7157167 0.7490027 0.7316079 0.7371625 0.7621645 0.7936171 0.8198880 0.8290409 0.8437793 -1.0000000 -1.0000000 -1.0000000
0.8982510 -1.0000000 -1.0000000 -1.0000000 -1.0000000 -1.0000000 -1.0000000 -1.0000000 -1.0000000 -1.0000000 -1.0000000 -1.0000000 -1.0000000 -1.0000000 -1.0000000 -1.0000000 0.9459457 0.9422556 -1.0000000 -1.0000000 -1.0000000 0.9515915 0.9565005 0.9653281 0.9697381 0.9697381 0.9550760 0.9210896 0.9365840 -1.0000000 0.9395161 0.9350808 0.9348948 0.9321706 0.9357165 0.9306872 0.9078093 0.8757702 -1.0000000 -1.0000000 0.7139014 0.6116718 0.6137278 0.7179838 0.7957042 0.6992413 0.6950334 0.7490027 0.7329404 0.7329404 0.7333886 0.7353052 0.7357932 0.7371625 0.7556522 0.8416600 -1.0000000 -1.0000000
-1.0000000 -1.0000000 -1.0000000 -1.0000000 -1.0000000 -1.0000000 -1.0000000 -1.0000000 -1.0000000 -1.0000000 -1.0000000 -1.0000000 -1.0000000 -1.0000000 -1.0000000 -1.0000000 0.9515915 0.9528947 -1.0000000 -1.0000000 -1.0000000 0.9537010 0.9550760 -1.0000000 0.9631211 0.9670057 -1.0000000 0.9414668 0.9451358 0.9537010 0.9459457 0.9357165 0.9395161 0.9162234 0.9236708 0.9395161 0.9483965 0.9395161 -1.0000000 -1.0000000 -1.0000000 0.6285170 0.6800741 0.7621645 0.8098603 0.7402827 0.6926457 0.7688619 0.8089501 0.7957042 0.7556522 0.7353052 0.7357932 0.7371625 0.7379044 0.7756149 0.8789729 -1.0000000
0.8982510 -1.0000000 -1.0000000 -1.0000000 -1.0000000 -1.0000000 -1.0000000 -1.0000000 -1.0000000 -1.0000000 -1.0000000 -1.0000000 -1.0000000 -1.0000000 -1.0000000 -1.0000000 0.9653281 0.9670057 -1.0000000 -1.0000000 -1.0000000 0.9537010 0.9550760 -1.0000000 0.9588881 0.9670057 -1.0000000 0.9498025 -1.0000000 -1.0000000 -1.0000000 -1.0000000 0.9357165 -1.0000000 -1.0000000 -1.0000000 -1.0000000 -1.0000000 0.9498025 -1.0000000 0.8244516 -1.0000000 0.7797487 0.8268062 -1.0000000 0.7520591 0.6800741 0.7223392 0.8098603 0.8198880 0.7911896 0.7709075 0.7756149 0.7621645 0.7379044 0.7621645 0.8666662 -1.0000000
0.9139770 -1.0000000 -1.0000000 -1.0000000 -1.0000000 -1.0000000 -1.0000000 -1.0000000 -1.0000000 -1.0000000 -1.0000000 -1.0000000 -1.0000000 -1.0000000 -1.0000000 -1.0000000 -1.0000000 -1.0000000 -1.0000000 -1.0000000 0.9631211 0.9631211 0.9550760 0.9550760 -1.0000000 0.9638490 -1.0000000 -1.0000000 -1.0000000 -1.0000000 -1.0000000 -1.0000000 -1.0000000 0.8757702 -1.0000000 -1.0000000 0.9263874 -1.0000000 -1.0000000 -1.0000000 -1.0000000 0.7936171 0.8515186 0.8789729 -1.0000000 -1.0000000 0.7402827 0.7118031 0.8098603 0.8157810 0.7578061 0.7402827 0.7402827 0.7392713 0.7392713 0.7730181 0.8705080 -1.0000000
0.9241917 -1.0000000 -1.0000000 -1.0000000 -1.0000000 -1.0000000 -1.0000000 -1.0000000 -1.0000000 -1.0000000 -1.0000000 -1.0000000 -1.0000000 -1.0000000 -1.0000000 -1.0000000 -1.0000000 -1.0000000 -1.0000000 -1.0000000 -1.0000000 -1.0000000 0.9675835 0.9616774 -1.0000000 0.9608855 0.9659056 0.9608855 -1.0000000 0.8982510 0.8515186 0.8220260 0.8336996 0.8589407 0.9202591 0.9338957 0.9338957 0.9459457 -1.0000000 -1.0000000 -1.0000000 -1.0000000 0.8705080 0.9078093 -1.0000000 -1.0000000 0.7578061 0.6820726 0.7911896 0.8046988 0.7490027 0.7392713 0.7578061 0.7688619 0.7889218 0.8198880 -1.0000000 -1.0000000
-1.0000000 -1.0000000 -1.0000000 -1.0000000 -1.0000000 -1.0000000 -1.0000000 -1.0000000 -1.0000000 -1.0000000 -1.0000000 -1.0000000 -1.0000000 -1.0000000 -1.0000000 -1.0000000 -1.0000000 -1.0000000 -1.0000000 -1.0000000 -1.0000000 0.9705765 0.9675835 0.9686081 -1.0000000 0.9631211 0.9595916 0.9556888 0.8954781 0.8184801 0.7353052 0.6759564 -1.0000000 -1.0000000 -1.0000000 0.9376560 0.9414668 0.9588881 0.9588881 -1.0000000 -1.0000000 0.8954781 0.8915197 0.9139770 0.9129317 -1.0000000 0.7267334 0.6655048 0.7310787 0.7979475 0.7490027 0.7379044 0.7756149 0.8111035 -1.0000000 -1.0000000 -1.0000000 -1.0000000
-1.0000000 -1.0000000 -1.0000000 -1.0000000 -1.0000000 -1.0000000 -1.0000000 -1.0000000 -1.0000000 -1.0000000 -1.0000000 -1.0000000 -1.0000000 -1.0000000 -1.0000000 -1.0000000 -1.0000000 -1.0000000 -1.0000000 -1.0000000 -1.0000000 -1.0000000 -1.0000000 0.9675835 0.9686081 -1.0000000 0.9588881 0.9414668 0.8644235 0.7014045 0.5732801 0.5471504 0.5993767 0.6950334 -1.0000000 0.9321706 0.9588881 0.9697381 0.9588881 -1.0000000 0.9550760 0.9376560 0.9202591 0.9139770 0.9139770 -1.0000000 -1.0000000 0.6863276 0.6992413 0.7979475 0.7797487 0.7371625 0.7599852 0.8157810 -1.0000000 -1.0000000 -1.0000000 -1.0000000
-1.0000000 -1.0000000 -1.0000000 -1.0000000 -1.0000000 -1.0000000 -1.0000000 -1.0000000 -1.0000000 -1.0000000 -1.0000000 -1.0000000 -1.0000000 -1.0000000 -1.0000000 -1.0000000 -1.0000000 -1.0000000 -1.0000000 -1.0000000 -1.0000000 -1.0000000 0.9653281 0.9608855 0.9686081 0.9638490 0.9631211 0.9414668 0.8384345 0.7139014 0.5674372 0.5479496 0.6486459 0.8066353 -1.0000000 0.9376560 0.9565005 0.9705765 0.9653281 0.9537010 0.9550760 0.9638490 0.9498025 0.9321706 0.9489071 -1.0000000 -1.0000000 0.7097493 0.6926457 0.7402827 0.7353052 0.7444481 0.7839205 0.8098603 -1.0000000 -1.0000000 -1.0000000 -1.0000000
-1.0000000 -1.0000000 -1.0000000 -1.0000000 -1.0000000 -1.0000000 -1.0000000 -1.0000000 -1.0000000 -1.0000000 -1.0000000 -1.0000000 -1.0000000 -1.0000000 -1.0000000 -1.0000000 -1.0000000 -1.0000000 -1.0000000 0.9489071 0.9572560 -1.0000000 -1.0000000 -1.0000000 -1.0000000 0.9670057 -1.0000000 0.9588881 -1.0000000 0.7556522 0.5932785 0.5492318 0.7139014 0.8363355 0.8789729 0.9241917 0.9489071 0.9659056 0.9624645 0.9550760 0.9542512 0.9572560 0.9653281 0.9528947 -1.0000000 -1.0000000 -1.0000000 0.8046988 0.7665689 0.7139014 0.7310787 0.7797487 0.8004740 0.8184801 -1.0000000 -1.0000000 -1.0000000 0.8157810
-1.0000000 -1.0000000 -1.0000000 -1.0000000 -1.0000000 -1.0000000 -1.0000000 -1.0000000 -1.0000000 -1.0000000 -1.0000000 -1.0000000 -1.0000000 -1.0000000 -1.0000000 -1.0000000 -1.0000000 -1.0000000 -1.0000000 0.9528947 -1.0000000 0.9459457 0.9376560 -1.0000000 0.9222184 0.8982510 0.9175932 -1.0000000 0.7267334 0.7139014 0.7179838 0.7033337 -1.0000000 -1.0000000 0.9175932 0.9451358 0.9565005 0.9631211 0.9595916 0.9556888 0.9542512 0.9537010 -1.0000000 -1.0000000 -1.0000000 -1.0000000 -1.0000000 -1.0000000 -1.0000000 0.7911896 0.8046988 0.7957042 0.7862698 -1.0000000 -1.0000000 0.8244516 0.8515186 0.8244516
-1.0000000 -1.0000000 -1.0000000 -1.0000000 -1.0000000 -1.0000000 -1.0000000 -1.0000000 -1.0000000 -1.0000000 -1.0000000 -1.0000000 -1.0000000 -1.0000000 -1.0000000 -1.0000000 -1.0000000 -1.0000000 -1.0000000 -1.0000000 -1.0000000 0.9357165 0.9175932 0.8820744 0.8869976 0.8536817 0.7665689 0.7520591 0.6759564 0.7139014 0.7556522 0.8384345 0.8666662 -1.0000000 -1.0000000 0.9528947 0.9537010 0.9670057 0.9624645 0.9565005 0.9537010 0.9550760 -1.0000000 -1.0000000 -1.0000000 -1.0000000 -1.0000000 -1.0000000 -1.0000000 -1.0000000 -1.0000000 -1.0000000 0.7772232 0.7957042 -1.0000000 -1.0000000 0.8705080 0.8336996
-1.0000000 -1.0000000 -1.0000000 -1.0000000 -1.0000000 -1.0000000 -1.0000000 -1.0000000 -1.0000000 -1.0000000 -1.0000000 -1.0000000 -1.0000000 -1.0000000 -1.0000000 -1.0000000 -1.0000000 -1.0000000 0.9162234 0.9078093 0.8954781 0.8705080 0.7889218 0.8111035 0.8111035 0.7444481 0.6655048 0.6506669 0.6402478 0.6406640 0.7688619 -1.0000000 -1.0000000 -1.0000000 0.9515915 0.9616774 0.9659056 0.9686081 0.9624645 0.9537010 0.9437254 0.9515915 0.9528947 0.9631211 -1.0000000 -1.0000000 -1.0000000 -1.0000000 -1.0000000 -1.0000000 -1.0000000 0.7532904 0.7688619 0.8157810 -1.0000000 -1.0000000 -1.0000000 0.8666662
-1.0000000 -1.0000000 -1.0000000 -1.0000000 -1.0000000 -1.0000000 -1.0000000 -1.0000000 -1.0000000 -1.0000000 -1.0000000 -1.0000000 -1.0000000 -1.0000000 -1.0000000 -1.0000000 -1.0000000 -1.0000000 0.8993755 0.8852697 0.8536817 0.7839205 0.7267334 0.7444481 0.7310787 -1.0000000 0.6382858 0.6388051 0.6402478 0.6406640 0.6655048 0.7957042 0.8982510 0.9468104 -1.0000000 -1.0000000 0.9730436 0.9638490 0.9588881 0.9498025 0.9429939 0.9515915 0.9515915 0.9572560 -1.0000000 -1.0000000 -1.0000000 -1.0000000 -1.0000000 -1.0000000 -1.0000000 0.7642675 0.7642675 -1.0000000 -1.0000000 -1.0000000 -1.0000000 -1.0000000
-1.0000000 -1.0000000 -1.0000000 -1.0000000 -1.0000000 -1.0000000 -1.0000000 -1.0000000 -1.0000000 -1.0000000 -1.0000000 -1.0000000 -1.0000000 -1.0000000 -1.0000000 0.9595916 0.9572560 0.9376560 0.8954781 0.8515186 0.8004740 0.7511264 0.7240877 0.7267334 0.7353052 0.7179838 0.6992413 0.6569827 0.6402478 0.6406640 0.6906151 0.8244516 0.9106616 0.9263874 -1.0000000 -1.0000000 0.9670057 0.9537010 0.9459457 0.9422556 0.9489071 0.9537010 0.9437254 0.9407686 0.9175932 -1.0000000 -1.0000000 -1.0000000 -1.0000000 -1.0000000 -1.0000000 0.7889218 -1.0000000 -1.0000000 -1.0000000 -1.0000000 0.8666662 -1.0000000
-1.0000000 -1.0000000 -1.0000000 -1.0000000 -1.0000000 -1.0000000 -1.0000000 -1.0000000 -1.0000000 -1.0000000 -1.0000000 -1.0000000 -1.0000000 -1.0000000 0.9321706 -1.0000000 -1.0000000 -1.0000000 0.8929949 0.7936171 0.7532904 0.7179838 0.7179838 0.7329404 0.7599852 0.7730181 0.7957042 0.7797487 0.7599852 0.7889218 0.8290409 0.8896967 0.9407686 -1.0000000 0.9376560 0.9528947 0.9595916 0.9550760 0.9515915 0.9407686 0.9407686 0.9414668 0.9117557 0.8820744 0.8880959 -1.0000000 -1.0000000 -1.0000000 -1.0000000 -1.0000000 -1.0000000 -1.0000000 -1.0000000 -1.0000000 -1.0000000 -1.0000000 -1.0000000 0.8004740
-1.0000000 -1.0000000 -1.0000000 -1.0000000 -1.0000000 -1.0000000 -1.0000000 -1.0000000 -1.0000000 -1.0000000 -1.0000000 -1.0000000 0.8666662 0.8880959 0.8589407 -1.0000000 -1.0000000 -1.0000000 -1.0000000 -1.0000000 0.6844039 0.6676628 0.6800741 0.7179838 -1.0000000 0.8268062 0.8536817 0.8469619 0.8469619 0.8555222 0.8589407 0.8954781 -1.0000000 -1.0000000 0.9139770 0.9274783 0.9321706 0.9395161 0.9274783 0.9162234 0.9222184 0.9041947 0.8852697 -1.0000000 -1.0000000 -1.0000000 -1.0000000 -1.0000000 -1.0000000 -1.0000000 -1.0000000 -1.0000000 -1.0000000 -1.0000000 -1.0000000 0.7642675 -1.0000000 0.7862698
-1.0000000 -1.0000000 -1.0000000 -1.0000000 -1.0000000 -1.0000000 -1.0000000 -1.0000000 -1.0000000 -1.0000000 0.6820726 0.6569827 0.6844039 0.5592263 0.5832633 0.5812640 -1.0000000 -1.0000000 0.6464254 0.6116718 0.5932785 0.5853643 -1.0000000 0.7329404 -1.0000000 0.8622242 0.8915197 0.8757702 0.8757702 0.8644235 0.8852697 0.8789729 -1.0000000 0.9234337 0.9175932 0.9222184 0.9263874 0.8982510 0.8725033 0.8622242 0.8666662 -1.0000000 -1.0000000 -1.0000000 -1.0000000 -1.0000000 -1.0000000 -1.0000000 -1.0000000 -1.0000000 -1.0000000 -1.0000000 0.6676628 0.7310787 0.7578061 0.7665689 0.7642675 -1.0000000
-1.0000000 -1.0000000 -1.0000000 -1.0000000 -1.0000000 -1.0000000 -1.0000000 -1.0000000 -1.0000000 0.6095211 0.5712059 0.5452486 0.5396315 0.5435299 0.5492318 0.5318961 0.5176883 0.4873046 0.4655827 0.5017125 0.4967577 0.5111760 0.5452486 0.6695658 -1.0000000 0.8536817 0.8757702 0.8725033 0.8820744 0.8954781 0.9041947 0.8915197 0.9012233 0.9321706 0.9422556 0.9338957 0.9139770 0.8954781 0.8536817 0.8220260 -1.0000000 -1.0000000 -1.0000000 -1.0000000 -1.0000000 -1.0000000 -1.0000000 -1.0000000 -1.0000000 -1.0000000 0.6199068 0.6655048 0.6548000 0.7139014 0.7444481 -1.0000000 -1.0000000 -1.0000000
