trunk/projects/spp-inf/Zonation runs/Test data/Output/out_missingSp5.prop.asc
ncols        649
nrows        555
xllcorner    294205.000000000000
yllcorner    6283604.599999999600
cellsize     0.200000000000
NODATA_value     -1
[rows 26 to 51 of 555, columns 464 to 521 of 649]
0.2361912 0.2421237 0.2479041 0.2512567 -1.0000000 -1.0000000 -1.0000000 -1.0000000 -1.0000000 -1.0000000 -1.0000000 -1.0000000 -1.0000000 -1.0000000 -1.0000000 -1.0000000 -1.0000000 -1.0000000 -1.0000000 -1.0000000 -1.0000000 -1.0000000 -1.0000000 -1.0000000 -1.0000000 -1.0000000 -1.0000000 0.5203872 0.4561815 0.4570362 0.4580256 0.5015197 0.5292588 0.5421879 0.5072407 0.4995510 0.5163358 0.6328633 0.6811805 0.5964272 0.5964272 0.5964272 0.5977991 0.6180173 0.6851590 0.7109585 0.6851590 0.6610407 0.6651881 0.6569812 0.6752510 0.7071135 0.7540637 0.7691418 0.7751642 0.7791419 0.7812600 0.7883679
0.2318221 0.2370936 0.2438148 0.3002328 -1.0000000 -1.0000000 -1.0000000 -1.0000000 -1.0000000 -1.0000000 -1.0000000 -1.0000000 -1.0000000 -1.0000000 -1.0000000 -1.0000000 -1.0000000 -1.0000000 -1.0000000 -1.0000000 -1.0000000 -1.0000000 -1.0000000 -1.0000000 -1.0000000 -1.0000000 -1.0000000 0.5063053 0.4876466 0.5143673 0.5621132 0.6065819 0.6119559 0.5499806 0.4984711 0.4984711 0.6037791 0.6990525 0.7032847 0.6328633 0.5958495 0.5964272 0.5977991 0.6711572 0.7133681 0.7109585 0.6928256 0.6990525 0.6556293 0.6556293 0.6752510 0.6811805 0.7239150 0.7685648 0.7730672 0.7508396 0.7468336 0.7540637
0.2181476 0.2265413 0.2388858 0.3687199 -1.0000000 -1.0000000 -1.0000000 -1.0000000 -1.0000000 -1.0000000 -1.0000000 -1.0000000 -1.0000000 -1.0000000 -1.0000000 -1.0000000 -1.0000000 -1.0000000 -1.0000000 -1.0000000 -1.0000000 -1.0000000 -1.0000000 -1.0000000 -1.0000000 -1.0000000 -1.0000000 0.5072407 0.4885063 0.5163358 0.5701364 0.6077383 0.5701364 0.5601490 0.4984711 0.4975438 0.5798808 0.5519531 0.5411236 0.5680931 0.6201453 0.7009890 0.7048242 0.7109585 0.7195584 0.7090936 0.6752510 0.6792630 0.6548593 0.6548593 0.6771553 0.6575587 0.7048242 0.7423304 0.7253916 0.7109585 0.7071135 0.7354726
0.2098660 0.2131583 0.2660161 -1.0000000 -1.0000000 -1.0000000 -1.0000000 -1.0000000 -1.0000000 0.3826230 -1.0000000 -1.0000000 -1.0000000 -1.0000000 -1.0000000 -1.0000000 -1.0000000 -1.0000000 -1.0000000 -1.0000000 -1.0000000 -1.0000000 -1.0000000 -1.0000000 -1.0000000 -1.0000000 -1.0000000 0.5621132 0.5212002 0.5411236 0.5225012 0.5680931 0.5263247 0.5283551 0.5243865 0.5054042 0.4523080 0.4523080 0.4523080 0.4523080 0.5539883 0.6792630 0.7048242 0.7090936 0.6832055 0.6911771 0.6752510 0.6548593 0.6537150 0.6537150 0.6692256 0.6569812 0.6990525 0.7032847 0.6792630 0.6990525 0.6851590 0.7294871
0.2098660 0.3113306 0.3206219 0.3188444 0.3482237 0.4348390 -1.0000000 -1.0000000 0.3206219 0.2863808 0.2880281 -1.0000000 -1.0000000 -1.0000000 -1.0000000 -1.0000000 -1.0000000 -1.0000000 -1.0000000 -1.0000000 -1.0000000 -1.0000000 -1.0000000 -1.0000000 -1.0000000 -1.0000000 -1.0000000 0.5898928 0.5779535 0.5680931 0.5231628 0.5283551 0.5263247 0.5251304 0.5720685 0.4514073 0.4514073 0.4514073 0.4514073 0.4514073 0.5680931 0.6792630 0.7048242 0.6990525 0.6497535 0.6497535 0.6510066 0.6548593 0.6530051 0.6537150 0.6548593 0.6651881 0.6792630 0.6715646 0.6730748 0.6990525 0.6752510 0.7315550
0.2098660 0.3344696 0.3113306 0.2942226 0.3053676 0.3241193 0.3761281 0.4046152 0.3206219 0.2847052 0.2906990 0.3722808 0.4848319 -1.0000000 -1.0000000 -1.0000000 -1.0000000 -1.0000000 -1.0000000 -1.0000000 -1.0000000 -1.0000000 -1.0000000 -1.0000000 -1.0000000 -1.0000000 -1.0000000 0.6077383 0.6098346 0.5680931 0.5243865 0.5333482 0.5263247 0.5581586 0.5373819 0.4505162 0.4505162 0.4505162 0.4505162 0.4505162 0.6019313 0.6792630 0.7048242 0.6911771 0.6491752 0.6548593 0.6610407 0.6513599 0.6530051 0.6537150 0.6548593 0.6651881 0.6711572 0.6715646 0.7152214 0.6736486 0.6869683 0.7315550
0.2106206 0.2594936 0.2603167 0.2241820 0.2578893 0.2529117 0.3317542 0.4019140 0.2685246 0.2718661 0.3751476 0.4263596 0.4570362 -1.0000000 -1.0000000 -1.0000000 -1.0000000 -1.0000000 -1.0000000 -1.0000000 -1.0000000 -1.0000000 -1.0000000 -1.0000000 -1.0000000 -1.0000000 0.6610407 0.6452752 0.6469802 0.5680931 0.5621132 0.5508428 0.5581586 0.6019313 0.4975438 0.4495245 0.4495245 0.4495245 0.4495245 0.5183282 0.6077383 0.6556293 0.6990525 0.6569812 0.6474423 0.6811805 0.6967278 0.6530051 0.6610407 0.6752510 0.6711572 0.7152214 0.7195584 0.6951944 0.7174629 0.7009890 0.7468336 0.7719129
0.2115143 0.2115143 0.2122890 0.2131583 0.2257503 0.2181476 0.2779384 0.3687199 0.2677597 0.2677597 0.3991770 0.4292464 0.4450486 -1.0000000 -1.0000000 -1.0000000 -1.0000000 -1.0000000 -1.0000000 -1.0000000 -1.0000000 -1.0000000 -1.0000000 -1.0000000 -1.0000000 -1.0000000 0.6308081 0.6328633 0.6469802 0.5997225 0.5977991 0.5758754 -1.0000000 -1.0000000 0.5401413 0.4486905 0.4486905 0.4486905 0.4486905 0.5879819 0.6167021 0.6452752 0.6591275 0.6469802 0.6510066 0.6651881 0.6911771 0.6537150 0.6537150 0.6752510 0.6811805 0.7253916 0.7337310 0.6955392 0.6955392 0.6967278 0.7508396 0.8025278
0.2122890 0.2122890 0.2122890 0.2131583 0.2139603 0.2147620 0.2645147 0.3380979 0.2668660 0.2668660 0.3427088 0.3780269 0.4403492 -1.0000000 -1.0000000 -1.0000000 -1.0000000 -1.0000000 -1.0000000 -1.0000000 -1.0000000 -1.0000000 -1.0000000 -1.0000000 -1.0000000 -1.0000000 0.5818102 0.5958495 0.6308081 0.6085172 0.6411458 0.6348270 0.6452752 0.6265901 0.5818102 0.4486905 0.4477829 0.4477829 0.4646888 0.6037791 0.6328633 0.6371271 0.6375754 0.6469802 0.6510066 0.6513599 0.6711572 0.6591275 0.6548593 0.6548593 0.7009890 0.7277085 0.7337310 0.7277085 0.7133681 0.7071135 0.7239150 0.7775586
0.2412812 0.2388858 0.2309969 0.2131583 0.2139603 0.2147620 0.2156242 0.2958769 0.2660161 0.2660161 0.2660161 0.2942226 -1.0000000 -1.0000000 -1.0000000 -1.0000000 -1.0000000 -1.0000000 -1.0000000 -1.0000000 -1.0000000 -1.0000000 -1.0000000 -1.0000000 -1.0000000 -1.0000000 0.5779535 0.5859407 0.6159775 0.6180173 0.6591275 0.6510066 0.6411458 0.6244167 0.5977991 0.4694387 0.4743544 0.4468235 0.5143673 0.6371271 0.6411458 0.6469802 0.6752510 0.6389775 0.6631823 0.6671554 0.6530051 0.7048242 0.6556293 0.6556293 0.7032847 0.7685648 0.7730672 0.7395962 0.7239150 0.7090936 0.7074654 0.7174629
0.2206610 0.2156242 0.2139603 0.2139603 0.2139603 0.2147620 0.2770872 0.2942226 0.3053676 0.2652701 0.2660161 0.2736526 -1.0000000 -1.0000000 -1.0000000 -1.0000000 -1.0000000 -1.0000000 -1.0000000 -1.0000000 -1.0000000 -1.0000000 -1.0000000 -1.0000000 -1.0000000 -1.0000000 0.5601490 0.5939273 0.6411458 0.6167021 0.6180173 0.6186983 0.6201453 0.6244167 0.5958495 0.4459358 0.4459358 0.4459358 0.5015197 0.6591275 0.6510066 -1.0000000 0.6491752 0.6396060 0.6711572 0.7071135 0.6537150 0.6692256 0.6569812 0.6569812 0.6928256 0.7395962 0.7628136 0.7751642 0.7213082 0.7253916 0.7443304 0.7090936
0.2156242 0.2147620 0.2353593 0.2147620 0.2470822 0.2335544 0.2578893 0.2829950 0.2645147 0.3045748 0.2796723 0.3037174 -1.0000000 -1.0000000 -1.0000000 -1.0000000 -1.0000000 -1.0000000 -1.0000000 -1.0000000 -1.0000000 -1.0000000 -1.0000000 -1.0000000 -1.0000000 -1.0000000 0.5499806 0.5939273 0.6285985 0.6348270 0.6308081 0.6186983 0.6244167 0.6222086 0.6137396 0.4876466 0.4450486 0.4618327 0.6222086 0.7485710 0.6851590 0.6591275 0.6430626 0.6651881 0.6711572 0.6951944 0.6711572 0.6967278 0.7032847 0.6990525 0.7032847 0.7277085 0.7628136 0.7751642 0.7443304 0.7395962 0.7854653 0.8174821
0.2156242 0.2222063 0.2503941 0.2736526 0.3427088 0.2745112 0.2529117 0.2637254 0.2645147 0.2652701 0.2660161 0.2855230 0.3259430 0.4055464 0.3935866 0.4158416 0.4167899 0.4924695 0.5660005 -1.0000000 -1.0000000 -1.0000000 -1.0000000 -1.0000000 -1.0000000 0.5581586 0.5303541 0.5925527 0.6019313 0.6059315 0.6491752 0.6201453 0.6308081 0.6389775 -1.0000000 0.6711572 0.6610407 -1.0000000 -1.0000000 0.7883679 0.7485710 0.7048242 0.6792630 0.6851590 0.6811805 0.6951944 0.7009890 0.7071135 0.7133681 0.7195584 0.7239150 0.7294871 0.7546010 0.7751642 0.7485710 0.7719129 0.8306931 0.8952669
0.2503941 0.2924036 0.2736526 0.2993386 0.3380979 0.2890021 0.2736526 0.2718661 0.2645147 0.2652701 0.2804537 0.2976311 0.3019344 0.3742948 0.3301560 0.3053676 0.3053676 0.3399966 0.5103838 0.5083508 0.5072407 0.5044031 0.5720685 0.5898928 0.5344635 0.5324146 0.5680931 0.5779535 0.5758754 0.5879819 0.6348270 0.6308081 0.6244167 0.6537150 -1.0000000 0.7443304 -1.0000000 0.7883679 0.8306931 -1.0000000 0.7239150 0.7032847 0.6692256 0.6869683 0.7109585 0.7395962 0.7032847 0.7071135 0.7133681 0.7195584 0.7199802 0.7294871 0.7743261 0.8025278 0.7751642 0.7982551 0.8898134 0.9578680
0.2462711 0.3232456 0.3509511 0.3566395 0.3687199 0.3648818 0.3147509 0.2745112 0.2652701 0.2847052 0.3223965 0.3301560 0.3509511 0.4130155 0.3528103 0.3045748 0.3045748 0.3045748 0.4803723 0.4803723 0.4657215 0.4774048 0.5143673 0.5601490 0.5333482 0.5333482 0.6037791 0.5701364 0.5720685 0.5818102 0.5879819 0.6348270 0.6452752 0.6711572 0.7133681 0.7515048 0.7685648 0.7982551 0.7685648 0.7277085 0.6537150 0.6548593 0.6556293 0.6869683 0.7354726 0.7395962 0.7239150 0.7071135 0.7354726 0.7294871 0.7199802 0.7508396 0.7743261 0.7751642 0.7756572 0.8044640 0.9085590 0.9755344
0.2967333 0.3575466 0.3788858 0.4282723 0.4010219 0.3722808 0.3417732 0.2829950 0.2770872 0.2821860 0.3011003 0.3770931 0.3991770 0.3910041 0.3037174 0.3037174 0.3037174 0.3206219 0.4377547 0.4646888 0.4848319 0.4733341 0.4743544 0.5462078 0.5344635 0.5344635 0.5344635 0.5353473 0.5363659 0.5373819 0.5382786 0.5918494 0.6452752 0.6510066 0.6671554 0.6851590 0.6752510 0.7009890 0.7032847 0.6389775 0.6771553 0.6569812 0.6591275 0.7032847 0.7337310 0.7395962 0.7468336 0.7294871 0.7354726 0.7515048 0.7395962 0.7719129 0.7751642 0.7751642 0.7756572 0.8351351 0.9330069 0.9786006
0.3816660 -1.0000000 0.4340170 0.4111491 0.4244415 0.3807786 0.3399966 0.2545418 0.2754053 0.2479041 0.2933286 0.3639573 0.3556679 0.3751476 0.3435980 0.3028041 0.3232456 0.3972600 0.3826230 0.4532331 0.5499806 0.4885063 0.4743544 0.5392776 0.5519531 0.5353473 0.5353473 0.5353473 0.5363659 0.5373819 0.5382786 0.5392776 0.6328633 0.6348270 0.6285985 0.6430626 0.6180173 0.6285985 0.6411458 0.5864980 0.6348270 0.6832055 0.6928256 0.7195584 0.7294871 0.7377049 0.7485710 0.7337310 0.7377049 0.7612017 0.7652927 0.7719129 0.7751642 0.7791419 0.7756572 0.8850218 0.9341628 0.9842639
0.3826230 0.3935866 0.4139768 0.4111491 0.3944772 0.3687199 0.3380979 0.2537252 0.2677597 0.2470822 0.2470822 0.2950231 0.3206219 0.2993386 0.2503941 0.2512567 0.2520223 0.2829950 0.3286049 0.4244415 0.5292588 0.4753857 0.4753857 0.5462078 0.5680931 0.5621132 0.5601490 0.5560734 0.5363659 0.5421879 0.5382786 0.5401413 0.6265901 0.6411458 0.6328633 0.6159775 0.5958495 0.6019313 0.5859407 0.5864980 0.6119559 0.6832055 0.6792630 0.6990525 0.7174629 0.7395962 0.7485710 0.7337310 0.7277085 0.7423304 0.7395962 0.7743261 0.7775586 0.7854653 0.8245742 0.8760920 0.9498193 0.9849926
0.4753857 0.4330432 0.4064056 0.3509511 0.3604116 0.3751476 0.3621559 0.2561968 0.2529117 0.2462711 0.2470822 0.2479041 0.2487324 0.2495281 0.2503941 0.2512567 0.2520223 0.2529117 0.4244415 0.5054042 0.5130690 0.4762111 0.4762111 0.5143673 0.5363659 0.6077383 0.6037791 0.5519531 0.5373819 0.5373819 0.5382786 0.5392776 0.5758754 0.6037791 0.5725284 0.5740424 0.5745989 0.5758754 0.6201453 0.6265901 0.6328633 0.6371271 0.6208873 0.6285985 0.6510066 0.7395962 0.7395962 0.7260888 0.7277085 0.7337310 0.7468336 0.7854653 0.8062834 0.8196676 0.8631117 0.9176201 0.9639857 0.9823182
0.5143673 0.4723931 0.4550968 0.3761281 0.3188444 0.3249185 0.3188444 0.2603167 0.2454869 0.2578893 0.2487324 0.2479041 0.2487324 0.2495281 0.2503941 0.2512567 0.2520223 0.2561968 0.4955784 0.5621132 0.4915337 0.4774048 0.4774048 0.4774048 0.4905046 0.5680931 0.5324146 0.5373819 0.5382786 0.5382786 0.5382786 0.5392776 0.5528522 0.5720685 0.5725284 0.5740424 0.5745989 0.5758754 0.6244167 0.6651881 0.6389775 0.6201453 0.6208873 0.6222086 0.6231163 0.7071135 0.7253916 0.7260888 0.7468336 0.7840950 0.8274116 0.8492393 0.8631117 0.8760920 0.9176201 0.9498193 0.9719839 0.9778809
0.5441574 0.4646888 0.4158416 0.3078847 0.2115143 0.1469679 0.1446799 0.1329855 0.1811887 0.2257503 0.2645147 0.2487324 0.2487324 0.2495281 0.2503941 0.2512567 0.2520223 0.3722808 0.5044031 0.5411236 0.4783903 0.4783903 0.4783903 0.4783903 0.4783903 0.5143673 0.4803723 0.5539883 0.5581586 0.5640409 0.5818102 0.5859407 0.5758754 0.5798808 0.5997225 0.6371271 0.5839393 0.5779535 0.6119559 0.6180173 0.6186983 0.6201453 0.6730748 0.6548593 0.6231163 0.6911771 0.7277085 0.7294871 0.8340390 0.8995597 0.9176201 0.9330069 0.9349926 0.9349926 0.9558209 0.9719839 0.9767258 0.9792728
-1.0000000 0.4046152 0.1948809 0.1298456 0.1306159 0.1313992 0.1321579 0.1329855 0.1973358 0.2397162 0.3045748 0.2495281 0.2495281 0.2495281 0.2503941 0.2512567 0.3826230 0.5044031 0.5243865 0.4975438 0.4794284 0.4794284 0.4794284 0.4794284 0.4794284 0.4794284 0.4803723 0.5382786 0.5758754 0.5640409 0.5997225 0.5958495 0.5764363 0.5958495 0.6348270 0.6569812 0.6180173 0.6308081 0.6469802 0.6411458 0.6348270 0.6792630 0.7294871 0.6569812 0.6244167 0.6548593 0.7071135 -1.0000000 -1.0000000 0.9498193 0.9650663 0.9812434 0.9803549 0.9728150 0.9775357 0.9847429 0.9818168 0.9771198
0.4580256 0.3028041 0.1290827 0.1298456 0.1306159 0.1313992 0.1759266 0.2023455 0.2838684 0.3163579 0.3380979 0.3464159 0.2520223 0.2512567 0.3309302 0.4092467 0.4838139 0.5373819 0.4811161 0.4803723 0.4803723 0.4803723 0.4803723 0.4803723 0.4803723 0.4803723 0.4803723 0.4924695 0.5441574 0.5640409 0.5918494 0.6137396 0.6180173 0.6137396 0.6180173 0.6569812 0.6348270 0.6328633 0.6711572 0.6752510 0.6792630 0.7152214 0.7337310 0.6752510 0.6251433 0.6251433 0.7195584 0.7612017 0.8467490 -1.0000000 -1.0000000 0.9834055 -1.0000000 0.9759030 0.9792728 0.9834055 0.9806604 0.9759030
0.3053676 -1.0000000 0.1493463 0.1298456 0.1306159 0.1469679 0.3104155 0.3104155 0.3078847 0.3138895 0.3518417 0.4148421 0.4468235 0.4665225 0.4944594 0.4944594 0.5283551 0.4975438 0.4811161 0.4811161 0.4811161 0.4811161 0.4811161 0.5072407 0.5462078 0.4811161 0.4811161 0.4811161 0.5283551 0.5560734 0.5918494 0.6137396 0.6180173 0.6137396 0.6098346 0.6065819 0.6098346 0.6411458 0.6711572 0.6752510 0.7009890 0.7277085 0.6911771 0.6771553 0.6265901 0.6265901 0.6951944 0.7485710 0.8062834 -1.0000000 0.9645263 0.9815517 0.9796477 0.9759030 0.9799402 0.9820347 0.9806604 0.9786006
0.2106206 0.2838684 0.2796723 0.2685246 0.2637254 0.3353728 0.3891634 0.3816660 0.3575466 0.3612792 0.3816660 0.4367602 0.4657215 0.4838139 0.5103838 0.5044031 0.5401413 0.5421879 0.4819743 0.4819743 0.4819743 0.4819743 0.4819743 0.4819743 0.5560734 0.4819743 0.4819743 0.5231628 0.6019313 0.5798808 0.5758754 0.5859407 0.5779535 0.5784748 0.5798808 0.5805068 0.5859407 0.6491752 0.6711572 0.6869683 0.7239150 0.7071135 0.6631823 0.6430626 0.6389775 0.6265901 0.6889819 0.7354726 0.7395962 -1.0000000 -1.0000000 0.9792728 0.9796477 -1.0000000 0.9826096 0.9755344 0.9639857 -1.0000000
0.2048447 0.3972600 0.4340170 0.4282723 0.3963339 0.3630729 0.3714781 0.4422066 0.4675281 0.4838139 0.4252310 0.3742948 0.4367602 0.4935485 0.4915337 0.4924695 0.5054042 0.6019313 0.5601490 0.5143673 0.4975438 0.4829108 0.4829108 0.4829108 0.4829108 0.4829108 0.4829108 0.5779535 0.6019313 0.5958495 0.5764363 0.5764363 0.5779535 0.5784748 0.5798808 0.5805068 0.5958495 0.6591275 0.6730748 0.7071135 0.7239150 0.7294871 0.6730748 0.6208873 0.6244167 0.6371271 0.6832055 0.7277085 0.7032847 0.7751642 0.9158906 -1.0000000 0.9775357 -1.0000000 0.9823182 0.9678183 0.9441270 0.9349926
