trunk/projects/spp-inf/Zonation runs/Test data/Output/out_missingSp5.prop.asc
ncols        649
nrows        555
xllcorner    294205.000000000000
yllcorner    6283604.599999999600
cellsize     0.200000000000
NODATA_value     -1
[rows 208 to 233 of 555, columns 174 to 231 of 649]
0.1155373 0.0717971 0.1076639 0.1147732 0.1577516 0.2265413 0.2048447 0.1896732 0.1957118 0.2181476 0.3751476 0.4694387 0.5745989 0.5373819 0.5251304 0.5333482 0.5212002 0.3722808 0.3991770 0.5373819 0.3293981 0.3788858 0.4027696 0.3687199 0.4101633 0.3695878 0.3163579 0.3155147 0.3232456 0.3045748 0.4646888 0.2553563 0.1785502 0.1493463 0.1374817 0.0792830 0.0440541 0.0232319 0.0158275 0.0125727 0.0130906 -1.0000000 0.0264876 0.0440541 0.2147620 0.2353593 -1.0000000 -1.0000000 0.0105343 0.0040653 0.0040653 0.0064382 0.0049760 0.0045073 0.0040653 0.0100360 0.0110380 0.0064382
0.0711624 0.0711624 0.0717971 0.0723610 0.0940107 0.1519173 0.1577516 0.1536549 0.2040428 0.3113306 0.3695878 0.5353473 0.5925527 0.5805068 0.5448752 0.5411236 0.5171084 0.4829108 0.3742948 0.4570362 0.4292464 0.3482237 0.4273132 0.4205748 0.4092467 0.3408099 0.4403492 0.4073974 0.3147509 0.3037174 0.4273132 0.1794684 0.2073500 0.1708516 0.1708516 0.1053911 0.0556076 0.0275746 0.0168641 0.0168641 0.0110380 0.0105343 0.0350466 0.0446733 0.0642736 -1.0000000 -1.0000000 0.0717971 0.0205552 0.0079767 0.0013830 0.0064382 0.0074629 0.0089994 0.0136206 0.0158275 0.0216180 0.0319862
0.0705327 0.0711624 0.0717971 0.0723610 0.0799817 0.1108708 0.1527622 0.1750765 0.2257503 0.3353728 0.4440318 0.5023901 0.5033814 0.5353473 0.5448752 0.4984711 0.4975438 0.4450486 0.3751476 0.3855746 0.4252310 0.3490590 0.3490590 0.4215710 0.3714781 0.3417732 0.4064056 0.3751476 0.3037174 0.3028041 0.3335450 0.1896732 0.2115143 0.1691766 0.1647565 0.1235455 0.0603315 0.0302663 0.0147465 0.0130906 0.0115508 0.0100360 0.0115508 0.0110380 0.0205552 0.0373780 0.0531654 0.0806771 -1.0000000 -1.0000000 0.0054612 0.0022335 0.0095262 0.0195088 0.0319862 0.0264876 0.0344753 0.0494736
0.0799817 0.0711624 0.0717971 0.1329855 0.1553174 0.1647565 0.1794684 0.2265413 0.2007328 0.2804537 0.3621559 0.5083508 0.5033814 0.5448752 0.5566663 0.5528522 0.5448752 0.5411236 0.5130690 0.3944772 0.3891634 0.3612792 0.3499813 0.4412277 0.3657677 0.3427088 0.4762111 0.4783903 0.3667691 0.4848319 0.3019344 0.1964957 0.2353593 0.1828401 0.1477134 0.0940107 0.0452557 0.0270535 0.0147465 0.0136206 0.0115508 0.0110380 0.0084841 0.0084841 0.0089994 0.0248210 0.0655049 0.1092963 0.1446799 0.0428262 0.0089994 0.0045073 0.0059527 0.0319862 0.0636468 0.0434425 0.0421981 0.0452557
0.1477134 0.1170812 0.1414849 0.1577516 0.1674106 0.1560897 0.1957118 0.2553563 0.2561968 0.3147509 0.4177824 0.4964735 0.5487846 0.5764363 0.5864980 0.5303541 0.5093099 0.4665225 0.4046152 0.3537695 0.3528103 0.3509511 0.3836200 0.4348390 0.3528103 0.3435980 0.4273132 0.5481207 0.5324146 0.6730748 0.3935866 0.2445952 0.2131583 0.1914623 0.1366973 0.1084775 0.0482188 0.0216180 0.0163401 0.0115508 0.0115508 0.0089994 0.0084841 0.0079767 0.0095262 -1.0000000 0.1725276 0.1853443 0.1594539 -1.0000000 -1.0000000 0.0074629 0.0079767 0.0147465 0.0326012 0.0404012 0.0319862 0.0291724
-1.0000000 0.2156242 0.2318221 0.2065220 0.2214054 0.2645147 0.3206219 0.3556679 0.3399966 0.3362901 0.4440318 0.5003998 0.4975438 0.4984711 0.5333482 0.5212002 0.4894851 0.4944594 0.4858012 0.4762111 0.4348390 0.3518417 0.4055464 0.4348390 0.4348390 0.3826230 0.3445551 0.5363659 0.6811805 0.6967278 0.6251433 0.3918468 0.1998501 0.1794684 0.1195174 0.0986462 0.0537962 0.0248210 0.0141920 0.0110380 0.0120554 0.0095262 0.0084841 0.0079767 0.0074629 -1.0000000 0.1973358 -1.0000000 -1.0000000 0.0084841 0.0026824 0.0100360 0.0147465 0.0110380 0.0069695 0.0069695 0.0130906 0.0115508
0.1382301 0.1560897 0.1828401 -1.0000000 -1.0000000 0.3518417 0.4167899 0.4055464 0.4064056 0.4036850 0.4542783 0.5111971 0.4984711 0.5528522 0.6334929 0.6271190 0.5846114 0.5925527 0.5607561 0.5430136 0.4867123 0.3826230 0.4252310 0.3816660 0.4092467 0.4167899 0.3845375 0.3454309 0.4486905 0.7180334 0.7986720 0.5939273 0.1438889 0.1683047 0.1211789 0.0562443 0.0404012 0.0291724 0.0163401 0.0147465 0.0100360 0.0089994 0.0084841 0.0079767 0.0100360 0.1519173 -1.0000000 0.0163401 0.0022335 0.0054612 0.0031487 0.0115508 0.0189807 0.0069695 0.0040653 0.0040653 0.0040653 0.0074629
0.1219643 0.1235455 0.2106206 0.3206219 0.2984362 0.3286049 0.3657677 0.4762111 0.5003998 0.5547608 0.5283551 0.5448752 0.5344635 0.5805068 0.5685999 0.5805068 0.5805068 0.5566663 0.5468191 0.5825078 0.4885063 0.3836200 0.4468235 0.3807786 0.3807786 0.4215710 0.4130155 0.3705478 0.3464159 0.5441574 0.7617134 0.7685648 0.1431096 0.1484752 0.1068221 0.0398133 0.0421981 -1.0000000 0.0184456 0.0163401 0.0125727 0.0110380 0.0089994 0.0120554 0.1352401 -1.0000000 0.1683047 0.0184456 0.0040653 0.0045073 0.0059527 0.0141920 0.0163401 0.0120554 0.0054612 0.0036278 0.0036278 0.0040653
0.0955828 0.1431096 0.1896732 0.2804537 0.3751476 0.3604116 0.3293981 0.3918468 0.4894851 0.5487846 0.5191343 0.4774048 0.4762111 0.4924695 0.5111971 0.5003998 0.5313224 0.5626282 0.5373819 0.4915337 0.5083508 0.3991770 0.4292464 0.3807786 0.3798568 0.4386327 0.3751476 0.3472815 0.3472815 0.6293267 0.8111804 0.8703524 0.3807786 0.1267964 0.0910787 0.0434425 0.0248210 -1.0000000 0.0205552 0.0173833 0.0136206 0.0110380 0.0089994 0.0064382 -1.0000000 -1.0000000 -1.0000000 0.0110380 0.0054612 0.0079767 0.0100360 0.0069695 0.0059527 0.0064382 0.0054612 0.0031487 0.0040653 0.0069695
0.0947935 0.1195174 0.1879086 0.3335450 0.3991770 0.4010219 0.3417732 0.3301560 0.4753857 0.5044031 0.5353473 0.5271990 0.4762111 0.4753857 0.4743544 0.4733341 0.4723931 0.5171084 0.5212002 0.4120902 0.4273132 0.4158416 0.4186019 0.3807786 0.3798568 0.3788858 0.3722808 0.4064056 0.4273132 0.5640409 0.7377049 0.8398745 0.6836348 0.1585788 0.0617186 0.0513060 0.0404012 0.0270535 0.0205552 0.0168641 0.0125727 0.0125727 0.0100360 0.0069695 0.0421981 -1.0000000 0.3499813 -1.0000000 0.0210869 0.0100360 0.0040653 0.0026824 0.0026824 0.0026824 0.0026824 0.1060587 0.1870473 0.1683047
0.0910787 0.1155373 0.1665248 0.3196517 0.4867123 0.4101633 0.3509511 0.3677636 0.4588929 0.4867123 0.4733341 0.4964735 0.5519531 0.5666496 0.5448752 0.5566663 0.5130690 0.4431073 0.4450486 0.3845375 0.3836200 0.3826230 0.3816660 0.3807786 0.3891634 0.3742948 0.3732646 0.3732646 0.5183282 0.6914909 0.8044640 0.8534689 0.8740163 0.3761281 0.0674046 0.0610205 0.0308340 0.0259247 0.0221574 0.0168641 0.0141920 0.0115508 0.0095262 -1.0000000 -1.0000000 -1.0000000 -1.0000000 0.1621099 0.0221574 0.0125727 0.0026824 0.0022335 0.0022335 0.0022335 0.0026824 0.0755222 0.3293981 0.6293267
0.0743163 0.1321579 0.2089674 0.3155147 0.3855746 0.4657215 0.4233797 0.3807786 0.4073974 0.4252310 0.4412277 0.4459358 0.5171084 0.5864980 0.5392776 0.5925527 0.5566663 0.4733341 0.3855746 0.4762111 0.3991770 0.3826230 0.3816660 0.4657215 0.5023901 0.4412277 0.3935866 0.3742948 0.3742948 0.4486905 0.7180334 0.8534689 0.8792235 0.4001181 0.0736153 0.0630203 0.0356261 0.0216180 -1.0000000 -1.0000000 0.0173833 0.0332221 0.0409684 0.0286514 -1.0000000 -1.0000000 -1.0000000 0.1244032 0.0275746 0.0115508 0.0049760 0.0018141 0.0018141 0.0022335 0.0074629 0.0446733 0.2637254 0.7417507
0.0636468 0.1446799 0.2048447 0.2353593 0.2754053 0.4233797 0.4733341 0.4848319 0.4468235 0.4459358 0.4302120 0.4542783 0.4665225 0.5231628 0.5044031 0.4995510 0.5212002 0.3944772 0.4386327 0.4819743 0.4477829 0.3826230 0.3826230 0.4803723 0.5171084 0.4684922 0.4743544 0.4348390 0.3751476 0.4684922 0.7036921 0.8377804 0.8266126 0.8266126 0.1820013 0.0519005 0.0379673 0.0210869 -1.0000000 -1.0000000 0.0894887 0.1053911 -1.0000000 0.0767725 0.0743163 0.0842799 0.1170812 0.2487324 -1.0000000 -1.0000000 0.0064382 0.0013830 0.0018141 0.0018141 0.0036278 0.0110380 0.0434425 0.2016032
0.0617186 0.0971498 0.1998501 0.2438148 0.3147509 0.3537695 0.4753857 0.5706916 0.5539883 0.5626282 0.5382786 0.4858012 0.5363659 0.5566663 0.5130690 0.4618327 0.4607987 0.4924695 0.6103678 0.6024736 0.4714137 0.3836200 0.3963339 0.5313224 0.5231628 0.4984711 0.4905046 0.4403492 0.3761281 0.4495245 0.7337310 0.7659521 0.6597692 0.8398745 0.2570279 0.0610205 0.0373780 0.0195088 0.0237853 -1.0000000 -1.0000000 -1.0000000 0.0482188 0.0582743 0.0692526 0.0723610 0.1060587 -1.0000000 0.2470822 -1.0000000 -1.0000000 0.0013830 0.0013830 0.0013830 0.0026824 0.0095262 0.0100360 0.0125727
0.0642736 0.0978862 0.1477134 0.2512567 0.2677597 0.3780269 0.4101633 0.5333482 0.5745989 0.6002757 0.5984272 0.6043206 0.6635698 0.6024736 0.5725284 0.5745989 0.5805068 0.6103678 0.6375754 0.5587469 0.4561815 0.4111491 0.4955784 0.5430136 0.5885037 0.5745989 0.5382786 0.4532331 0.3770931 0.3770931 0.6126114 0.4514073 0.4010219 0.7508396 0.3276917 0.0470387 0.0404012 0.0195088 0.0163401 0.0147465 -1.0000000 -1.0000000 -1.0000000 0.0761381 0.0537962 0.0686246 -1.0000000 0.2445952 -1.0000000 0.1569288 -1.0000000 0.0026824 0.0010419 0.0018141 0.0918350 0.2257503 0.3873586 0.4848319
0.1414849 0.1577516 0.1639018 0.2796723 0.2660161 0.3639573 0.3732646 0.4064056 0.5706916 0.5647366 0.6293267 0.6756411 0.6993301 0.6836348 0.6103678 0.6002757 0.6537150 0.6436491 0.6415794 0.6415794 0.6002757 0.4984711 0.5626282 0.6085172 0.6513599 0.5685999 0.5212002 0.4675281 0.4811161 0.3780269 0.4935485 0.3798568 0.3807786 0.4244415 0.5859407 0.0993798 0.0421981 0.0195088 0.0141920 0.0120554 0.0205552 0.0210869 0.0210869 0.0482188 -1.0000000 -1.0000000 -1.0000000 0.2950231 0.3326832 0.2174031 -1.0000000 0.0010419 0.0003453 0.0179311 0.1228166 0.6569812 0.4403492 0.1861420
0.2779384 0.2206610 0.2545418 0.2898253 0.3249185 0.3482237 0.4367602 0.4377547 0.5363659 0.5745989 0.5944567 0.6396060 0.7036921 0.7220447 0.6635698 0.6928256 0.6836348 0.6456843 0.6354296 0.6313352 0.5324146 0.4995510 0.5566663 0.5706916 0.6657013 0.5885037 0.5745989 0.5685999 0.4675281 0.3788858 0.3788858 0.3798568 0.3807786 0.3816660 0.7036921 0.1560897 0.0655049 0.0308340 0.0173833 0.0173833 0.0200263 0.0226843 0.0195088 0.0147465 -1.0000000 0.2863808 -1.0000000 -1.0000000 -1.0000000 0.1060587 -1.0000000 0.0000000 0.0003453 0.0163401 0.1691766 0.1594539 0.0189807 0.0022335
0.2855230 0.2273517 0.2537252 0.2906990 0.3547456 0.3845375 0.4340170 0.4694387 0.4838139 0.5283551 0.5725284 0.6396060 0.6895118 0.7443304 0.7488581 0.6874204 0.6513599 0.6415794 0.6313352 0.5764363 0.5003998 0.5003998 0.5430136 0.6513599 0.6657013 0.6396060 0.5846114 0.5566663 0.4838139 0.4924695 0.4233797 0.3798568 0.3807786 0.4848319 0.7743261 0.6874204 0.1186662 0.0302663 0.0195088 0.0173833 0.0152740 0.0147465 0.0173833 -1.0000000 -1.0000000 -1.0000000 0.4225694 -1.0000000 0.3053676 -1.0000000 -1.0000000 0.0000000 0.0003453 0.0007021 0.0049760 0.0031487 0.0018141 0.0022335
0.2728023 0.3249185 0.3335450 0.2958769 0.3556679 0.3873586 0.3991770 0.4876466 0.5487846 0.4848319 0.6024736 0.6676466 0.7450644 0.6657013 0.6796606 0.7298173 0.6895118 0.6715646 0.6615644 0.6293267 0.5015197 0.6085172 0.5984272 0.6396060 0.6676466 0.5984272 0.5825078 0.5626282 0.4964735 0.5846114 0.4905046 0.3807786 0.3807786 0.3816660 0.6928256 0.7719129 0.1033612 0.0338446 0.0226843 0.0173833 0.0136206 0.0130906 -1.0000000 -1.0000000 -1.0000000 -1.0000000 0.3873586 -1.0000000 0.3472815 0.1390532 -1.0000000 0.0013830 0.0007021 0.0007021 0.0010419 0.0013830 0.0018141 0.0018141
0.4282723 0.4148421 0.3317542 0.3780269 0.3742948 0.4431073 0.4505162 0.4215710 0.4944594 0.5203872 0.6043206 0.6556293 0.7260888 0.6651881 0.6796606 0.7156659 0.6816326 0.6676466 0.6415794 0.5271990 0.5231628 0.6354296 0.6715646 0.6816326 0.6756411 0.6085172 0.5685999 0.5903684 0.5864980 0.6676466 0.5903684 0.4848319 0.3816660 0.3816660 0.4412277 0.7114641 0.4459358 0.0332221 0.0179311 0.0550019 0.0120554 0.0115508 0.0158275 0.0125727 -1.0000000 -1.0000000 0.3490590 -1.0000000 -1.0000000 0.1750765 -1.0000000 0.0018141 0.0010419 0.0013830 0.0018141 0.0013830 0.0013830 0.0018141
0.4514073 0.4694387 0.5111971 0.5171084 0.5411236 0.4848319 0.5111971 0.5151346 0.4523080 0.4532331 0.6043206 0.6415794 0.6715646 0.6635698 0.6895118 0.7138064 0.6856132 0.6354296 0.6002757 0.5243865 0.5243865 0.5607561 0.6313352 0.6874204 0.6816326 0.6513599 0.6456843 0.6575587 0.6676466 0.6354296 0.6043206 0.4935485 0.3891634 0.3826230 0.3963339 0.7573220 0.8233396 0.4646888 0.3780269 0.0513060 0.0130906 0.0115508 0.0095262 0.0110380 -1.0000000 -1.0000000 -1.0000000 -1.0000000 -1.0000000 0.1973358 0.0428262 0.0022335 0.0018141 0.0018141 0.0018141 0.0010419 0.0013830 0.0018141
0.5212002 0.5130690 0.5292588 0.5123529 0.5519531 0.5111971 0.4955784 0.4829108 0.4774048 0.4975438 0.5764363 0.6635698 0.6575587 0.6548593 0.6756411 0.6934447 0.6874204 0.6537150 0.6715646 0.5666496 0.5251304 0.5468191 0.6002757 0.6695879 0.7114641 0.6615644 0.6895118 0.6736486 0.6657013 0.5903684 0.5313224 0.5607561 0.4774048 0.3845375 0.3836200 0.6415794 0.7546010 0.8044640 0.7417507 0.0813914 0.0158275 0.0120554 0.0095262 0.0089994 0.0079767 -1.0000000 -1.0000000 -1.0000000 -1.0000000 0.0630203 0.0195088 0.0130906 0.0049760 0.0036278 0.0022335 0.0007021 0.0013830 0.0018141
0.4964735 0.5111971 0.5647366 0.5251304 0.5123529 0.5292588 0.5647366 0.5626282 0.5925527 0.6144384 0.6002757 0.6002757 0.6575587 0.6537150 0.6537150 0.6756411 0.6856132 0.6955392 0.6313352 0.5263247 0.5263247 0.6251433 0.6293267 0.6513599 0.7055497 0.7298173 0.6736486 0.6436491 0.5745989 0.5587469 0.5324146 0.6002757 0.5885037 0.4292464 0.5468191 0.4532331 0.4046152 0.5303541 0.6914909 0.2470822 0.0338446 0.0195088 0.0120554 0.0110380 0.0136206 0.0130906 0.0130906 -1.0000000 -1.0000000 -1.0000000 0.0022335 0.0026824 0.0031487 0.0049760 -1.0000000 0.0007021 0.0013830 0.0026824
0.4367602 0.5313224 0.5363659 0.5487846 0.5903684 0.5805068 0.5784748 0.5640409 0.5984272 0.6436491 0.6497535 0.6715646 0.6836348 0.6537150 0.6530051 0.6657013 0.6695879 0.6085172 0.5864980 0.5271990 0.5271990 0.6065819 0.6695879 0.6513599 0.6715646 0.7220447 0.6715646 0.5825078 0.5448752 0.5333482 0.5587469 0.6251433 0.5764363 0.4774048 0.4412277 0.4036850 0.4036850 0.4036850 0.5566663 0.6889819 0.4532331 0.0270535 0.0141920 0.0120554 0.0089994 0.0095262 -1.0000000 0.0100360 0.0054612 0.0049760 0.0031487 0.0026824 0.0031487 0.0031487 -1.0000000 0.0010419 0.0013830 0.0036278
0.3780269 0.4915337 0.5111971 0.5123529 0.5130690 0.5885037 0.5660005 0.5784748 0.6635698 0.6556293 0.6513599 0.6856132 0.7470989 0.6816326 0.6530051 0.6513599 0.6375754 0.5685999 0.5283551 0.5283551 0.5283551 0.5784748 0.6065819 0.6415794 0.6934447 0.6736486 0.6456843 0.6002757 0.5392776 0.5587469 0.6415794 0.6065819 0.5468191 0.5607561 0.4431073 0.4550968 0.4027696 0.4027696 0.6513599 0.7691418 0.8140198 0.2745112 0.0210869 0.0130906 0.0100360 0.0084841 0.0110380 0.0115508 0.0049760 0.0045073 0.0045073 0.0031487 0.0059527 0.0036278 0.0031487 0.0031487 0.0013830 0.0074629
0.3037174 0.4618327 0.5263247 0.5508428 0.5784748 0.5448752 0.5607561 0.6103678 0.6736486 0.6334929 0.6513599 0.6756411 0.7298173 0.7156659 0.6934447 0.6676466 0.6354296 0.5587469 0.5292588 0.5292588 0.6002757 0.6231163 0.6144384 0.6085172 0.6657013 0.6575587 0.6043206 0.5468191 0.5508428 0.5745989 0.5626282 0.5191343 0.5448752 0.5647366 0.4924695 0.5251304 0.4019140 0.4019140 0.4829108 0.5324146 0.7055497 0.4302120 0.0749060 0.0152740 0.0125727 0.0100360 0.0136206 0.0105343 0.0054612 0.0049760 0.0059527 0.0036278 0.0036278 0.0054612 0.0031487 0.0026824 0.0115508 -1.0000000
