trunk/projects/spp-inf/Zonation runs/Test data/Output/out_missingSp5.prop.asc
ncols        649
nrows        555
xllcorner    294205.000000000000
yllcorner    6283604.599999999600
cellsize     0.200000000000
NODATA_value     -1
[rows 78 to 103 of 555, columns 290 to 347 of 649]
0.2890021 0.2668660 0.3028041 -1.0000000 -1.0000000 0.4657215 0.4505162 0.3944772 -1.0000000 -1.0000000 -1.0000000 -1.0000000 -1.0000000 -1.0000000 -1.0000000 0.4177824 0.4263596 0.4532331 -1.0000000 0.4607987 0.4733341 -1.0000000 -1.0000000 0.5660005 0.5660005 -1.0000000 -1.0000000 -1.0000000 0.3639573 0.2594936 0.1699658 0.1708516 0.1777090 0.2065220 -1.0000000 -1.0000000 -1.0000000 -1.0000000 -1.0000000 -1.0000000 -1.0000000 -1.0000000 0.5324146 -1.0000000 -1.0000000 -1.0000000 -1.0000000 0.5779535 -1.0000000 -1.0000000 -1.0000000 -1.0000000 -1.0000000 -1.0000000 0.4638067 0.4561815 -1.0000000 -1.0000000
-1.0000000 0.2677597 0.3362901 -1.0000000 -1.0000000 0.4001181 0.3113306 0.3171735 0.3499813 -1.0000000 -1.0000000 -1.0000000 -1.0000000 -1.0000000 -1.0000000 -1.0000000 -1.0000000 -1.0000000 -1.0000000 0.4561815 0.4684922 -1.0000000 -1.0000000 0.5481207 -1.0000000 -1.0000000 -1.0000000 0.3751476 0.3695878 0.1733346 0.1344994 0.1352401 0.1594539 0.1777090 0.1989662 -1.0000000 0.4055464 -1.0000000 -1.0000000 -1.0000000 -1.0000000 -1.0000000 0.4975438 -1.0000000 -1.0000000 -1.0000000 0.4440318 -1.0000000 -1.0000000 -1.0000000 -1.0000000 -1.0000000 -1.0000000 0.4431073 0.5072407 -1.0000000 -1.0000000 -1.0000000
0.1544925 0.2412812 -1.0000000 -1.0000000 -1.0000000 -1.0000000 0.2813387 0.3071237 0.2570279 -1.0000000 -1.0000000 -1.0000000 -1.0000000 -1.0000000 -1.0000000 -1.0000000 -1.0000000 -1.0000000 -1.0000000 -1.0000000 -1.0000000 0.4514073 0.4944594 0.5303541 -1.0000000 -1.0000000 0.5701364 0.3953578 -1.0000000 -1.0000000 0.0842799 0.0955828 0.1390532 0.1477134 0.1674106 0.1870473 0.2495281 0.4244415 0.4657215 -1.0000000 -1.0000000 -1.0000000 -1.0000000 -1.0000000 -1.0000000 0.2668660 0.2198746 -1.0000000 0.4975438 -1.0000000 -1.0000000 -1.0000000 -1.0000000 -1.0000000 -1.0000000 -1.0000000 -1.0000000 -1.0000000
-1.0000000 -1.0000000 -1.0000000 -1.0000000 -1.0000000 0.3223965 0.2520223 0.2206610 0.1836325 -1.0000000 -1.0000000 -1.0000000 -1.0000000 -1.0000000 -1.0000000 -1.0000000 -1.0000000 -1.0000000 -1.0000000 -1.0000000 0.5093099 0.5363659 0.5640409 0.5344635 0.5701364 0.6059315 -1.0000000 0.4412277 0.2637254 0.1283016 0.0550019 0.0630203 0.1179121 0.1251967 0.1602815 0.1803220 0.2235733 0.3518417 0.4657215 -1.0000000 0.4762111 0.2847052 0.1750765 -1.0000000 0.1828401 0.2282469 0.2412812 0.2855230 -1.0000000 -1.0000000 -1.0000000 -1.0000000 -1.0000000 -1.0000000 -1.0000000 -1.0000000 -1.0000000 -1.0000000
-1.0000000 -1.0000000 -1.0000000 -1.0000000 -1.0000000 -1.0000000 0.1948809 0.1621099 -1.0000000 0.1887824 0.2174031 -1.0000000 0.3371480 0.3687199 -1.0000000 -1.0000000 0.5231628 -1.0000000 -1.0000000 0.5601490 -1.0000000 0.5411236 0.5640409 -1.0000000 0.6037791 0.5879819 0.6265901 -1.0000000 0.2796723 0.1366973 0.0428262 0.0314136 -1.0000000 0.1170812 0.1060587 0.1382301 -1.0000000 -1.0000000 -1.0000000 -1.0000000 -1.0000000 0.2847052 0.1794684 0.1536549 0.1845452 0.2265413 -1.0000000 -1.0000000 -1.0000000 -1.0000000 -1.0000000 -1.0000000 -1.0000000 -1.0000000 -1.0000000 -1.0000000 -1.0000000 -1.0000000
-1.0000000 -1.0000000 -1.0000000 0.3855746 0.3705478 0.2967333 0.3002328 -1.0000000 0.0655049 0.0910787 0.1047305 0.1398624 0.1828401 0.3472815 0.3901240 0.3742948 0.4215710 -1.0000000 -1.0000000 -1.0000000 -1.0000000 -1.0000000 -1.0000000 -1.0000000 0.6059315 0.5647366 -1.0000000 -1.0000000 0.1957118 0.0835568 0.0332221 0.0195088 -1.0000000 -1.0000000 -1.0000000 0.0610205 0.1131887 0.1759266 0.2056670 0.2611414 0.2487324 0.1870473 0.1777090 0.1845452 0.2056670 0.3910041 -1.0000000 -1.0000000 -1.0000000 -1.0000000 -1.0000000 -1.0000000 -1.0000000 -1.0000000 -1.0000000 -1.0000000 -1.0000000 -1.0000000
0.2230116 -1.0000000 -1.0000000 -1.0000000 -1.0000000 0.2040428 0.1940243 -1.0000000 0.0667987 0.0667987 0.0667987 0.1438889 0.2282469 0.2728023 0.3770931 0.3648818 0.4292464 -1.0000000 -1.0000000 -1.0000000 0.3472815 -1.0000000 -1.0000000 -1.0000000 -1.0000000 0.5363659 0.4618327 0.4139768 0.1431096 0.0642736 0.0488557 0.0404012 0.0368029 0.0610205 0.0379673 -1.0000000 -1.0000000 0.1560897 -1.0000000 -1.0000000 0.3019344 0.2378811 -1.0000000 -1.0000000 -1.0000000 -1.0000000 -1.0000000 -1.0000000 -1.0000000 -1.0000000 -1.0000000 -1.0000000 -1.0000000 -1.0000000 -1.0000000 -1.0000000 -1.0000000 -1.0000000
-1.0000000 -1.0000000 0.2872508 -1.0000000 -1.0000000 0.0993798 0.0428262 -1.0000000 0.0488557 0.0661722 -1.0000000 0.1313992 0.1699658 0.1964957 0.1577516 0.1861420 0.3472815 0.4495245 0.2942226 0.1870473 0.2265413 -1.0000000 -1.0000000 -1.0000000 -1.0000000 -1.0000000 0.3087027 0.3053676 0.1560897 0.0717971 0.0519005 -1.0000000 0.0373780 0.0610205 0.0630203 0.0686246 0.0617186 -1.0000000 0.1639018 -1.0000000 -1.0000000 -1.0000000 -1.0000000 -1.0000000 -1.0000000 -1.0000000 -1.0000000 -1.0000000 0.7048242 -1.0000000 -1.0000000 -1.0000000 -1.0000000 -1.0000000 -1.0000000 -1.0000000 -1.0000000 -1.0000000
0.1139904 0.2115143 -1.0000000 -1.0000000 -1.0000000 0.1228166 -1.0000000 -1.0000000 0.0543950 0.0661722 0.1009786 0.0813914 -1.0000000 0.0971498 0.1139904 0.1235455 0.1647565 0.2007328 0.1203749 0.0993798 0.1306159 0.1290827 0.1060587 0.1337152 0.1602815 0.2335544 0.2405297 0.2023455 0.1337152 0.0821243 0.0736153 0.0603315 -1.0000000 0.0596361 0.0362025 0.0281175 -1.0000000 0.0773923 0.1076639 -1.0000000 -1.0000000 -1.0000000 -1.0000000 -1.0000000 -1.0000000 -1.0000000 -1.0000000 -1.0000000 0.7508396 -1.0000000 0.6990525 -1.0000000 0.6510066 -1.0000000 -1.0000000 -1.0000000 -1.0000000 -1.0000000
0.0642736 0.0865125 0.0813914 0.1493463 -1.0000000 0.0940107 0.1290827 0.0918350 0.0736153 0.0813914 0.0667987 0.0743163 -1.0000000 0.0910787 0.1519173 0.1092963 0.0761381 0.0452557 0.0379673 0.0373780 0.0686246 0.1009786 0.1155373 0.0940107 0.1186662 0.1922951 -1.0000000 0.1553174 0.0661722 0.0623780 0.0409684 0.0513060 0.0409684 0.0452557 0.0488557 0.0506850 0.0385810 0.0494736 0.0910787 0.1484752 0.1759266 0.2438148 -1.0000000 -1.0000000 -1.0000000 -1.0000000 -1.0000000 -1.0000000 -1.0000000 0.7239150 -1.0000000 0.6832055 -1.0000000 -1.0000000 -1.0000000 -1.0000000 -1.0000000 -1.0000000
0.0519005 0.0680023 0.0755222 0.0630203 0.0446733 0.0398133 0.0440541 0.0569419 0.0918350 0.0828441 0.0674046 0.0705327 0.0828441 0.1195174 0.1155373 0.0680023 0.0596361 0.0458248 0.0379673 0.0373780 0.0368029 0.0655049 0.1306159 0.1179121 0.0933015 0.1493463 0.2438148 0.2056670 -1.0000000 0.0749060 0.0356261 0.0350466 0.0344753 0.0392179 0.0531654 0.0723610 0.0655049 0.0470387 0.0648597 0.1001614 0.1228166 0.2115143 0.2984362 -1.0000000 0.4975438 -1.0000000 -1.0000000 -1.0000000 -1.0000000 0.7109585 -1.0000000 0.6692256 0.6736486 -1.0000000 -1.0000000 -1.0000000 -1.0000000 -1.0000000
0.0464234 0.0470387 0.0446733 0.0421981 0.0404012 0.0404012 0.0409684 0.0470387 0.0569419 0.1275451 0.0680023 0.1092963 0.1116644 0.1108708 0.1123899 0.0686246 0.0421981 0.0415728 0.0648597 0.0617186 0.0506850 0.0362025 0.0926111 0.1577516 0.1228166 -1.0000000 -1.0000000 0.2429774 0.1828401 0.0661722 0.0356261 0.0350466 0.0344753 0.0338446 0.0338446 0.0799817 -1.0000000 -1.0000000 -1.0000000 0.0856869 0.1536549 0.2429774 0.2462711 -1.0000000 -1.0000000 -1.0000000 -1.0000000 -1.0000000 -1.0000000 0.7071135 0.6889819 0.6752510 0.7195584 0.7213082 -1.0000000 -1.0000000 -1.0000000 -1.0000000
0.0550019 0.0421981 0.0415728 0.0409684 0.0409684 0.0409684 0.0409684 0.0428262 0.0603315 0.2495281 0.1298456 0.1469679 0.1553174 0.1116644 0.1108708 0.1244032 0.0575786 0.0421981 0.0506850 0.0828441 0.1170812 -1.0000000 0.0623780 0.1352401 0.2040428 -1.0000000 -1.0000000 -1.0000000 0.1989662 0.1162850 0.0705327 0.0464234 0.0582743 0.0464234 0.0332221 0.1290827 0.2016032 -1.0000000 -1.0000000 -1.0000000 0.4273132 -1.0000000 -1.0000000 -1.0000000 -1.0000000 -1.0000000 -1.0000000 -1.0000000 -1.0000000 -1.0000000 -1.0000000 0.7032847 -1.0000000 0.7294871 0.7294871 -1.0000000 -1.0000000 -1.0000000
0.0543950 0.0562443 0.0723610 0.0596361 0.0482188 0.0488557 0.0415728 0.0494736 0.0835568 0.3362901 0.2915446 0.1957118 0.1820013 0.1251967 0.1147732 0.1352401 0.1344994 0.1147732 0.0680023 0.1306159 0.1914623 -1.0000000 -1.0000000 -1.0000000 -1.0000000 -1.0000000 -1.0000000 -1.0000000 0.1803220 0.1344994 0.1139904 0.1033612 0.1108708 0.0799817 0.1621099 -1.0000000 -1.0000000 -1.0000000 -1.0000000 0.6037791 -1.0000000 -1.0000000 0.6610407 0.7195584 -1.0000000 -1.0000000 0.7253916 0.7294871 0.7277085 -1.0000000 -1.0000000 -1.0000000 -1.0000000 -1.0000000 -1.0000000 -1.0000000 -1.0000000 -1.0000000
0.0338446 0.0446733 0.0582743 0.0955828 0.0842799 0.0525252 0.0525252 0.0661722 0.0856869 0.2081592 0.2958769 0.2479041 0.2073500 0.1536549 0.1536549 0.1725276 0.1777090 0.1914623 -1.0000000 -1.0000000 -1.0000000 0.3677636 -1.0000000 -1.0000000 -1.0000000 -1.0000000 -1.0000000 -1.0000000 0.3087027 0.2353593 0.1896732 0.2327169 -1.0000000 -1.0000000 -1.0000000 0.5023901 -1.0000000 -1.0000000 -1.0000000 -1.0000000 -1.0000000 -1.0000000 -1.0000000 -1.0000000 -1.0000000 0.7239150 -1.0000000 -1.0000000 -1.0000000 -1.0000000 -1.0000000 -1.0000000 -1.0000000 -1.0000000 -1.0000000 -1.0000000 -1.0000000 -1.0000000
0.0286514 0.0356261 0.0531654 0.0729837 0.1092963 0.0562443 0.0705327 0.0729837 0.0856869 0.1025594 0.1887824 0.3982665 0.4774048 0.2561968 0.2353593 0.1845452 0.2198746 0.2594936 -1.0000000 -1.0000000 -1.0000000 -1.0000000 0.5033814 -1.0000000 -1.0000000 -1.0000000 -1.0000000 0.3594566 0.3427088 -1.0000000 -1.0000000 -1.0000000 -1.0000000 -1.0000000 -1.0000000 -1.0000000 -1.0000000 -1.0000000 -1.0000000 -1.0000000 -1.0000000 -1.0000000 -1.0000000 -1.0000000 -1.0000000 -1.0000000 -1.0000000 -1.0000000 0.7395962 0.7423304 -1.0000000 -1.0000000 -1.0000000 -1.0000000 -1.0000000 -1.0000000 -1.0000000 -1.0000000
0.0281175 0.0350466 0.0519005 0.0743163 0.1186662 0.1647565 0.1131887 0.0880594 0.0940107 0.1569288 0.2611414 0.3196517 0.3472815 0.2040428 -1.0000000 0.1484752 0.1742362 -1.0000000 -1.0000000 -1.0000000 -1.0000000 -1.0000000 -1.0000000 0.5313224 -1.0000000 -1.0000000 -1.0000000 -1.0000000 -1.0000000 -1.0000000 -1.0000000 -1.0000000 -1.0000000 -1.0000000 -1.0000000 -1.0000000 0.6491752 -1.0000000 -1.0000000 -1.0000000 -1.0000000 -1.0000000 -1.0000000 -1.0000000 -1.0000000 -1.0000000 -1.0000000 -1.0000000 0.7195584 -1.0000000 -1.0000000 -1.0000000 -1.0000000 -1.0000000 -1.0000000 -1.0000000 -1.0000000 -1.0000000
0.0270535 0.0476203 0.0582743 0.1398624 0.1794684 0.2249511 0.2241820 0.2007328 0.2265413 0.2174031 -1.0000000 0.2056670 -1.0000000 -1.0000000 0.0761381 0.1068221 0.0986462 -1.0000000 0.2890021 -1.0000000 -1.0000000 0.5879819 -1.0000000 -1.0000000 -1.0000000 -1.0000000 -1.0000000 -1.0000000 -1.0000000 -1.0000000 -1.0000000 -1.0000000 -1.0000000 0.6098346 0.5581586 0.5898928 0.5958495 -1.0000000 -1.0000000 -1.0000000 -1.0000000 -1.0000000 -1.0000000 -1.0000000 -1.0000000 -1.0000000 0.7294871 -1.0000000 -1.0000000 -1.0000000 -1.0000000 -1.0000000 -1.0000000 -1.0000000 -1.0000000 -1.0000000 -1.0000000 -1.0000000
0.0531654 0.0963798 0.1438889 0.2165226 0.1989662 -1.0000000 0.2378811 0.1717368 -1.0000000 0.2318221 0.2652701 0.2829950 0.2821860 0.1147732 0.0705327 0.0894887 0.0698641 0.1092963 0.2165226 -1.0000000 -1.0000000 0.5680931 -1.0000000 0.6469802 -1.0000000 -1.0000000 0.7109585 0.7133681 -1.0000000 -1.0000000 -1.0000000 -1.0000000 -1.0000000 0.5382786 0.4894851 0.4723931 0.5441574 -1.0000000 -1.0000000 -1.0000000 0.7337310 -1.0000000 -1.0000000 -1.0000000 -1.0000000 -1.0000000 0.7315550 -1.0000000 -1.0000000 -1.0000000 -1.0000000 -1.0000000 -1.0000000 -1.0000000 -1.0000000 -1.0000000 -1.0000000 -1.0000000
0.1259970 0.1502075 0.1750765 0.2007328 -1.0000000 -1.0000000 0.2032101 -1.0000000 0.1794684 0.3687199 0.4001181 0.3910041 0.2976311 0.1454501 0.0717971 0.0880594 0.0705327 0.0780041 0.1665248 -1.0000000 -1.0000000 0.4665225 -1.0000000 -1.0000000 -1.0000000 -1.0000000 -1.0000000 -1.0000000 -1.0000000 -1.0000000 -1.0000000 -1.0000000 0.5271990 0.4964735 0.4704844 0.4704844 0.5292588 0.5758754 -1.0000000 -1.0000000 -1.0000000 -1.0000000 -1.0000000 -1.0000000 -1.0000000 -1.0000000 0.7377049 -1.0000000 -1.0000000 -1.0000000 -1.0000000 -1.0000000 -1.0000000 -1.0000000 -1.0000000 -1.0000000 -1.0000000 -1.0000000
0.1981234 0.2421237 0.2073500 0.2537252 0.1853443 0.1602815 0.1759266 0.2023455 -1.0000000 -1.0000000 0.3687199 0.2924036 0.1560897 0.0761381 0.0799817 0.0711624 0.0711624 0.0780041 0.1446799 0.1594539 0.2872508 0.3584805 -1.0000000 0.4215710 -1.0000000 -1.0000000 -1.0000000 -1.0000000 -1.0000000 -1.0000000 -1.0000000 0.5818102 0.5430136 0.4905046 0.4694387 0.4924695 0.5441574 0.6037791 -1.0000000 -1.0000000 -1.0000000 0.7377049 -1.0000000 -1.0000000 -1.0000000 -1.0000000 -1.0000000 -1.0000000 -1.0000000 -1.0000000 -1.0000000 -1.0000000 -1.0000000 -1.0000000 -1.0000000 -1.0000000 -1.0000000 -1.0000000
0.2976311 0.4092467 0.2924036 0.2016032 0.1585788 0.1139904 0.1431096 0.1665248 -1.0000000 -1.0000000 0.3344696 0.2131583 0.1116644 0.0806771 0.0743163 0.0717971 0.0761381 0.1047305 0.0971498 0.0887952 0.1179121 0.1656582 0.2032101 0.2040428 0.2693949 -1.0000000 0.3935866 -1.0000000 -1.0000000 -1.0000000 -1.0000000 0.5898928 0.5163358 0.4599345 0.4330432 -1.0000000 0.5701364 0.6452752 -1.0000000 -1.0000000 -1.0000000 -1.0000000 -1.0000000 -1.0000000 -1.0000000 -1.0000000 -1.0000000 -1.0000000 -1.0000000 0.5111971 -1.0000000 -1.0000000 -1.0000000 -1.0000000 -1.0000000 -1.0000000 -1.0000000 -1.0000000
0.4311586 0.3317542 0.2273517 -1.0000000 0.0821243 0.0926111 0.1092963 0.1398624 0.2098660 0.2838684 0.2578893 0.1708516 0.0940107 0.0749060 0.0743163 0.0786372 0.1116644 0.0849639 0.0755222 0.0761381 0.0926111 0.1123899 0.1053911 0.1321579 0.1560897 0.1879086 0.2520223 -1.0000000 -1.0000000 -1.0000000 0.4422066 0.3326832 -1.0000000 0.3770931 0.4431073 -1.0000000 -1.0000000 -1.0000000 0.7195584 -1.0000000 -1.0000000 -1.0000000 -1.0000000 -1.0000000 -1.0000000 -1.0000000 -1.0000000 -1.0000000 -1.0000000 -1.0000000 -1.0000000 -1.0000000 -1.0000000 -1.0000000 -1.0000000 -1.0000000 -1.0000000 -1.0000000
0.3196517 0.2570279 0.1374817 -1.0000000 0.0543950 0.0806771 0.1033612 0.1283016 0.2089674 -1.0000000 0.2122890 0.1290827 0.1366973 0.1155373 0.1321579 0.1398624 0.1259970 0.0723610 0.0933015 0.0761381 0.1025594 0.0918350 0.0849639 0.0849639 0.1116644 0.1131887 0.1536549 0.1845452 0.1639018 0.1767657 0.1940243 0.2122890 -1.0000000 0.3389768 0.3742948 -1.0000000 -1.0000000 -1.0000000 -1.0000000 -1.0000000 -1.0000000 -1.0000000 -1.0000000 -1.0000000 -1.0000000 -1.0000000 -1.0000000 -1.0000000 -1.0000000 -1.0000000 -1.0000000 -1.0000000 -1.0000000 -1.0000000 -1.0000000 -1.0000000 -1.0000000 -1.0000000
-1.0000000 0.2023455 0.1290827 0.0428262 0.0464234 0.0767725 0.0902405 0.1047305 -1.0000000 -1.0000000 -1.0000000 -1.0000000 -1.0000000 -1.0000000 -1.0000000 -1.0000000 -1.0000000 0.1131887 0.1321579 0.0910787 0.1040885 0.0978862 0.1123899 0.0842799 0.1084775 0.0842799 0.1001614 0.1298456 0.1060587 0.1414849 0.1423246 0.1211789 0.1845452 0.2728023 0.3380979 -1.0000000 -1.0000000 -1.0000000 -1.0000000 -1.0000000 -1.0000000 -1.0000000 -1.0000000 -1.0000000 -1.0000000 -1.0000000 -1.0000000 -1.0000000 -1.0000000 0.5560734 0.5859407 -1.0000000 -1.0000000 -1.0000000 -1.0000000 -1.0000000 -1.0000000 -1.0000000
-1.0000000 0.1060587 0.0562443 0.0434425 0.0698641 0.0755222 0.0813914 0.1313992 0.1398624 0.1025594 0.1170812 -1.0000000 0.1510590 -1.0000000 -1.0000000 -1.0000000 -1.0000000 0.1076639 0.1398624 0.1101173 0.1123899 0.0986462 0.1131887 0.0835568 0.0835568 0.0835568 0.0993798 0.1068221 0.0910787 0.1275451 0.1131887 0.1076639 0.1717368 0.2685246 0.3490590 0.4505162 0.6711572 -1.0000000 0.7152214 -1.0000000 -1.0000000 -1.0000000 -1.0000000 0.6752510 -1.0000000 0.5798808 -1.0000000 -1.0000000 -1.0000000 0.5263247 0.6222086 -1.0000000 -1.0000000 0.4694387 -1.0000000 -1.0000000 -1.0000000 -1.0000000
