trunk/projects/spp-inf/Zonation runs/Test data/Output/out_missingSp3.prop.asc
ncols        649
nrows        555
xllcorner    294205.000000000000
yllcorner    6283604.599999999600
cellsize     0.200000000000
NODATA_value     -1
[rows 416 to 441 of 555, columns 174 to 231 of 649]
0.3294069 0.3406586 0.3294069 0.3533819 0.3764089 0.3877632 -1.0000000 -1.0000000 0.2977580 0.3355590 0.3456642 0.4919413 0.4495847 0.2960523 0.2085788 0.1892218 0.2716088 0.2452460 0.1833712 0.1669832 0.1808268 0.2061339 0.1877797 0.1638308 0.1638308 0.1899509 0.2842719 -1.0000000 -1.0000000 -1.0000000 -1.0000000 0.6273603 0.6294342 0.6849833 -1.0000000 -1.0000000 0.5652720 0.5652720 -1.0000000 -1.0000000 0.1706988 0.1669832 0.1953564 0.2389486 0.2757049 0.3524404 0.4284973 -1.0000000 -1.0000000 0.5590755 0.3479223 -1.0000000 0.4352617 0.4274772 0.4391716 0.5577426 0.5017682 0.6144094
0.2952713 0.3284584 0.3311194 0.3462890 0.3727666 0.3684186 -1.0000000 0.3249162 -1.0000000 0.3330138 0.3570633 0.3746012 0.3657249 0.3151051 0.2612195 0.1884670 0.1930679 0.2460924 0.1877797 0.1669832 0.1662236 0.1768450 0.1751589 0.1646323 0.1646323 0.1852448 0.2586975 -1.0000000 -1.0000000 -1.0000000 -1.0000000 0.6294342 -1.0000000 0.7551284 0.7551284 -1.0000000 0.5815156 -1.0000000 -1.0000000 -1.0000000 0.1861203 0.1677216 0.1744882 0.1969113 0.2637377 -1.0000000 0.4161775 -1.0000000 -1.0000000 -1.0000000 0.3791236 0.4332811 0.4468166 -1.0000000 -1.0000000 0.4075975 0.4086105 0.6429353
0.2621066 0.2571775 -1.0000000 0.3570633 0.3623462 0.3615294 0.3588343 0.3311194 0.2521368 0.3214929 0.3579561 0.4153376 0.3471850 0.3355590 0.2595888 0.2078218 0.1833712 0.1922229 0.1815687 0.1744882 0.1692104 0.1654478 0.1646323 0.1646323 0.1646323 0.1800275 0.2061339 0.2764762 -1.0000000 0.4412109 0.5489335 0.6231095 -1.0000000 0.6892080 0.7110367 -1.0000000 -1.0000000 -1.0000000 -1.0000000 0.2802911 0.2316236 0.1684615 0.1684615 0.1922229 0.2412598 -1.0000000 -1.0000000 -1.0000000 0.5761666 -1.0000000 0.3709455 0.4255732 -1.0000000 0.4608569 -1.0000000 0.4352617 0.4199816 0.4095185
0.2494299 0.2494299 -1.0000000 0.3632150 -1.0000000 0.3623462 0.4371258 0.3390252 0.2427450 -1.0000000 0.3570633 0.4008974 0.3311194 0.3320105 0.3063588 0.2078218 0.1833712 0.1824512 0.1892218 0.1915252 0.2002220 0.1842850 0.1824512 0.1638308 0.1706988 0.1824512 0.2085788 0.2586975 0.3877632 0.3895204 0.4363480 0.5310168 -1.0000000 -1.0000000 -1.0000000 -1.0000000 -1.0000000 0.5528744 0.3989834 -1.0000000 0.2612195 0.1815687 0.1692104 0.1692104 0.2002220 0.2579778 0.3940974 0.3020724 -1.0000000 0.2892489 0.3133470 0.4181009 0.4581106 0.4687042 -1.0000000 0.4512690 0.4323503 0.4521920
0.3570633 0.2995102 0.3755132 0.3746012 -1.0000000 0.3755132 0.4323503 0.3311194 0.2381600 -1.0000000 0.3406586 0.3809506 0.3294069 0.3214929 0.3276929 0.2884036 0.1930679 0.1833712 0.1833712 0.2269149 0.1833712 0.1662236 0.1630595 0.1684615 0.1986050 -1.0000000 -1.0000000 -1.0000000 0.3727666 0.3684186 0.4039192 0.4893429 -1.0000000 0.6273603 -1.0000000 0.5999026 -1.0000000 0.5915313 -1.0000000 -1.0000000 0.1930679 0.1833712 0.1699954 0.1699954 0.2101383 0.2794669 0.3895204 -1.0000000 0.3133470 0.2794669 0.3462890 -1.0000000 0.4599262 -1.0000000 -1.0000000 0.4431046 0.4450263 -1.0000000
0.3479223 0.3718022 0.3781888 -1.0000000 -1.0000000 -1.0000000 0.2902139 0.2960523 0.2333555 0.2452460 0.3284584 0.3675284 0.3330138 0.2621066 0.3230942 0.3284584 0.2595888 0.2018806 0.1842850 0.2026489 0.1930679 -1.0000000 -1.0000000 0.1669832 0.1783635 0.2002220 -1.0000000 0.3054866 0.3063588 0.3071784 0.3950809 0.4699081 -1.0000000 -1.0000000 -1.0000000 -1.0000000 -1.0000000 0.5228324 -1.0000000 0.2692538 0.1922229 0.1706988 0.1706988 0.1706988 0.1915252 0.2892489 0.3204471 -1.0000000 0.2708340 -1.0000000 -1.0000000 0.4486852 0.4659154 -1.0000000 0.4382510 0.4274772 -1.0000000 -1.0000000
0.3700588 0.3764089 0.3817575 0.3931794 -1.0000000 -1.0000000 -1.0000000 0.2202002 0.2300459 -1.0000000 0.3330138 0.3632150 0.3488469 -1.0000000 0.2300459 0.2078218 0.1915252 0.2612195 0.1852448 0.2240303 -1.0000000 -1.0000000 -1.0000000 -1.0000000 0.1915252 0.1892218 0.2052616 0.2340675 0.2859613 -1.0000000 -1.0000000 -1.0000000 0.5915313 -1.0000000 -1.0000000 -1.0000000 -1.0000000 0.3320105 0.3259608 0.2802911 0.2026489 0.1714966 0.1714966 0.1791755 0.2052616 0.2809761 0.3004078 0.2910187 0.2540268 0.2612195 -1.0000000 -1.0000000 0.4589593 -1.0000000 0.4363480 0.4190498 -1.0000000 -1.0000000
0.3640022 0.3718022 -1.0000000 -1.0000000 0.4039192 0.3989834 0.2511823 0.2035516 0.2165709 -1.0000000 -1.0000000 0.3471850 -1.0000000 -1.0000000 0.2333555 0.2078218 0.1842850 0.2349207 0.2061339 0.2224686 0.2152302 0.1824512 -1.0000000 0.1800275 0.1760152 0.1852448 0.2396701 0.2892489 0.2977580 -1.0000000 -1.0000000 -1.0000000 -1.0000000 0.6148443 -1.0000000 -1.0000000 -1.0000000 0.3142544 0.3204471 0.2851380 0.1907126 0.1720865 0.1720865 0.1877797 0.2002220 -1.0000000 -1.0000000 -1.0000000 0.2381600 -1.0000000 -1.0000000 -1.0000000 0.4503729 0.4550565 0.4412109 0.4199816 0.3524404 -1.0000000
-1.0000000 0.3462890 -1.0000000 0.4018418 -1.0000000 0.4058343 0.2530142 0.2116182 0.1969113 -1.0000000 0.3406586 -1.0000000 0.3691781 -1.0000000 -1.0000000 0.2817540 0.2061339 0.1833712 0.2419671 0.2078218 0.2186669 0.1870360 0.1662236 0.1907126 0.1684615 0.1852448 0.2511823 0.3037650 0.3160788 -1.0000000 0.5915313 0.6589868 -1.0000000 0.5815156 0.5550283 0.5107906 -1.0000000 0.2986314 -1.0000000 0.1969113 0.1760152 0.1728804 0.2139140 0.1953564 0.2044148 0.2892489 0.2952713 -1.0000000 0.2123691 0.2261485 -1.0000000 -1.0000000 0.4412109 0.4512690 0.4512690 -1.0000000 -1.0000000 -1.0000000
0.3588343 0.4123203 0.3606711 0.4114033 0.4123203 0.4058343 0.3390252 0.1969113 -1.0000000 -1.0000000 -1.0000000 -1.0000000 -1.0000000 -1.0000000 0.4468166 0.3718022 0.3063588 0.2202002 0.1684615 0.1728804 0.2123691 0.1808268 0.1677216 0.1677216 0.1684615 0.1884670 0.2902139 -1.0000000 -1.0000000 -1.0000000 0.5856137 0.7234119 -1.0000000 -1.0000000 0.5632930 0.4343098 0.2373583 0.2061339 0.1946518 0.1791755 0.1736603 0.1736603 0.3071784 -1.0000000 -1.0000000 0.2902139 0.3004078 -1.0000000 0.2044148 0.2503084 -1.0000000 0.3267822 0.3028486 0.4391716 0.4478004 -1.0000000 0.4181009 0.4123203
0.3999355 0.3267822 0.3249162 -1.0000000 0.4143376 0.3877632 0.2757049 0.1907126 -1.0000000 -1.0000000 -1.0000000 -1.0000000 -1.0000000 -1.0000000 -1.0000000 0.4047020 0.3089046 -1.0000000 0.1877797 0.1699954 0.1993534 0.1938500 0.1684615 0.1791755 0.1684615 0.1751589 0.2146240 0.2653825 -1.0000000 -1.0000000 -1.0000000 0.6042302 0.5632930 -1.0000000 -1.0000000 -1.0000000 -1.0000000 0.2373583 0.1899509 0.1744882 0.1744882 0.1877797 0.3294069 0.2269149 0.2825617 0.2928879 0.3020724 -1.0000000 0.2123691 0.1986050 0.2389486 0.2757049 0.3012347 0.4352617 0.4608569 0.4512690 0.4255732 -1.0000000
0.2586975 0.3837754 0.3999355 0.4104498 0.4123203 0.3133470 0.2604408 0.1922229 -1.0000000 -1.0000000 -1.0000000 -1.0000000 -1.0000000 -1.0000000 -1.0000000 -1.0000000 0.3505942 -1.0000000 0.2069092 0.1714966 0.1993534 0.2209452 0.2061339 0.1775892 0.1760152 0.2101383 0.2389486 -1.0000000 -1.0000000 -1.0000000 -1.0000000 0.5287293 0.4104498 -1.0000000 0.3214929 0.3037650 0.2404780 0.2123691 0.1870360 0.1768450 0.1751589 0.2670792 0.3615294 0.2277511 0.2716088 0.2851380 0.3028486 0.2884036 0.2427450 0.1993534 0.2078218 0.2700498 0.2944463 0.4302566 0.4478004 0.4468166 0.4478004 -1.0000000
-1.0000000 0.3817575 0.3940974 0.4039192 0.4066551 0.2772605 0.2300459 0.1824512 -1.0000000 -1.0000000 -1.0000000 -1.0000000 -1.0000000 -1.0000000 -1.0000000 0.5509118 0.3416898 0.2995102 0.2069092 0.1800275 0.1720865 0.1938500 0.2035516 0.1892218 0.2018806 0.2579778 0.3012347 -1.0000000 0.4095185 -1.0000000 -1.0000000 -1.0000000 -1.0000000 -1.0000000 0.3071784 0.2757049 0.2232925 -1.0000000 -1.0000000 0.1783635 0.2180051 0.3276929 0.4459071 0.3809506 0.2724379 0.2884036 0.3037650 0.2986314 0.2772605 0.2269149 0.1986050 -1.0000000 -1.0000000 0.3515151 0.4332811 0.4521920 0.4619225 -1.0000000
-1.0000000 0.3781888 0.3837754 0.3931794 0.3970234 0.2716088 0.2307946 0.1791755 -1.0000000 -1.0000000 -1.0000000 -1.0000000 0.3471850 -1.0000000 -1.0000000 -1.0000000 -1.0000000 0.2724379 0.2052616 0.1728804 0.1791755 0.2026489 0.2061339 0.3080531 0.1899509 0.2556229 0.3098384 -1.0000000 -1.0000000 -1.0000000 0.3462890 -1.0000000 0.3045912 0.2867830 0.2494299 0.2123691 -1.0000000 -1.0000000 0.1654478 0.1720865 0.2892489 0.3054866 0.4512690 0.4912763 -1.0000000 0.2952713 0.3089046 0.3124574 0.2884036 0.2995102 0.2224686 0.2644857 -1.0000000 0.3124574 0.4114033 -1.0000000 -1.0000000 0.5128500
-1.0000000 0.2700498 0.3223767 0.3012347 0.3640022 0.2644857 0.2284628 0.1833712 0.1783635 -1.0000000 -1.0000000 0.3294069 0.3416898 -1.0000000 -1.0000000 -1.0000000 -1.0000000 0.3311194 0.2202002 0.1899509 0.1736603 0.1961057 0.1915252 0.1907126 0.2002220 0.2834031 0.3214929 0.3240047 0.3416898 0.3828050 0.3398397 0.3372381 0.3230942 0.3020724 0.2443577 -1.0000000 0.1907126 -1.0000000 0.1922229 0.2373583 0.3089046 0.3398397 0.4209911 0.4679257 0.3533819 0.2977580 -1.0000000 0.3098384 0.3390252 0.3267822 0.2794669 0.2724379 0.2757049 -1.0000000 -1.0000000 0.3615294 -1.0000000 -1.0000000
0.2494299 0.2460924 0.2794669 0.2676874 0.3462890 0.2644857 0.2224686 0.1783635 0.1775892 -1.0000000 0.3249162 -1.0000000 -1.0000000 0.3372381 0.3214929 -1.0000000 -1.0000000 0.3406586 0.3160788 0.2139140 0.1744882 0.1915252 0.1977329 0.3497291 0.1977329 0.2817540 0.3151051 0.3133470 -1.0000000 0.3311194 0.3240047 0.3355590 0.3372381 -1.0000000 0.2637377 0.2026489 0.1884670 0.2960523 0.2452460 0.3700588 0.3960199 0.4343098 0.4312590 0.4619225 0.4746655 -1.0000000 0.2977580 0.3214929 0.4997594 0.4123203 0.2571775 0.2018806 0.2662495 0.2452460 0.2892489 0.3080531 0.4343098 -1.0000000
0.2026489 0.2412598 0.2644857 0.2563688 0.2724379 0.3028486 0.2247428 0.1791755 0.1699954 -1.0000000 0.3249162 0.2595888 -1.0000000 0.3071784 -1.0000000 -1.0000000 -1.0000000 0.3204471 0.2333555 0.2116182 0.3063588 0.2101383 0.2078218 0.4599262 0.2101383 0.2968939 0.3133470 0.2986314 0.3071784 0.3089046 0.3230942 -1.0000000 0.3381590 0.3151051 0.2936175 0.2261485 -1.0000000 0.3479223 0.2859613 0.3346893 0.2511823 0.2503084 0.3028486 0.4503729 0.4421469 0.3133470 0.3028486 0.5107906 0.5056592 0.3423741 0.2002220 0.1993534 0.2292588 0.2670792 0.2910187 -1.0000000 0.3004078 -1.0000000
0.1922229 0.2419671 0.2612195 0.2477165 0.2477165 0.2485542 0.2078218 0.1791755 0.1751589 0.2333555 0.3142544 0.2579778 -1.0000000 0.2494299 -1.0000000 -1.0000000 0.3259608 0.2579778 0.2123691 0.2123691 0.3615294 0.2186669 0.2637377 0.3160788 0.2365239 0.3160788 0.2764762 0.2404780 0.3004078 0.3178588 0.3284584 0.3462890 0.3330138 -1.0000000 -1.0000000 -1.0000000 -1.0000000 -1.0000000 0.3828050 0.3781888 0.2511823 0.2503084 0.2494299 0.2494299 0.2494299 0.2644857 0.4486852 0.5638075 0.5495729 0.3623462 0.2817540 0.2412598 0.1969113 -1.0000000 0.2460924 0.2787193 0.2977580 0.3448336
-1.0000000 0.2477165 0.2586975 0.2586975 0.2277511 0.2277511 0.2026489 0.1833712 0.1791755 0.2209452 0.2772605 0.2232925 0.2180051 0.2356968 0.2485542 -1.0000000 0.3311194 0.2381600 0.2131134 0.4893429 0.2867830 0.2193710 0.3381590 0.2052616 0.2224686 0.2460924 0.2277511 0.2612195 -1.0000000 -1.0000000 0.3240047 0.3160788 0.3178588 -1.0000000 -1.0000000 -1.0000000 -1.0000000 0.3524404 0.3533819 0.4746655 0.5999026 0.4512690 0.2817540 0.2485542 0.2604408 0.4028422 0.5434179 0.5700732 0.5215437 0.4323503 0.3037650 -1.0000000 0.2325054 0.2685431 0.2653825 0.2834031 0.3045912 0.3886529
0.1946518 -1.0000000 0.2595888 0.2579778 -1.0000000 -1.0000000 0.1833712 0.2300459 0.2373583 0.1930679 0.2292588 0.1993534 0.2180051 0.2452460 0.3249162 -1.0000000 0.3230942 0.2460924 0.2460924 0.2644857 0.3448336 0.2202002 0.2928879 0.2044148 0.2069092 0.2052616 0.2412598 0.3089046 0.3223767 0.3320105 0.3230942 0.3133470 -1.0000000 0.2547557 0.2995102 0.2396701 0.1892218 0.1728804 0.2952713 0.4541929 0.5782988 0.6144094 0.4997594 -1.0000000 0.3004078 0.6121764 0.5948318 0.4969687 0.5294870 0.3390252 0.2078218 -1.0000000 -1.0000000 0.2968939 -1.0000000 0.2892489 0.3004078 0.3187008
0.2018806 -1.0000000 0.2902139 0.2944463 0.3004078 -1.0000000 0.2107950 0.1953564 0.2540268 0.1938500 0.2085788 0.1953564 0.2052616 0.2443577 0.3267822 0.3311194 0.2443577 0.2389486 0.2389486 0.2892489 0.3755132 0.2292588 0.4132822 0.2009974 0.2009974 0.2002220 0.2612195 -1.0000000 0.3440083 0.4114033 -1.0000000 -1.0000000 -1.0000000 0.2325054 0.2316236 0.2277511 0.2139140 0.1736603 0.1736603 0.3249162 0.5334567 0.6489422 0.4687042 0.2724379 0.2748531 0.6056809 0.5235325 0.5215437 0.4608569 0.2356968 0.2419671 -1.0000000 -1.0000000 0.3045912 0.3080531 0.3012347 0.3028486 0.3240047
0.2035516 -1.0000000 0.3240047 0.3709455 0.3398397 0.3063588 0.2389486 0.2078218 0.2396701 0.2186669 0.1946518 0.1953564 0.2035516 0.2435352 0.3045912 -1.0000000 0.2540268 0.2381600 0.2748531 0.4919413 0.3406586 0.2152302 0.2365239 0.2002220 0.2002220 0.3764089 -1.0000000 -1.0000000 -1.0000000 -1.0000000 -1.0000000 0.4764988 0.4039192 -1.0000000 0.2180051 0.2044148 0.3320105 0.2621066 0.3416898 0.4718332 0.5826561 0.6638455 0.2732453 0.2732453 0.4880860 0.5577426 0.5017682 0.4255732 0.2325054 0.2044148 0.2595888 0.3004078 -1.0000000 -1.0000000 -1.0000000 0.3204471 0.3187008 0.3579561
0.2052616 0.2116182 -1.0000000 0.3178588 -1.0000000 -1.0000000 0.2232925 0.2131134 0.3448336 0.2131134 0.1953564 0.1961057 0.2254254 0.2452460 -1.0000000 0.3311194 0.2700498 0.2547557 0.2373583 0.3440083 0.3922209 0.2186669 0.1993534 0.1993534 0.1993534 0.3381590 -1.0000000 -1.0000000 -1.0000000 -1.0000000 0.5329375 -1.0000000 0.4853032 -1.0000000 -1.0000000 -1.0000000 0.3462890 0.4486852 0.2629069 0.2802911 0.5868370 0.4075975 0.2740903 0.2740903 0.6015835 0.5235325 0.4412109 0.3160788 0.1953564 -1.0000000 -1.0000000 0.3160788 0.3259608 0.3302128 0.3151051 0.3214929 0.3240047 0.4302566
0.1977329 0.2002220 -1.0000000 0.2977580 0.3346893 0.2794669 -1.0000000 0.2333555 0.4199816 0.2131134 0.2637377 0.1961057 0.2123691 0.2404780 -1.0000000 0.2779324 0.2269149 0.2269149 0.2269149 0.2452460 0.4171417 0.2209452 0.2146240 0.1986050 0.2867830 0.2052616 -1.0000000 -1.0000000 -1.0000000 -1.0000000 -1.0000000 -1.0000000 -1.0000000 -1.0000000 -1.0000000 -1.0000000 0.2085788 0.3913866 0.3423741 0.2867830 0.5353636 0.2748531 0.2748531 0.4639515 0.6533431 0.5992138 0.3781888 0.1961057 0.2078218 0.2571775 0.2936175 0.3089046 0.3178588 -1.0000000 0.2910187 0.2960523 0.3089046 0.3133470
0.2026489 0.2035516 0.2595888 0.2612195 0.2612195 0.3276929 0.3114845 0.2469935 0.5173938 0.2629069 0.3675284 0.1969113 0.2093631 0.2469935 0.2521368 0.2373583 0.2261485 0.2261485 0.2779324 0.2708340 0.3355590 0.2349207 0.3381590 0.1977329 0.1977329 0.2165709 -1.0000000 -1.0000000 -1.0000000 0.4267079 0.4209911 0.4699081 0.4058343 0.3895204 -1.0000000 -1.0000000 0.2044148 0.2209452 0.3737040 0.3160788 0.4841940 0.2757049 0.3448336 0.6429353 0.6294342 0.6638455 0.3284584 0.1977329 0.2116182 -1.0000000 -1.0000000 0.2919310 0.2851380 -1.0000000 -1.0000000 0.4512690 0.3837754 0.3922209
0.2809761 0.2035516 0.2404780 -1.0000000 0.2159017 0.3249162 0.2571775 0.2419671 0.5742613 0.2787193 0.2859613 0.2085788 0.2217311 0.2494299 0.3020724 0.2757049 0.2254254 0.2254254 0.3755132 0.3588343 0.2571775 0.3837754 0.3931794 0.1969113 0.2026489 0.1986050 0.1938500 -1.0000000 -1.0000000 0.3727666 0.4619225 0.4363480 0.3423741 0.3214929 -1.0000000 -1.0000000 0.1907126 0.1977329 0.3448336 0.2779324 0.4153376 0.2764762 0.4209911 0.5826561 0.6615894 0.5294870 0.1986050 0.1977329 0.2061339 0.2026489 -1.0000000 -1.0000000 -1.0000000 -1.0000000 -1.0000000 -1.0000000 -1.0000000 0.5489335
