trunk/projects/spp-inf/Zonation runs/Test data/Output/out_all.prop.asc
ncols        649
nrows        555
xllcorner    294205.000000000000
yllcorner    6283604.599999999600
cellsize     0.200000000000
NODATA_value     -1
[rows 104 to 129 of 555, columns 464 to 521 of 649]
-1.0000000 -1.0000000 -1.0000000 -1.0000000 -1.0000000 -1.0000000 -1.0000000 -1.0000000 0.5852974 0.5081834 0.4042650 0.4098247 0.4438682 0.4889263 0.5309894 0.5309894 0.5032209 0.4448102 0.4087679 0.3855720 0.3864628 0.3967809 0.4795166 -1.0000000 0.5954772 0.6923639 0.7637953 0.7332872 0.8214349 0.8344228 0.8438144 0.8362989 0.8086948 0.8117783 0.7358370 0.8117783 0.8799188 0.8829276 -1.0000000 -1.0000000 -1.0000000 -1.0000000 -1.0000000 -1.0000000 -1.0000000 -1.0000000 0.7606980 -1.0000000 -1.0000000 0.6479927 0.6202956 0.6394072 0.6077651 -1.0000000 -1.0000000 -1.0000000 -1.0000000 -1.0000000
0.7076045 0.8023629 0.8214349 0.8701549 0.8799188 0.8344228 0.6864558 0.5468973 0.4570358 0.4156882 0.3593805 0.3584638 0.3920720 0.3967809 0.4006254 0.3929823 0.3920720 0.3531168 0.3523024 0.3513678 0.3504828 0.3495435 0.3486573 0.3901579 0.4317284 0.4656318 -1.0000000 0.5913486 0.7295083 0.6964868 0.7225403 0.6459025 0.6374584 0.6268392 0.6077651 0.7066244 -1.0000000 -1.0000000 -1.0000000 -1.0000000 -1.0000000 -1.0000000 -1.0000000 -1.0000000 0.7637953 0.7449116 0.7379997 0.6685234 0.6726606 0.6459025 0.5974062 0.6310214 0.6499624 -1.0000000 -1.0000000 -1.0000000 -1.0000000 -1.0000000
0.6459025 0.6983985 0.7332872 0.8344228 0.8401825 0.7111893 0.5490912 0.4067982 0.3681272 0.3602290 0.3593805 0.3584638 0.3576794 0.3567128 0.3558069 0.3549487 0.3539535 0.3531168 0.3523024 0.3513678 0.3504828 0.3495435 0.3495435 0.3495435 0.3938907 0.3846044 0.4277590 0.4870540 0.6099120 0.5831795 0.5933610 0.5552390 0.5468973 0.5230817 0.5552390 0.6036446 0.5852974 -1.0000000 0.6522075 0.6522075 -1.0000000 -1.0000000 0.7981138 0.7789326 0.6964868 0.6775997 0.6499624 0.6562154 0.6626862 0.6540855 -1.0000000 -1.0000000 -1.0000000 -1.0000000 -1.0000000 -1.0000000 -1.0000000 -1.0000000
0.5151153 0.5531847 0.6036446 0.7026449 0.7721269 0.6540855 0.4617375 0.3619125 0.3611380 0.3602290 0.3593805 0.3584638 0.3576794 0.3567128 0.3558069 0.3549487 0.3539535 0.3531168 0.3523024 0.3513678 0.3504828 0.3504828 0.3504828 0.3504828 0.3938907 0.3855720 0.3855720 0.4026068 0.4033332 0.4345841 0.4590049 0.4532626 0.4636874 0.4646364 0.4754862 0.5051697 0.5250282 0.4986237 0.5653443 0.6058261 0.6964868 0.7721269 0.7935838 0.6964868 0.6246054 0.5954772 0.5852974 0.6036446 -1.0000000 -1.0000000 -1.0000000 -1.0000000 -1.0000000 -1.0000000 -1.0000000 -1.0000000 -1.0000000 -1.0000000
0.4402550 0.4696121 0.5448369 0.6479927 0.7050822 0.5974062 0.4156882 0.3619125 0.3611380 0.3602290 0.3593805 0.3584638 0.3576794 0.3567128 0.3558069 0.3549487 0.3539535 0.3531168 0.3523024 0.3513678 0.3513678 0.3513678 0.3513678 0.4230930 0.4928201 0.4646364 0.4420384 0.4137511 0.4033332 0.4192658 0.4296843 0.4542167 0.4795166 0.4646364 0.4656318 0.4665095 0.4675514 0.4685549 0.5100569 0.5591811 -1.0000000 -1.0000000 0.7225403 0.6310214 0.5531847 0.5130889 0.5309894 -1.0000000 -1.0000000 -1.0000000 -1.0000000 -1.0000000 -1.0000000 0.8492135 0.8606454 0.8881487 0.8897901 0.8911566
0.4392159 0.4609436 0.5448369 0.6522075 0.6864558 0.5490912 0.4014909 0.3754147 0.3611380 0.3602290 0.3593805 0.3584638 0.3576794 0.3567128 0.3558069 0.3549487 0.3539535 0.3531168 0.3523024 0.3523024 0.3523024 0.3584638 0.4042650 0.4774169 0.5269902 0.5610750 0.5368173 0.4366542 0.4156882 0.4230930 0.4257920 0.4735402 0.5201910 0.4966591 0.5043195 0.4908255 0.4675514 0.4685549 0.5230817 0.5891483 0.6748897 0.7332872 0.6923639 0.6017143 0.5100569 0.4870540 0.4935348 0.5329248 -1.0000000 0.6584396 0.6964868 -1.0000000 -1.0000000 0.8606454 0.8799188 0.8897901 0.8973325 0.8987156
0.4383674 0.4383674 0.4774169 0.6099120 0.7721269 0.6479927 0.4165311 0.4296843 0.4192658 0.4006254 0.3663634 0.3584638 0.3576794 0.3567128 0.3558069 0.3549487 0.3549487 0.3593805 0.3531168 0.3593805 0.3531168 0.3949677 0.4774169 0.5552390 0.6394072 0.6459025 0.5753502 0.4551474 0.4174503 0.4420384 0.4523401 0.4947382 0.5368173 -1.0000000 0.5277347 0.5349095 0.5180964 0.5120611 0.5631487 0.6352543 0.7005937 0.7358370 0.6864558 0.5813816 0.4986237 0.4870540 0.4859982 0.4851421 0.5109273 0.5831795 0.6437622 0.7170488 0.8117783 -1.0000000 0.8772133 0.8865552 0.8829276 -1.0000000
0.4374654 0.4383674 0.5004123 0.7026449 0.8438144 0.7050822 0.5448369 0.5081834 0.4954765 0.5180964 0.5151153 0.5120611 0.4774169 0.4656318 0.4814695 0.5309894 0.5349095 0.4438682 0.3901579 0.3681272 0.3698596 0.4033332 0.4870540 0.5211643 0.5631487 0.5852974 0.5448369 0.4665095 0.4754862 0.4889263 0.4774169 0.5120611 0.5653443 0.5793002 0.6058261 0.6058261 0.5831795 0.5933610 0.6479927 0.7005937 0.7500809 -1.0000000 -1.0000000 0.5692818 0.5269902 0.4870540 0.4859982 0.4870540 0.4986237 0.5468973 0.6121495 0.6904050 0.8023629 0.8720568 0.8720568 0.8739495 0.8799188 0.9018978
0.4523401 0.5269902 0.6923639 0.8531468 0.8799188 0.7404969 0.6184843 0.5733278 0.5733278 0.6184843 0.6162747 0.5913486 0.5773540 0.5653443 0.5753502 0.6202956 0.6225196 0.5250282 0.4485149 0.3689275 0.3689275 0.3698596 0.4137511 0.4317284 0.4696121 0.5349095 0.5653443 0.5610750 0.5714357 0.5531847 0.5309894 0.5672345 0.6143039 0.6522075 0.6584396 0.6626862 0.6755890 0.6964868 0.7194706 0.7519284 0.7852609 -1.0000000 -1.0000000 0.6775997 0.5995843 0.5468973 0.5329248 0.5388472 0.5269902 0.5714357 0.6394072 0.7111893 0.8214349 0.8739495 0.8739495 0.8724459 0.8739495 0.9231566
0.5692818 0.6374584 -1.0000000 -1.0000000 -1.0000000 0.7194706 0.6394072 0.6162747 0.6202956 0.6422206 0.6522075 0.6644617 0.7050822 0.7981138 0.7852609 0.7981138 0.7852609 0.5448369 0.5024289 0.4503987 0.4077929 0.4098247 0.4420384 0.4870540 0.5043195 0.5672345 0.6522075 0.6923639 0.6459025 0.6225196 0.5974062 0.6077651 0.6437622 0.6821196 0.7089527 0.7404969 0.7449116 -1.0000000 -1.0000000 -1.0000000 -1.0000000 -1.0000000 -1.0000000 -1.0000000 0.6522075 0.6291021 0.6121495 0.6143039 -1.0000000 0.7789326 0.7852609 0.8023629 0.8438144 0.8739495 0.8772133 0.8772133 0.8897901 0.9327973
0.7743823 0.7476115 -1.0000000 -1.0000000 -1.0000000 0.6864558 0.6479927 0.6352543 0.6394072 0.6437622 0.6584396 0.7076045 0.7935838 0.8636708 0.8911566 0.8720568 0.7891956 0.6099120 0.4889263 0.4590049 0.4628113 0.4834142 0.5180964 0.5349095 0.5891483 0.6499624 0.7449116 0.7564705 0.7358370 0.6964868 0.6310214 0.6584396 0.6800268 0.7244284 0.7500809 -1.0000000 -1.0000000 -1.0000000 -1.0000000 0.6644617 -1.0000000 -1.0000000 -1.0000000 -1.0000000 -1.0000000 -1.0000000 -1.0000000 -1.0000000 -1.0000000 0.8401825 0.8636708 0.8720568 0.8772133 0.8911566 0.8881487 0.9018978 -1.0000000 -1.0000000
0.8739495 0.8362989 0.7981138 0.7265683 0.6562154 0.6394072 0.6330849 0.6310214 0.6184843 0.6162747 0.6562154 0.7130499 0.8214349 -1.0000000 -1.0000000 0.8799188 0.8401825 0.6840720 0.5995843 0.5309894 -1.0000000 0.6077651 0.6099120 0.6202956 0.6904050 0.7614218 0.8606454 0.8636708 0.8362989 -1.0000000 -1.0000000 0.7111893 0.7225403 0.7680820 0.7680820 0.7765149 -1.0000000 -1.0000000 0.6626862 0.6437622 0.6479927 0.6882762 -1.0000000 -1.0000000 -1.0000000 -1.0000000 -1.0000000 -1.0000000 -1.0000000 -1.0000000 -1.0000000 0.9018978 -1.0000000 -1.0000000 -1.0000000 0.9399332 -1.0000000 -1.0000000
-1.0000000 0.7500809 0.6800268 0.6437622 0.6268392 0.6246054 0.6268392 0.6121495 0.5653443 0.5571864 0.5793002 0.6726606 0.8086948 -1.0000000 -1.0000000 -1.0000000 0.8720568 0.7935838 0.7637953 0.7542727 0.8401825 -1.0000000 -1.0000000 0.8475038 -1.0000000 0.8531468 -1.0000000 -1.0000000 0.8323441 -1.0000000 -1.0000000 -1.0000000 -1.0000000 0.7765149 0.7789326 0.7827820 -1.0000000 -1.0000000 0.6665835 0.6413824 0.6459025 0.6964868 -1.0000000 -1.0000000 -1.0000000 -1.0000000 -1.0000000 -1.0000000 -1.0000000 -1.0000000 0.9371060 -1.0000000 -1.0000000 -1.0000000 -1.0000000 -1.0000000 -1.0000000 0.9742073
0.6765573 0.6499624 0.6202956 0.6162747 0.6202956 0.6184843 -1.0000000 0.5510641 0.5081834 0.5024289 0.5191959 0.5428851 0.6058261 0.7789326 -1.0000000 -1.0000000 -1.0000000 0.8897901 0.8897901 0.8772133 0.9002535 0.9171680 0.9446909 0.9231566 -1.0000000 -1.0000000 0.9306064 0.9018978 0.8401825 -1.0000000 -1.0000000 -1.0000000 -1.0000000 -1.0000000 -1.0000000 -1.0000000 -1.0000000 -1.0000000 0.6726606 0.6522075 -1.0000000 -1.0000000 -1.0000000 -1.0000000 -1.0000000 -1.0000000 -1.0000000 -1.0000000 -1.0000000 -1.0000000 0.9538237 0.9618996 -1.0000000 -1.0000000 -1.0000000 -1.0000000 -1.0000000 -1.0000000
0.6246054 0.6143039 0.6121495 0.6143039 0.6143039 0.5852974 0.5531847 0.5289323 0.4986237 0.4570358 0.4383674 0.4570358 0.4974154 0.5531847 0.7194706 -1.0000000 -1.0000000 -1.0000000 -1.0000000 -1.0000000 -1.0000000 -1.0000000 -1.0000000 -1.0000000 -1.0000000 -1.0000000 -1.0000000 0.8438144 -1.0000000 -1.0000000 -1.0000000 -1.0000000 -1.0000000 -1.0000000 -1.0000000 -1.0000000 -1.0000000 -1.0000000 -1.0000000 -1.0000000 -1.0000000 -1.0000000 -1.0000000 -1.0000000 0.8401825 0.8606454 -1.0000000 -1.0000000 -1.0000000 0.9635193 0.9635193 -1.0000000 0.9708248 0.9770396 -1.0000000 -1.0000000 -1.0000000 -1.0000000
0.5490912 0.5773540 0.6099120 0.6162747 -1.0000000 0.5852974 0.5571864 0.5250282 0.4986237 0.4165311 0.3744721 0.3864628 0.3920720 0.4560952 0.6077651 0.7332872 -1.0000000 -1.0000000 -1.0000000 -1.0000000 -1.0000000 -1.0000000 -1.0000000 -1.0000000 -1.0000000 -1.0000000 -1.0000000 0.8344228 -1.0000000 -1.0000000 -1.0000000 -1.0000000 -1.0000000 -1.0000000 -1.0000000 -1.0000000 -1.0000000 -1.0000000 -1.0000000 -1.0000000 -1.0000000 -1.0000000 0.8065512 -1.0000000 0.8881487 0.9018978 -1.0000000 -1.0000000 -1.0000000 -1.0000000 -1.0000000 -1.0000000 -1.0000000 -1.0000000 -1.0000000 -1.0000000 -1.0000000 -1.0000000
0.4935348 0.5250282 0.5610750 0.5879285 -1.0000000 0.5954772 0.5793002 -1.0000000 0.5140555 0.4211323 0.3689275 0.3717722 0.3817902 0.3901579 0.5388472 0.6726606 -1.0000000 -1.0000000 -1.0000000 -1.0000000 -1.0000000 -1.0000000 -1.0000000 -1.0000000 -1.0000000 -1.0000000 -1.0000000 0.8286575 -1.0000000 -1.0000000 -1.0000000 -1.0000000 -1.0000000 -1.0000000 -1.0000000 0.7852609 0.7935838 0.7981138 0.8023629 0.8065512 0.7935838 0.7914270 0.8189961 -1.0000000 0.9219694 -1.0000000 -1.0000000 -1.0000000 -1.0000000 -1.0000000 -1.0000000 -1.0000000 -1.0000000 -1.0000000 -1.0000000 -1.0000000 -1.0000000 -1.0000000
0.4935348 0.4947382 0.5191959 0.5714357 0.6017143 -1.0000000 0.5599779 0.5100569 0.4715267 0.4098247 0.3681272 -1.0000000 0.4026068 0.4438682 0.5043195 0.6184843 -1.0000000 -1.0000000 -1.0000000 -1.0000000 -1.0000000 -1.0000000 -1.0000000 -1.0000000 -1.0000000 -1.0000000 -1.0000000 0.8401825 -1.0000000 -1.0000000 0.6246054 0.6268392 0.6352543 -1.0000000 -1.0000000 0.7891956 0.7935838 0.7981138 0.7981138 0.7955481 0.7918908 0.8023629 0.8492135 -1.0000000 -1.0000000 -1.0000000 -1.0000000 -1.0000000 -1.0000000 -1.0000000 -1.0000000 -1.0000000 -1.0000000 -1.0000000 -1.0000000 0.8865552 -1.0000000 0.7852609
0.4935348 0.4947382 0.4954765 0.5409370 0.5913486 0.6162747 0.5793002 0.4870540 0.4366542 0.4230930 0.4026068 0.4137511 0.4475096 0.4889263 0.5653443 -1.0000000 -1.0000000 -1.0000000 -1.0000000 -1.0000000 -1.0000000 -1.0000000 -1.0000000 -1.0000000 -1.0000000 -1.0000000 -1.0000000 0.8257692 -1.0000000 -1.0000000 0.6143039 0.6099120 -1.0000000 0.6522075 -1.0000000 0.7789326 0.7852609 0.7891956 0.7981138 0.8023629 0.8117783 0.8492135 -1.0000000 0.9205953 -1.0000000 -1.0000000 -1.0000000 -1.0000000 -1.0000000 -1.0000000 -1.0000000 -1.0000000 0.7935838 0.7637953 -1.0000000 -1.0000000 -1.0000000 0.5043195
0.4935348 0.4947382 0.5051697 0.5518911 0.5852974 0.5913486 0.5468973 0.4763206 0.4296843 0.4137511 0.4192658 0.4296843 -1.0000000 -1.0000000 0.5879285 0.6909463 -1.0000000 -1.0000000 -1.0000000 -1.0000000 -1.0000000 -1.0000000 -1.0000000 -1.0000000 -1.0000000 -1.0000000 -1.0000000 0.8257692 -1.0000000 -1.0000000 0.6268392 0.6143039 0.6291021 0.6603029 0.7585827 0.7637953 0.7814116 0.8023629 0.8189961 0.8257692 0.8492135 0.8897901 -1.0000000 -1.0000000 -1.0000000 -1.0000000 -1.0000000 -1.0000000 -1.0000000 -1.0000000 -1.0000000 0.6685234 0.6479927 0.6540855 -1.0000000 0.5388472 0.4503987 0.3726698
0.5004123 0.4947382 0.4947382 0.5368173 0.5171439 0.4889263 0.4675514 0.4494619 0.4230930 0.4239979 -1.0000000 0.4542167 0.4503987 -1.0000000 0.6291021 0.6943267 -1.0000000 0.8973325 -1.0000000 -1.0000000 -1.0000000 -1.0000000 -1.0000000 -1.0000000 -1.0000000 -1.0000000 0.8772133 0.8160341 0.7852609 0.7476115 0.6821196 0.6882762 0.6821196 0.7244284 0.7637953 0.7789326 0.8160341 0.8606454 0.8636708 -1.0000000 -1.0000000 -1.0000000 -1.0000000 0.9780788 -1.0000000 -1.0000000 -1.0000000 0.9654213 -1.0000000 -1.0000000 0.7476115 0.5571864 0.5329248 0.5024289 0.4239979 0.3602290 0.3920720 0.3671563
0.5409370 0.4993401 0.4966591 0.4889263 0.4715267 0.4257920 0.4249341 0.4239979 0.4239979 0.4239979 0.4523401 0.4628113 0.4590049 0.5081834 0.6268392 -1.0000000 0.8636708 0.8739495 0.8799188 0.9116452 -1.0000000 -1.0000000 -1.0000000 -1.0000000 -1.0000000 -1.0000000 0.9018978 0.8686017 0.8323441 0.7981138 0.8117783 0.8086948 0.8143092 0.8344228 0.8772133 -1.0000000 -1.0000000 0.8973325 -1.0000000 -1.0000000 -1.0000000 -1.0000000 -1.0000000 -1.0000000 -1.0000000 -1.0000000 0.9654213 -1.0000000 -1.0000000 0.6584396 0.5714357 0.5109273 0.3929823 0.3628286 0.3735586 0.3611380 0.3611380 0.3619125
0.5954772 0.4986237 0.4317284 0.4277590 0.4277590 0.4257920 0.4249341 0.4317284 0.4485149 0.5062867 0.5329248 0.5004123 0.5062867 0.5813816 0.6310214 0.6708974 0.8160341 0.8234568 0.8143092 -1.0000000 0.9432117 -1.0000000 -1.0000000 -1.0000000 -1.0000000 -1.0000000 -1.0000000 0.8973325 0.9071862 -1.0000000 -1.0000000 -1.0000000 -1.0000000 -1.0000000 -1.0000000 0.9254261 -1.0000000 -1.0000000 -1.0000000 -1.0000000 -1.0000000 -1.0000000 -1.0000000 -1.0000000 -1.0000000 -1.0000000 0.9130217 -1.0000000 0.6685234 0.5368173 0.4834142 0.3645856 0.3636983 0.3628286 0.3619125 0.3619125 0.3619125 0.3717722
0.5349095 0.4438682 0.4287804 0.4277590 0.4267668 0.4257920 0.4542167 0.4795166 0.5468973 0.6394072 0.6603029 -1.0000000 0.6017143 0.6726606 0.6840720 0.7194706 0.7891956 0.8257692 -1.0000000 -1.0000000 0.9432117 -1.0000000 -1.0000000 -1.0000000 -1.0000000 -1.0000000 -1.0000000 -1.0000000 -1.0000000 -1.0000000 -1.0000000 -1.0000000 -1.0000000 -1.0000000 -1.0000000 -1.0000000 -1.0000000 -1.0000000 -1.0000000 -1.0000000 -1.0000000 0.9851798 0.9881043 -1.0000000 -1.0000000 -1.0000000 -1.0000000 0.6143039 0.5151153 0.4392159 0.3654830 0.3645856 0.3636983 0.3628286 0.3628286 0.3628286 0.3628286 0.3681272
0.5081834 0.4494619 0.4287804 0.4277590 0.4307089 0.4715267 0.5692818 0.6330849 0.7130499 -1.0000000 -1.0000000 -1.0000000 -1.0000000 0.7637953 0.8305518 0.8257692 0.8401825 0.8554881 0.8927616 0.9254261 0.9425322 0.9625661 -1.0000000 -1.0000000 -1.0000000 -1.0000000 -1.0000000 -1.0000000 -1.0000000 -1.0000000 -1.0000000 -1.0000000 -1.0000000 -1.0000000 -1.0000000 -1.0000000 -1.0000000 -1.0000000 -1.0000000 -1.0000000 -1.0000000 -1.0000000 -1.0000000 -1.0000000 -1.0000000 0.6310214 0.5831795 0.4916307 0.3789608 0.3663634 0.3654830 0.3645856 0.3636983 0.3636983 0.3636983 0.4042650 0.4287804 0.4438682
0.5653443 0.4947382 0.4590049 0.4851421 0.5388472 0.6017143 0.7265683 0.8086948 -1.0000000 -1.0000000 0.9151119 -1.0000000 -1.0000000 -1.0000000 -1.0000000 0.8606454 0.8701549 0.8829276 0.9116452 0.9380795 0.9554652 0.9635193 -1.0000000 -1.0000000 -1.0000000 -1.0000000 -1.0000000 -1.0000000 -1.0000000 -1.0000000 -1.0000000 -1.0000000 -1.0000000 -1.0000000 -1.0000000 -1.0000000 -1.0000000 -1.0000000 -1.0000000 0.9826909 -1.0000000 -1.0000000 -1.0000000 -1.0000000 -1.0000000 0.5733278 0.4851421 0.3681272 0.3671563 0.3663634 0.3654830 0.3645856 0.3645856 0.3864628 0.4296843 0.4383674 0.4494619 0.4703805
