trunk/projects/spp-inf/Zonation runs/Test data/Output/out_missingSp1.prop.asc
ncols        649
nrows        555
xllcorner    294205.000000000000
yllcorner    6283604.599999999600
cellsize     0.200000000000
NODATA_value     -1
[rows 286 to 311 of 555, columns 174 to 231 of 649]
0.0293356 0.0293356 0.0337693 0.0921795 0.3680290 0.1656548 0.2099402 0.2951621 0.2305566 0.2653394 0.3127040 0.3175390 0.3207845 0.3757589 0.3951094 0.4435573 0.4517218 0.4734513 0.5155599 0.5241899 0.5592263 0.5919166 0.6060807 0.6996565 0.6847600 -1.0000000 0.7409511 0.7921600 0.7379044 0.7432036 0.7695505 0.9254259 0.8157810 0.8667848 0.9079274 0.8838292 0.8650410 0.8268062 0.8280105 0.8725973 0.8487253 0.8487253 0.8579251 0.8089501 0.8089501 0.9611436 0.8055224 0.8046988 0.8030798 0.8030798 0.8030798 0.8280105 0.7957042 0.8501213 0.8280105 0.8280105 0.8140247 0.8030798
0.0298952 0.0298952 0.0400677 0.0400677 0.0902141 0.2832632 0.1490889 0.3766354 0.5241899 0.3061792 0.2621158 0.2721585 0.2931575 0.3280401 0.3532115 0.4014443 0.4024208 0.4309591 0.4724781 0.5155599 0.5363520 0.5718892 0.6101099 0.7271791 0.6804303 0.6869872 0.7477093 0.7780867 0.7736399 0.8268062 0.8268062 0.8538888 0.9120101 0.8163959 0.8538888 0.8487253 0.8365662 0.8650410 0.9013603 0.8773398 0.8712510 0.8445625 0.8318313 0.8098603 0.8098603 0.9369617 0.8296333 0.8046988 0.8903754 0.8046988 0.8268062 0.8487253 0.8206279 0.8501213 0.9079274 0.8884355 0.8046988 0.8078281
0.0304489 0.0902141 0.0507050 0.1336709 0.0430543 0.0436480 0.1588437 0.1963058 0.5025244 0.2612749 0.2729564 0.2629957 0.2816116 0.3109968 0.3513411 0.3898870 0.4901675 0.4416742 0.4525928 0.5119374 0.5344883 0.5632997 0.6122930 0.7143192 0.6700590 0.7204974 0.6975117 0.7736399 0.8078281 0.8206279 0.8725973 0.8365662 0.8838292 0.8538888 0.8516774 0.8725973 0.8605875 0.8605875 0.8725973 0.9042532 0.9066043 0.9013603 0.8111035 0.8667848 0.9079274 0.9264371 0.8824526 0.9331263 0.8930550 0.8055224 0.8163959 0.8175876 0.8184801 0.8198880 0.8802115 0.9027389 0.8930550 0.8857748
0.0309829 0.1320861 0.2499801 0.1226901 0.1165913 0.0436480 0.0847637 0.1623090 0.1859183 0.3987418 0.2621158 0.2775258 0.2768175 0.3077483 0.4033701 0.5005839 0.4544038 0.4572616 0.4762683 0.4799930 0.5213073 0.5540504 0.5817913 0.6553637 0.6776918 0.7122851 0.7081103 0.7542750 0.8122667 0.8089501 0.8422326 0.8487253 0.8812729 0.9120101 0.8650410 0.8712510 0.8838292 0.9297491 0.8758373 0.9013603 0.8915945 0.8487253 0.8122667 0.9522783 0.8746339 0.9242010 0.8078281 0.9537190 0.8884355 0.8667848 0.9236708 0.9242010 0.8526278 0.8347018 0.8347018 0.8363355 0.8365662 0.8445625
0.0896110 0.1281127 0.4263816 0.4544038 0.1802722 0.1597276 0.1320861 0.3252593 0.1929469 0.3378456 0.2645894 0.3421521 0.2775258 0.3412743 0.4608981 0.5025244 0.4454905 0.4581028 0.4863498 0.5064074 0.5421262 0.5658923 0.5798301 0.6327488 0.6953852 0.7040297 0.7780867 0.7736399 0.8605875 0.8516774 0.8098603 0.8681028 0.9097452 0.9369617 0.8725973 0.8915945 0.9398772 0.9092048 0.9254259 0.9286807 0.9013603 0.8994465 0.8565376 0.8565376 0.8790933 0.9277903 -1.0000000 0.8903754 0.8838292 0.8638973 0.8644235 0.8681028 0.8903754 0.9001478 0.8565376 0.8363355 0.8406821 0.8667848
0.0602280 0.0734378 0.2721585 0.6470828 0.5997958 0.4300987 0.4060645 0.4480857 0.2605065 0.2712702 0.2458682 0.3262292 0.3741052 0.4117085 0.4826174 0.4444702 0.4636787 0.4463720 0.5005839 0.5298066 0.5460318 0.5798301 0.6081585 0.6367754 0.6909430 0.7293193 0.7900131 0.7985714 0.8268062 0.8290409 0.8226103 0.8650410 0.9222657 0.8725973 0.9013603 0.8773398 0.9376766 0.9097452 0.9443491 0.9066043 0.9264371 0.9042532 0.9254259 0.8650410 0.9331263 0.9001478 0.8318313 0.8416600 0.8624347 0.8857748 0.8773398 0.8955515 0.8758373 0.8725973 0.8579251 0.8365662 0.8706151 0.8605875
0.0602280 0.0663884 0.1320861 0.5233810 0.4753144 0.2406336 0.2396942 0.1615006 0.2229726 0.2081906 0.2171513 0.2272202 0.3680290 0.4844112 0.4273746 0.4263816 0.4509146 0.4636787 0.5204182 0.5452486 0.5611022 0.5718892 0.6388051 0.6825677 0.6932432 0.7333886 0.8122667 0.7868282 0.7868282 0.8206279 0.8416600 0.9035146 0.9190511 0.8712510 0.8942793 0.8955515 0.9312700 0.9141142 0.9141142 0.9066043 0.9376766 0.8929949 0.8915945 0.8994465 0.8857748 0.8650410 0.8453473 0.8538888 0.8942793 0.8650410 0.9066043 0.8994465 0.8746339 0.8725973 0.8667848 0.9611436 0.9522783 0.8725973
0.0984513 0.0608214 0.0875958 0.2941541 0.3361204 0.4771058 0.3801550 0.2721585 0.1606982 0.2564808 0.1656548 0.2039905 0.3298928 0.4318900 0.4380517 0.4255783 0.4490430 0.4835627 0.5344883 0.5718892 0.5857710 0.6246473 0.7081103 0.7293193 0.6996565 0.7542750 0.7889218 0.7825685 0.8318313 0.8296333 0.8605875 0.8453473 0.8681028 0.8706151 0.8725973 0.9107299 0.9529145 0.9529145 0.9222657 0.9386172 0.9013603 0.8930550 0.9222657 0.9190511 0.8773398 0.8681028 0.8955515 0.8758373 0.8773398 0.9013603 0.8955515 0.9322001 0.9254259 0.9042532 0.9066043 0.8930550 0.8758373 0.8681028
0.0677887 0.0613770 0.0613770 0.0915160 0.1005452 0.1336709 0.1729491 0.1597276 0.1606982 0.1615006 0.1913349 0.2450032 0.3335240 0.4425184 0.4572616 0.4245718 0.4753144 0.5073978 0.5401710 0.6327488 0.6804303 0.7183131 0.7333886 0.7122851 0.7163237 0.7444481 0.7651314 0.8122667 0.9107299 0.8422326 0.8725973 0.8650410 0.8725973 0.8838292 0.8915945 0.9430745 0.9264371 0.9565181 0.9589029 0.9141142 0.9398772 0.9415517 0.9254259 0.9222657 0.8746339 0.8773398 0.9042532 0.8773398 0.8915945 0.9312700 0.9297491 0.9415517 0.9092048 0.9190511 0.9190511 0.8767033 0.8773398 0.8681028
0.1473803 0.0915160 0.0790795 0.0790795 0.0956805 0.1588437 0.1588437 0.1597276 0.1606982 0.1802722 0.3378456 0.3635982 0.4282488 0.4425184 0.4245718 0.4235992 0.5176883 0.5241899 0.5640901 0.6700590 0.6909430 0.6288648 0.7333886 0.7139014 0.7542750 0.7985714 0.7695505 0.8605875 0.9013603 0.8725973 0.8579251 0.8624347 0.8812729 0.8773398 0.8942793 0.9222657 0.9376766 0.9602589 0.9398772 0.9150476 0.9415517 0.9339078 0.9013603 0.9222657 0.8838292 0.9035146 0.8838292 0.9013603 0.9042532 0.9357483 0.9152502 0.9312700 0.9089149 0.9079274 0.9141142 0.9066043 0.8955515 0.8725973
-1.0000000 0.1387088 0.1547477 0.1623090 0.1844203 0.2580838 0.2363950 0.2188230 0.2450032 0.2737354 0.3627254 0.4182975 -1.0000000 0.4655827 0.4734513 0.5363520 -1.0000000 0.5817913 0.6660126 0.6784654 0.5957888 0.6406640 0.7630253 0.7695505 0.8122667 0.7804821 0.8725973 0.8838292 0.8268062 0.8579251 0.8416600 0.8538888 0.8605875 0.8955515 0.9222657 0.9190511 0.9254259 0.9589029 0.9264371 0.9152502 0.9152502 0.9386172 0.8955515 0.9013603 0.8915945 0.9357483 0.9107299 0.9430745 0.9376766 0.9376766 0.9222657 0.9141142 0.9089149 0.9079274 0.9078093 0.9066043 0.9254259 0.8955515
0.1369996 0.1795583 -1.0000000 0.2213616 -1.0000000 -1.0000000 0.2580838 0.2951621 0.3412743 0.3705743 0.4005956 0.3879841 0.3969964 0.4336087 0.3907494 0.4744624 0.5471504 0.6448647 0.6640604 0.5912164 0.5919166 0.6141559 0.6721014 0.7293193 0.7671252 0.7695505 0.7868282 0.8140247 0.8365662 0.8365662 0.8650410 0.8838292 0.8725973 0.9326319 0.9097452 0.9066043 0.9312700 0.9430745 0.9162234 0.9162234 0.9162234 0.9339078 0.8955515 0.8942793 0.8994465 0.9339078 0.9117557 0.9141142 0.9264371 0.9222657 0.9459615 0.9092048 0.9092048 0.9079274 0.9078093 0.9254259 0.9222657 0.9141142
0.1218699 0.1165913 0.1712852 0.2347254 0.2721585 0.2516816 0.1990957 0.2255312 0.3167915 0.3809644 0.4390097 0.3951094 0.3888887 0.3898870 0.3907494 0.4499419 0.4674813 0.5044805 0.5898976 0.6122930 0.6040618 0.6204757 0.6743157 0.7163237 0.7102566 0.7630253 0.7780867 0.7845536 0.8347018 0.8340155 0.8347018 0.8365662 0.8681028 0.9141142 0.9322001 0.9058594 0.9339078 0.9222657 0.9165034 0.9165034 0.9165034 0.9357483 0.8955515 0.8955515 0.9092048 0.9565181 0.9131333 0.9141142 0.9152502 0.9222657 0.9443491 0.9097452 0.9254259 0.9079274 0.9107299 0.9254259 0.9150476 0.9254259
0.1778876 0.1328551 0.1273625 0.1754628 0.2533174 0.2645894 0.2255312 0.2188230 0.2832632 0.3853130 0.4291200 0.3925174 0.4344695 0.4581028 0.4444702 0.4390097 0.4617876 0.4873046 0.5081707 0.5898976 0.5957888 0.6269295 0.6596307 0.7062212 0.7333886 0.7780867 0.7736399 0.7736399 0.8318313 0.8318313 0.8516774 0.8487253 0.8605875 0.8955515 0.9190511 0.9054670 0.9107299 0.9222657 0.9176956 0.9175932 0.9176956 0.9322001 0.9042532 0.9339078 0.9602589 0.9565181 0.9190511 0.9452460 0.9165034 0.9190511 0.9141142 0.9107299 0.9092048 0.9322001 0.9092048 0.9297491 0.9322001 0.9543793
0.1395375 0.2229726 0.1844203 0.1572123 0.2422937 0.3101825 -1.0000000 0.3539414 0.3298928 0.3652976 0.3662686 0.3671780 0.3680290 0.3863243 0.4217944 0.4425184 0.4282488 0.4300987 0.4808991 0.5479496 0.5898976 0.6388051 0.6470828 0.7062212 0.7240877 0.7379044 0.7717994 0.7845536 0.8184801 0.8758373 0.8773398 0.8313638 0.8624347 0.8725973 0.9066043 0.9042532 0.9066043 0.9339078 0.9190511 0.9190511 0.9190511 0.9312700 0.9165034 0.9398772 0.9747127 0.9430745 0.9264371 0.9242010 0.9286807 0.9152502 0.9339078 0.9242010 0.9222657 0.9430745 0.9508097 0.9697509 0.9747127 0.9757932
0.1547477 0.1720977 0.2564808 0.1844203 0.1597276 0.2588733 0.3207845 0.3879841 0.4472156 0.3775113 0.3662686 0.3671780 0.3723965 0.3916602 0.4173719 0.4273746 0.4416742 0.4655827 0.4911234 0.5383277 0.5718892 0.6204757 0.6225928 0.6348019 0.7102566 0.7102566 0.7122851 0.7542750 0.7825685 0.8365662 0.8296333 0.8624347 0.8487253 0.8942793 0.8994465 0.9042532 0.9042532 0.9286807 0.9222657 0.9213112 0.9190511 0.9165034 0.9165034 0.9376766 0.9785716 0.9339078 0.9297491 0.9357483 0.9286807 0.9264371 0.9508097 0.9376766 0.9398772 0.9165034 0.9264371 0.9222657 0.9357483 0.9398772
0.2339026 0.1555936 0.1572123 0.2612749 0.2508351 0.2686368 0.2596403 0.3271103 0.4416742 0.4646606 0.4273746 0.4544038 0.3898870 0.4646606 0.4655827 0.4499419 0.4454905 0.4608981 0.4931249 0.5344883 0.5750819 0.6122930 0.6141559 0.6269295 0.6616752 0.6909430 0.6909430 0.7630253 0.7452729 0.7900131 0.8247793 0.8347018 0.8422326 0.8773398 0.9066043 0.8955515 0.9141142 0.9190511 0.9286807 0.9254259 0.9242010 0.9297491 0.9141142 0.9107299 0.9631336 0.9616860 0.9297491 0.9190511 0.9141142 0.9415517 0.9616860 0.9357483 0.9376766 0.9141142 0.9222657 0.9150476 0.9190511 0.8955515
0.2321834 0.1867524 0.1588437 0.2179650 0.1913349 0.3199029 0.2660515 0.3093122 0.3592582 0.3715552 0.4799930 0.4931249 0.4986479 0.4724781 0.4425184 0.4235992 0.4398512 0.4636787 0.5044805 0.5064074 0.5241899 0.5817913 0.5857710 0.6101099 0.6162553 0.6513776 0.6721014 0.7033337 0.7542750 0.7736399 0.7985714 0.8318313 0.8184801 0.8538888 0.8773398 0.9013603 0.8955515 0.9107299 0.9141142 0.9222657 0.9013603 0.9092048 0.8955515 0.8915945 0.9395161 0.9764727 0.9415517 0.9190511 0.9107299 0.9395161 0.9443491 0.9297491 0.9222657 0.9107299 0.9141142 0.9312700 0.9339078 0.9222657
0.2483372 0.2074115 0.1705301 0.1778876 0.2355721 0.2677355 0.2645894 0.2816116 0.3458386 0.3888887 0.4734513 0.4042825 0.4416742 0.3934492 0.4097627 0.4200414 0.4463720 0.4380517 0.4674813 0.5130260 0.5176883 0.5149477 0.5658923 0.5651723 0.6406640 0.6388051 0.6743157 0.6763772 0.7293193 0.7333886 0.7452729 0.7868282 0.8163959 0.8268062 0.8650410 0.8838292 0.8915945 0.8838292 0.8838292 0.9013603 0.8955515 0.8915945 0.8874124 0.8880959 0.9242010 0.9764727 0.9222657 0.9097452 0.9097452 0.9286807 0.9459615 0.9357483 0.9001478 0.9097452 0.9190511 0.9097452 0.8758373 0.8605875
0.1802722 0.2968883 0.2422937 0.2255312 0.2440721 0.2588733 0.2968883 0.3053648 0.3475893 0.3644233 0.4060645 0.4042825 0.4033701 0.3925174 0.4005956 0.4245718 0.4145943 0.4309591 0.4137502 0.4435573 0.4685162 0.4598969 0.5037850 0.5344883 0.5957888 0.6101099 0.6721014 0.6553637 0.7204974 0.7040297 0.7717994 0.7500482 0.8122667 0.8122667 0.8516774 0.8773398 0.8824526 0.8837095 0.8838292 0.8857748 0.8857748 0.8869976 0.8874124 0.8880959 0.9042532 0.9716419 0.9264371 0.9107299 0.9092048 0.9141142 0.9443491 0.9190511 0.9066043 0.8994465 0.8942793 0.8650410 0.8318313 0.8030798
0.2023031 0.2612749 0.3045014 0.3290671 0.2903734 0.2850461 0.3387766 0.3513411 0.3898870 0.4051126 0.4192359 0.4390097 0.4363213 0.4263816 0.3916602 0.4282488 0.3969964 0.3863243 0.3809644 0.4005956 0.4353356 0.4525928 0.4572616 0.5064074 0.5195667 0.5838726 0.6288648 0.6596307 0.6825677 0.7183131 0.7452729 0.7471629 0.7477093 0.7825685 0.8030798 0.8453473 0.9222657 0.9066043 0.9286807 0.8852697 0.8857748 0.8869976 0.8874124 0.8880959 0.8884355 0.9631336 0.8915945 0.9042532 0.9254259 0.9097452 0.9066043 0.8915945 0.8773398 0.8725973 0.8422326 0.8487253 0.7736399 0.7542750
0.2458682 0.2677355 0.2859544 0.3575562 0.3513411 0.3783552 0.3705743 0.4127935 0.4227738 0.4336087 0.4255783 0.3827209 0.3942918 0.4051126 0.3504537 0.3705743 0.3567246 0.3352057 0.3326265 0.3522602 0.3532115 0.3809644 0.4782026 0.5025244 0.5064074 0.5540504 0.6185818 0.6428720 0.7183131 0.7379044 0.7564898 0.7477093 0.7477093 0.7671252 0.7889218 0.8318313 0.9165034 0.8869976 0.8857748 0.8857748 0.8857748 0.8869976 0.8874124 0.8880959 0.8884355 0.9616860 0.9222657 0.8838292 0.9013603 0.8773398 0.8725973 0.8838292 0.8605875 0.8712510 0.7944548 0.7717994 0.7564898 0.7409511
0.3326265 0.3199029 0.3617773 0.3662686 0.3871112 0.3827209 0.3942918 0.4235992 0.4227738 0.4263816 0.3819042 0.3522602 0.3369929 0.3280401 0.2931575 0.2792145 0.2894803 0.2868208 0.2877172 0.4097627 0.5857710 0.5817913 0.6869872 0.6406640 0.5817913 0.5573326 0.5817913 0.6367754 0.6804303 0.7564898 0.8422326 0.7584285 0.7490027 0.7542750 0.7921600 0.8296333 0.9297491 0.8869976 0.8869976 0.8869976 0.8869976 0.8869976 0.8874124 0.8880959 0.8884355 0.9508097 0.9398772 0.8268062 0.8422326 0.8712510 0.8725973 0.8773398 0.8453473 0.8365662 0.7889218 0.7204974 0.7409511 0.7379044
0.3698000 0.3879841 0.3907494 0.4051126 0.4309591 0.4117085 0.4235992 0.4371465 0.4435573 0.4108216 0.3513411 0.3539414 0.3127040 0.3020310 0.2784212 0.2784212 0.2859544 0.2868208 0.3421521 0.4589795 0.6660126 0.6847600 0.7183131 0.7249407 0.6178272 0.4931249 0.5326165 0.5540504 0.6308458 0.6869872 0.7204974 0.8296333 0.8122667 0.8605875 0.9165034 0.9190511 0.9430745 0.9415517 0.8874124 0.8874124 0.8874124 0.8874124 0.8874124 0.8880959 0.8884355 0.9443491 0.9490944 0.8004740 0.8078281 0.8650410 0.8758373 0.8538888 0.8445625 0.7985714 0.7409511 0.6996565 0.6909430 0.6784654
0.3791919 0.3987418 0.4454905 0.4589795 0.4608981 0.4454905 0.4309591 0.4589795 0.4353356 0.4137502 0.3907494 0.3421521 0.3234785 0.2775258 0.2775258 0.2784212 0.4782026 0.4535339 0.4554359 0.5363520 0.5581205 0.6060807 0.6721014 0.7143192 0.5957888 0.4882889 0.4941339 0.5879911 0.6225928 0.6406640 0.6596307 0.7081103 0.8487253 0.8605875 0.8955515 0.9565181 0.9490944 0.9565181 0.9529145 0.9483965 0.8880959 0.8880959 0.8880959 0.8880959 0.8884355 0.9430745 0.9681512 0.7985714 0.8078281 0.8538888 0.8725973 0.8605875 0.8422326 0.7695505 0.7122851 0.6825677 0.6932432 0.6660126
0.3888887 0.4192359 0.4617876 0.4853947 0.4967577 0.4882889 0.4901675 0.4714949 0.4282488 0.3689733 0.3167915 0.3036414 0.2768175 0.2768175 0.2775258 0.3127040 0.5758247 0.6820726 0.6470828 0.5853643 0.5137579 0.5499613 0.6199068 0.6700590 0.5736834 0.5520082 0.4873046 0.5383277 0.6162553 0.6406640 0.6492543 0.6743157 0.7736399 0.7520591 0.7845536 0.8318313 0.8538888 0.9107299 0.9670188 0.9857145 0.9190511 0.8884355 0.8884355 0.8884355 0.8884355 0.9430745 0.9670188 0.7921600 0.7868282 0.7630253 0.7736399 0.8773398 0.8445625 0.7293193 0.6869872 0.6660126 0.6616752 0.6616752
