trunk/projects/spp-inf/Zonation runs/Test data/Output/out_missingSp7.wrscr.asc
ncols        649
nrows        555
xllcorner    294205.000000000000
yllcorner    6283604.599999999600
cellsize     0.200000000000
NODATA_value     -1
[rows 312 to 337 of 555, columns 290 to 347 of 649]
-1.0000000 -1.0000000 0.0000497 0.0000486 -1.0000000 0.0000484 0.0000462 0.0000371 0.0000416 0.0000380 0.0000471 0.0000502 0.0000522 0.0000541 0.0000551 0.0000539 0.0000538 0.0000494 0.0000402 0.0000392 0.0000449 0.0000462 -1.0000000 0.0000450 0.0000463 0.0000440 0.0000444 -1.0000000 0.0000511 0.0000568 0.0000586 0.0000614 0.0000645 0.0000675 0.0000707 0.0000740 0.0000765 0.0000773 0.0000787 0.0000777 0.0000743 0.0000727 0.0000732 -1.0000000 -1.0000000 -1.0000000 -1.0000000 -1.0000000 -1.0000000 0.0000767 0.0000767 0.0000776 -1.0000000 -1.0000000 -1.0000000 -1.0000000 -1.0000000 -1.0000000
-1.0000000 0.0000516 0.0000497 0.0000488 0.0000465 0.0000474 0.0000486 0.0000384 0.0000393 0.0000427 0.0000507 0.0000521 -1.0000000 -1.0000000 0.0000541 0.0000536 0.0000545 0.0000562 0.0000448 0.0000440 0.0000489 0.0000463 -1.0000000 0.0000453 0.0000460 0.0000445 0.0000450 0.0000469 0.0000510 0.0000541 0.0000590 0.0000618 0.0000648 0.0000679 0.0000709 0.0000743 0.0000769 0.0000773 0.0000788 0.0000769 0.0000776 0.0000767 0.0000756 0.0000723 0.0000754 0.0000761 0.0000783 -1.0000000 0.0000769 0.0000747 0.0000772 -1.0000000 -1.0000000 -1.0000000 -1.0000000 -1.0000000 -1.0000000 -1.0000000
0.0000576 0.0000543 0.0000509 0.0000496 0.0000494 0.0000495 0.0000500 0.0000400 0.0000392 0.0000502 0.0000534 0.0000537 0.0000524 0.0000525 0.0000536 0.0000529 0.0000549 0.0000574 0.0000439 0.0000477 0.0000494 0.0000436 0.0000468 0.0000461 0.0000442 0.0000448 0.0000456 0.0000469 0.0000491 0.0000538 0.0000590 0.0000624 0.0000651 0.0000683 0.0000711 0.0000751 0.0000770 0.0000773 0.0000760 0.0000738 0.0000719 0.0000754 0.0000696 0.0000690 0.0000709 0.0000707 0.0000711 -1.0000000 0.0000760 0.0000702 0.0000718 -1.0000000 -1.0000000 -1.0000000 -1.0000000 -1.0000000 -1.0000000 -1.0000000
0.0000585 0.0000549 0.0000517 0.0000508 0.0000522 0.0000521 0.0000463 0.0000373 0.0000430 0.0000554 0.0000548 0.0000549 0.0000510 0.0000518 0.0000552 0.0000522 0.0000559 0.0000617 0.0000477 0.0000407 0.0000480 0.0000488 0.0000481 0.0000463 0.0000439 0.0000444 0.0000441 0.0000442 0.0000477 0.0000553 0.0000592 0.0000630 0.0000658 0.0000696 0.0000710 0.0000759 0.0000762 0.0000777 0.0000758 0.0000728 0.0000721 0.0000731 0.0000686 0.0000702 0.0000700 0.0000704 0.0000709 -1.0000000 0.0000731 0.0000742 -1.0000000 -1.0000000 -1.0000000 -1.0000000 -1.0000000 -1.0000000 -1.0000000 -1.0000000
-1.0000000 0.0000572 0.0000535 0.0000529 0.0000555 0.0000553 0.0000527 0.0000403 0.0000512 0.0000578 0.0000563 0.0000553 0.0000556 0.0000528 0.0000578 0.0000587 0.0000549 0.0000600 0.0000491 0.0000333 0.0000459 0.0000506 0.0000479 0.0000439 0.0000398 0.0000426 0.0000437 0.0000458 0.0000515 0.0000569 0.0000604 0.0000631 0.0000666 0.0000701 0.0000720 0.0000768 0.0000782 0.0000778 0.0000757 0.0000738 0.0000730 0.0000702 -1.0000000 0.0000691 0.0000694 0.0000701 0.0000692 0.0000678 0.0000720 0.0000747 -1.0000000 -1.0000000 -1.0000000 -1.0000000 -1.0000000 -1.0000000 -1.0000000 -1.0000000
-1.0000000 0.0000588 0.0000511 0.0000549 0.0000570 0.0000574 0.0000613 0.0000456 0.0000571 0.0000603 0.0000600 0.0000586 0.0000607 0.0000589 0.0000585 0.0000551 0.0000460 0.0000461 0.0000432 0.0000390 0.0000458 0.0000438 0.0000373 0.0000372 0.0000416 0.0000450 0.0000449 0.0000498 0.0000527 0.0000576 0.0000614 0.0000633 0.0000662 0.0000697 0.0000750 0.0000780 0.0000791 0.0000786 0.0000758 0.0000727 0.0000712 0.0000698 0.0000711 0.0000706 0.0000702 0.0000692 0.0000694 0.0000683 0.0000727 0.0000757 -1.0000000 -1.0000000 -1.0000000 -1.0000000 -1.0000000 -1.0000000 -1.0000000 -1.0000000
-1.0000000 -1.0000000 0.0000547 0.0000540 0.0000592 0.0000587 0.0000626 0.0000511 0.0000564 0.0000595 0.0000643 0.0000580 0.0000567 0.0000472 0.0000481 0.0000483 0.0000497 0.0000503 0.0000450 0.0000477 0.0000512 0.0000464 0.0000392 0.0000374 0.0000422 0.0000431 0.0000444 0.0000484 0.0000528 0.0000566 0.0000605 0.0000625 0.0000675 0.0000724 0.0000761 0.0000793 0.0000803 0.0000791 0.0000770 0.0000742 0.0000723 0.0000716 0.0000718 0.0000721 0.0000718 0.0000728 0.0000744 0.0000742 0.0000747 0.0000750 -1.0000000 0.0000793 -1.0000000 -1.0000000 -1.0000000 0.0000844 -1.0000000 0.0000870
0.0000609 -1.0000000 0.0000600 0.0000474 0.0000593 0.0000622 0.0000640 0.0000632 0.0000517 0.0000501 0.0000526 0.0000494 0.0000503 0.0000511 0.0000551 0.0000594 0.0000570 0.0000566 0.0000509 0.0000455 0.0000512 0.0000514 0.0000476 0.0000452 0.0000431 0.0000414 0.0000447 0.0000485 0.0000542 0.0000601 0.0000635 0.0000659 0.0000681 0.0000734 0.0000774 0.0000805 0.0000813 0.0000794 0.0000777 0.0000759 0.0000743 0.0000731 0.0000734 0.0000748 0.0000766 0.0000760 0.0000701 0.0000729 0.0000741 0.0000741 0.0000770 -1.0000000 -1.0000000 -1.0000000 -1.0000000 0.0000839 0.0000851 0.0000872
0.0000607 0.0000615 0.0000653 0.0000525 0.0000585 0.0000658 0.0000652 0.0000657 0.0000542 0.0000513 0.0000501 0.0000655 0.0000657 0.0000648 0.0000587 0.0000599 0.0000564 0.0000559 0.0000507 0.0000474 0.0000453 0.0000484 0.0000480 0.0000475 0.0000469 0.0000460 0.0000457 0.0000535 -1.0000000 0.0000614 0.0000645 0.0000684 0.0000716 0.0000759 0.0000785 0.0000813 0.0000812 0.0000797 0.0000780 0.0000765 0.0000756 0.0000747 0.0000740 0.0000732 0.0000720 0.0000706 0.0000703 0.0000723 0.0000718 0.0000743 0.0000799 0.0000805 -1.0000000 -1.0000000 0.0000814 0.0000826 -1.0000000 -1.0000000
0.0000610 0.0000631 0.0000645 0.0000575 0.0000572 0.0000657 0.0000638 0.0000610 0.0000656 0.0000665 0.0000596 0.0000647 0.0000635 0.0000617 0.0000591 0.0000581 0.0000567 0.0000545 0.0000536 0.0000513 0.0000475 0.0000442 0.0000479 0.0000492 0.0000495 0.0000498 0.0000512 0.0000547 0.0000595 0.0000632 0.0000661 0.0000699 0.0000733 0.0000775 0.0000801 0.0000822 0.0000813 0.0000801 0.0000785 0.0000774 0.0000766 0.0000754 0.0000749 0.0000749 0.0000721 0.0000698 0.0000749 0.0000750 0.0000765 0.0000789 0.0000804 0.0000811 -1.0000000 -1.0000000 0.0000824 0.0000817 -1.0000000 -1.0000000
0.0000620 0.0000659 0.0000662 0.0000639 0.0000539 0.0000528 0.0000492 0.0000609 0.0000672 0.0000653 0.0000629 0.0000581 0.0000573 0.0000592 0.0000596 0.0000582 0.0000564 0.0000547 0.0000537 0.0000521 0.0000496 0.0000458 0.0000484 0.0000507 0.0000512 0.0000522 0.0000555 0.0000596 0.0000618 0.0000659 0.0000677 0.0000722 0.0000763 0.0000789 -1.0000000 0.0000819 0.0000816 0.0000797 0.0000783 0.0000770 0.0000764 0.0000756 0.0000745 0.0000740 0.0000715 0.0000727 0.0000762 0.0000766 0.0000768 -1.0000000 -1.0000000 -1.0000000 -1.0000000 -1.0000000 0.0000805 -1.0000000 0.0000807 0.0000852
0.0000568 0.0000660 0.0000681 0.0000658 0.0000528 0.0000492 0.0000505 0.0000606 0.0000655 0.0000604 0.0000614 0.0000603 0.0000598 0.0000599 0.0000593 0.0000580 0.0000570 0.0000551 0.0000542 0.0000529 0.0000515 0.0000511 0.0000519 0.0000529 0.0000547 0.0000566 0.0000579 -1.0000000 -1.0000000 -1.0000000 -1.0000000 -1.0000000 0.0000775 -1.0000000 0.0000814 0.0000831 0.0000811 0.0000798 0.0000783 0.0000794 0.0000787 0.0000793 0.0000764 0.0000746 0.0000713 0.0000745 0.0000768 0.0000778 0.0000789 -1.0000000 -1.0000000 0.0000831 -1.0000000 -1.0000000 0.0000786 0.0000796 0.0000833 -1.0000000
0.0000542 0.0000622 0.0000660 0.0000621 0.0000565 0.0000636 0.0000633 0.0000537 0.0000593 0.0000605 0.0000593 0.0000602 0.0000599 0.0000594 0.0000585 0.0000571 0.0000557 0.0000558 0.0000551 0.0000536 0.0000524 0.0000527 0.0000539 0.0000555 0.0000575 0.0000590 0.0000600 0.0000641 -1.0000000 0.0000666 0.0000714 0.0000740 0.0000771 -1.0000000 0.0000825 -1.0000000 -1.0000000 0.0000817 0.0000820 0.0000825 0.0000804 0.0000807 0.0000811 0.0000794 0.0000780 0.0000772 0.0000774 0.0000783 0.0000776 0.0000822 -1.0000000 0.0000835 0.0000840 0.0000842 0.0000816 0.0000804 0.0000829 -1.0000000
0.0000580 0.0000585 0.0000603 0.0000601 0.0000608 0.0000650 0.0000675 0.0000610 0.0000564 0.0000617 0.0000607 0.0000595 0.0000587 0.0000575 0.0000565 0.0000546 0.0000560 0.0000545 0.0000532 0.0000530 0.0000524 0.0000535 0.0000548 0.0000567 0.0000583 0.0000594 0.0000618 0.0000643 -1.0000000 -1.0000000 0.0000729 0.0000755 -1.0000000 -1.0000000 0.0000827 0.0000819 0.0000818 0.0000821 0.0000836 0.0000783 0.0000785 0.0000797 0.0000786 0.0000795 0.0000800 0.0000794 0.0000789 0.0000779 0.0000764 0.0000805 -1.0000000 -1.0000000 0.0000840 0.0000822 0.0000800 0.0000809 0.0000855 -1.0000000
0.0000646 0.0000636 0.0000541 0.0000612 0.0000670 0.0000680 0.0000650 0.0000664 0.0000641 0.0000619 0.0000612 0.0000582 0.0000569 0.0000515 0.0000477 0.0000462 0.0000483 0.0000523 0.0000516 -1.0000000 0.0000529 0.0000542 0.0000559 0.0000582 0.0000600 0.0000622 0.0000649 -1.0000000 0.0000689 0.0000706 0.0000750 0.0000780 0.0000802 0.0000827 -1.0000000 0.0000823 0.0000821 0.0000828 0.0000812 0.0000795 0.0000793 0.0000792 0.0000784 0.0000778 0.0000822 0.0000809 0.0000793 0.0000777 0.0000783 0.0000846 -1.0000000 -1.0000000 0.0000852 0.0000824 0.0000809 0.0000827 0.0000854 -1.0000000
0.0000708 0.0000680 0.0000580 0.0000595 0.0000662 0.0000681 0.0000662 0.0000650 0.0000627 0.0000629 0.0000617 0.0000566 0.0000506 0.0000478 0.0000506 0.0000514 0.0000509 0.0000525 0.0000532 0.0000535 0.0000543 0.0000555 0.0000583 0.0000604 -1.0000000 0.0000644 0.0000670 0.0000693 0.0000704 -1.0000000 -1.0000000 0.0000793 0.0000815 0.0000823 0.0000831 0.0000830 0.0000840 0.0000836 0.0000824 0.0000804 0.0000800 0.0000799 0.0000797 0.0000790 0.0000838 0.0000786 0.0000787 0.0000796 0.0000804 0.0000807 0.0000856 -1.0000000 0.0000865 0.0000835 0.0000815 0.0000827 -1.0000000 -1.0000000
0.0000688 0.0000659 0.0000567 0.0000506 0.0000606 0.0000649 0.0000662 0.0000663 0.0000645 0.0000662 0.0000625 0.0000543 0.0000536 0.0000520 0.0000520 0.0000530 0.0000523 0.0000532 0.0000537 0.0000546 0.0000561 0.0000577 0.0000604 0.0000626 -1.0000000 -1.0000000 -1.0000000 0.0000720 -1.0000000 -1.0000000 -1.0000000 0.0000812 0.0000821 0.0000828 0.0000844 0.0000841 0.0000833 0.0000833 0.0000815 -1.0000000 -1.0000000 -1.0000000 0.0000810 0.0000805 0.0000815 0.0000800 0.0000809 0.0000812 0.0000808 0.0000834 0.0000867 0.0000873 0.0000857 0.0000830 0.0000824 0.0000831 -1.0000000 -1.0000000
0.0000647 0.0000596 0.0000628 0.0000598 0.0000564 0.0000643 0.0000664 0.0000654 0.0000578 0.0000546 0.0000504 0.0000519 0.0000564 0.0000542 0.0000532 0.0000530 0.0000521 0.0000519 0.0000543 0.0000547 -1.0000000 -1.0000000 -1.0000000 0.0000642 0.0000684 0.0000692 0.0000706 -1.0000000 -1.0000000 -1.0000000 -1.0000000 0.0000817 0.0000822 0.0000826 0.0000827 0.0000825 0.0000825 0.0000826 -1.0000000 -1.0000000 -1.0000000 -1.0000000 0.0000810 0.0000813 0.0000812 0.0000819 0.0000820 0.0000822 0.0000823 0.0000822 -1.0000000 -1.0000000 -1.0000000 -1.0000000 0.0000834 0.0000842 0.0000850 0.0000843
0.0000636 0.0000562 0.0000647 0.0000665 0.0000615 0.0000594 0.0000602 0.0000552 0.0000557 0.0000643 0.0000580 0.0000497 0.0000490 0.0000491 0.0000518 -1.0000000 0.0000537 0.0000549 -1.0000000 0.0000574 -1.0000000 0.0000613 -1.0000000 0.0000657 0.0000679 0.0000696 -1.0000000 -1.0000000 -1.0000000 0.0000793 0.0000807 0.0000813 0.0000816 0.0000817 0.0000823 -1.0000000 -1.0000000 -1.0000000 0.0000820 0.0000810 0.0000805 0.0000801 0.0000798 0.0000808 0.0000818 0.0000828 0.0000831 0.0000828 0.0000825 -1.0000000 -1.0000000 -1.0000000 -1.0000000 -1.0000000 -1.0000000 0.0000853 0.0000853 0.0000844
0.0000629 0.0000625 0.0000655 0.0000676 0.0000638 0.0000648 0.0000665 0.0000605 0.0000560 0.0000608 0.0000627 0.0000590 0.0000556 0.0000513 0.0000526 -1.0000000 -1.0000000 0.0000587 0.0000597 -1.0000000 0.0000627 -1.0000000 -1.0000000 0.0000656 0.0000677 -1.0000000 -1.0000000 -1.0000000 0.0000774 0.0000789 0.0000802 0.0000800 0.0000790 -1.0000000 -1.0000000 0.0000808 0.0000821 0.0000817 -1.0000000 0.0000810 0.0000804 0.0000800 0.0000799 0.0000810 -1.0000000 0.0000833 0.0000833 0.0000837 -1.0000000 -1.0000000 -1.0000000 -1.0000000 -1.0000000 -1.0000000 -1.0000000 -1.0000000 0.0000854 0.0000846
0.0000619 0.0000651 0.0000681 0.0000699 0.0000669 0.0000689 0.0000696 0.0000665 0.0000603 0.0000530 0.0000591 0.0000577 0.0000556 0.0000548 0.0000549 0.0000567 0.0000580 0.0000598 -1.0000000 -1.0000000 -1.0000000 0.0000645 0.0000662 0.0000669 -1.0000000 0.0000700 0.0000719 0.0000748 -1.0000000 -1.0000000 0.0000769 -1.0000000 -1.0000000 -1.0000000 -1.0000000 0.0000789 0.0000813 0.0000819 0.0000809 -1.0000000 0.0000800 0.0000798 0.0000804 0.0000809 0.0000832 0.0000839 0.0000835 -1.0000000 0.0000851 -1.0000000 -1.0000000 -1.0000000 -1.0000000 -1.0000000 -1.0000000 -1.0000000 0.0000858 0.0000856
0.0000661 0.0000645 0.0000636 0.0000669 0.0000685 0.0000700 0.0000692 -1.0000000 0.0000671 0.0000601 0.0000510 0.0000467 0.0000495 0.0000508 0.0000546 0.0000548 0.0000562 0.0000560 0.0000584 0.0000605 0.0000611 0.0000649 0.0000653 0.0000662 -1.0000000 0.0000693 -1.0000000 -1.0000000 -1.0000000 -1.0000000 0.0000717 0.0000720 0.0000710 0.0000724 0.0000745 0.0000766 0.0000791 0.0000793 0.0000810 0.0000803 0.0000799 0.0000804 0.0000811 0.0000824 0.0000846 0.0000851 0.0000849 0.0000854 0.0000859 -1.0000000 -1.0000000 -1.0000000 -1.0000000 -1.0000000 0.0000856 0.0000858 0.0000860 0.0000859
0.0000638 0.0000654 0.0000652 0.0000692 0.0000656 0.0000649 0.0000655 0.0000632 0.0000637 0.0000622 0.0000598 0.0000508 -1.0000000 0.0000550 0.0000544 0.0000537 0.0000504 0.0000507 -1.0000000 -1.0000000 0.0000580 0.0000630 0.0000644 0.0000661 0.0000673 0.0000685 -1.0000000 -1.0000000 -1.0000000 0.0000689 0.0000702 0.0000695 0.0000686 0.0000708 0.0000721 -1.0000000 -1.0000000 -1.0000000 0.0000802 0.0000804 0.0000807 0.0000809 0.0000817 0.0000828 0.0000846 0.0000859 0.0000861 0.0000860 0.0000864 -1.0000000 -1.0000000 -1.0000000 -1.0000000 -1.0000000 0.0000855 -1.0000000 0.0000860 0.0000854
0.0000641 0.0000691 0.0000690 0.0000671 0.0000635 0.0000677 0.0000643 0.0000638 0.0000627 0.0000591 0.0000578 0.0000563 -1.0000000 0.0000540 0.0000518 0.0000489 0.0000468 0.0000488 -1.0000000 0.0000572 0.0000574 0.0000598 0.0000639 0.0000647 0.0000659 0.0000658 -1.0000000 -1.0000000 0.0000691 0.0000682 -1.0000000 0.0000677 0.0000673 -1.0000000 -1.0000000 0.0000729 0.0000754 0.0000770 -1.0000000 0.0000800 0.0000809 0.0000814 0.0000814 0.0000824 0.0000844 -1.0000000 -1.0000000 0.0000862 0.0000862 -1.0000000 -1.0000000 -1.0000000 -1.0000000 -1.0000000 -1.0000000 -1.0000000 0.0000850 0.0000845
0.0000583 0.0000664 0.0000658 0.0000618 0.0000645 0.0000677 0.0000603 0.0000567 0.0000513 0.0000561 0.0000567 0.0000545 0.0000524 0.0000501 0.0000474 0.0000434 0.0000452 0.0000483 -1.0000000 0.0000598 0.0000609 0.0000618 0.0000624 -1.0000000 -1.0000000 -1.0000000 -1.0000000 -1.0000000 -1.0000000 -1.0000000 0.0000659 0.0000672 0.0000680 -1.0000000 -1.0000000 0.0000724 0.0000740 0.0000748 0.0000749 -1.0000000 0.0000807 0.0000816 -1.0000000 -1.0000000 -1.0000000 -1.0000000 -1.0000000 -1.0000000 -1.0000000 -1.0000000 -1.0000000 -1.0000000 -1.0000000 -1.0000000 -1.0000000 0.0000846 0.0000844 0.0000840
0.0000652 0.0000565 0.0000538 0.0000590 0.0000639 0.0000594 0.0000534 0.0000516 0.0000506 0.0000488 0.0000467 0.0000455 0.0000443 0.0000425 0.0000435 0.0000447 0.0000476 0.0000506 0.0000552 0.0000609 0.0000617 0.0000625 -1.0000000 -1.0000000 0.0000632 0.0000642 0.0000650 0.0000652 -1.0000000 -1.0000000 -1.0000000 0.0000633 0.0000663 0.0000689 -1.0000000 -1.0000000 -1.0000000 0.0000728 0.0000728 0.0000746 -1.0000000 -1.0000000 -1.0000000 -1.0000000 -1.0000000 -1.0000000 -1.0000000 -1.0000000 -1.0000000 -1.0000000 -1.0000000 -1.0000000 0.0000856 0.0000852 0.0000848 0.0000851 0.0000846 0.0000836
