trunk/projects/spp-inf/Zonation runs/Test data/Output/out_missingSp3.prop.asc
ncols        649
nrows        555
xllcorner    294205.000000000000
yllcorner    6283604.599999999600
cellsize     0.200000000000
NODATA_value     -1
[rows 104 to 129 of 555, columns 464 to 521 of 649]
-1.0000000 -1.0000000 -1.0000000 -1.0000000 -1.0000000 -1.0000000 -1.0000000 -1.0000000 0.5915313 0.5207783 0.4161775 0.4219083 0.4561024 0.5031009 0.5408186 0.5408186 0.5147063 0.4569972 0.4209911 0.3970234 0.3979832 0.4086105 0.4930916 -1.0000000 0.5999026 0.6928079 0.7615889 0.7350624 0.8232921 0.8325775 0.8467973 0.8391108 0.8083531 0.8131808 0.7350624 0.8131808 0.8853050 0.8853050 -1.0000000 -1.0000000 -1.0000000 -1.0000000 -1.0000000 -1.0000000 -1.0000000 -1.0000000 0.7615889 -1.0000000 -1.0000000 0.6504990 0.6231095 0.6419811 0.6126907 -1.0000000 -1.0000000 -1.0000000 -1.0000000 -1.0000000
0.7086833 0.8043022 0.8232921 0.8716633 0.8853050 0.8354802 0.6870861 0.5569907 0.4699081 0.4267079 0.3691781 0.3684186 0.4028422 0.4075975 0.4123203 0.4039192 0.4039192 0.3632150 0.3623462 0.3615294 0.3606711 0.3597291 0.3588343 0.4018418 0.4441220 0.4794559 -1.0000000 0.5957566 0.7306330 0.6961969 0.7234119 0.6484041 0.6419811 0.6294342 0.6126907 0.7086833 -1.0000000 -1.0000000 -1.0000000 -1.0000000 -1.0000000 -1.0000000 -1.0000000 -1.0000000 0.7637641 0.7435198 0.7390457 0.6691470 0.6764973 0.6484041 0.6020912 0.6336813 0.6526824 -1.0000000 -1.0000000 -1.0000000 -1.0000000 -1.0000000
0.6484041 0.7005315 0.7328208 0.8354802 0.8391108 0.7117215 0.5590755 0.4190498 0.3781888 0.3700588 0.3691781 0.3684186 0.3675284 0.3666569 0.3657249 0.3648891 0.3640022 0.3632150 0.3623462 0.3615294 0.3606711 0.3597291 0.3597291 0.3597291 0.4058343 0.3960199 0.4403282 0.4991003 0.6170074 0.5894762 0.5999026 0.5652720 0.5569907 0.5329375 0.5632930 0.6098892 0.5915313 -1.0000000 0.6546944 0.6546944 -1.0000000 -1.0000000 0.7997068 0.7785600 0.6961969 0.6792846 0.6526824 0.6589868 0.6638455 0.6546944 -1.0000000 -1.0000000 -1.0000000 -1.0000000 -1.0000000 -1.0000000 -1.0000000 -1.0000000
0.5268805 0.5632930 0.6086732 0.7022974 0.7742292 0.6546944 0.4746655 0.3718022 0.3709455 0.3700588 0.3691781 0.3684186 0.3675284 0.3666569 0.3657249 0.3648891 0.3640022 0.3632150 0.3623462 0.3615294 0.3606711 0.3606711 0.3606711 0.3606711 0.4058343 0.3970234 0.3970234 0.4143376 0.4153376 0.4459071 0.4718332 0.4659154 0.4764988 0.4776059 0.4893429 0.5187824 0.5367200 0.5107906 0.5733804 0.6106254 0.6981384 0.7742292 0.7935355 0.6961969 0.6294342 0.5999026 0.5915313 0.6098892 -1.0000000 -1.0000000 -1.0000000 -1.0000000 -1.0000000 -1.0000000 -1.0000000 -1.0000000 -1.0000000 -1.0000000
0.4521920 0.4822267 0.5550283 0.6504990 0.7068505 0.6020912 0.4274772 0.3718022 0.3709455 0.3700588 0.3691781 0.3684186 0.3675284 0.3666569 0.3657249 0.3648891 0.3640022 0.3632150 0.3623462 0.3615294 0.3615294 0.3615294 0.3623462 0.4343098 0.5050429 0.4776059 0.4541929 0.4247212 0.4153376 0.4312590 0.4421469 0.4667531 0.4930916 0.4776059 0.4782928 0.4794559 0.4802390 0.4813241 0.5228324 0.5673882 -1.0000000 -1.0000000 0.7234119 0.6336813 0.5611610 0.5249442 0.5429485 -1.0000000 -1.0000000 -1.0000000 -1.0000000 -1.0000000 -1.0000000 0.8504084 0.8603795 0.8917632 0.8936127 0.8936127
0.4512690 0.4737331 0.5550283 0.6546944 0.6892080 0.5590755 0.4132822 0.3868006 0.3709455 0.3700588 0.3691781 0.3684186 0.3675284 0.3666569 0.3657249 0.3648891 0.3640022 0.3632150 0.3623462 0.3623462 0.3623462 0.3684186 0.4171417 0.4912763 0.5367200 0.5693889 0.5489335 0.4486852 0.4267079 0.4352617 0.4382510 0.4873881 0.5310168 0.5089424 0.5167686 0.5050429 0.4802390 0.4813241 0.5329375 0.5957566 0.6764973 0.7350624 0.6928079 0.6062165 0.5228324 0.5010859 0.5070773 0.5429485 -1.0000000 0.6608862 0.6961969 -1.0000000 -1.0000000 0.8589672 0.8823550 0.8936127 0.9004180 0.9018521
0.4503729 0.4503729 0.4912763 0.6148443 0.7742292 0.6526824 0.4284973 0.4421469 0.4302566 0.4123203 0.3773282 0.3684186 0.3675284 0.3666569 0.3657249 0.3648891 0.3648891 0.3700588 0.3632150 0.3700588 0.3632150 0.4058343 0.4893429 0.5652720 0.6419811 0.6484041 0.5834923 0.4679257 0.4293365 0.4541929 0.4647750 0.5070773 0.5468476 -1.0000000 0.5387059 0.5468476 0.5287293 0.5249442 0.5714595 0.6379781 0.7022974 0.7350624 0.6870861 0.5894762 0.5107906 0.5010859 0.4997594 0.4991003 0.5228324 0.5894762 0.6463757 0.7190970 0.8131808 -1.0000000 0.8786338 0.8875097 0.8869748 -1.0000000
0.4495847 0.4503729 0.5128500 0.7046672 0.8430007 0.7068505 0.5550283 0.5207783 0.5089424 0.5287293 0.5268805 0.5249442 0.4893429 0.4794559 0.4950297 0.5429485 0.5468476 0.4561024 0.4008974 0.3791236 0.3809506 0.4153376 0.4991003 0.5329375 0.5714595 0.5915313 0.5550283 0.4794559 0.4893429 0.5031009 0.4912763 0.5249442 0.5733804 0.5856137 0.6106254 0.6126907 0.5894762 0.5978367 0.6484041 0.7022974 0.7510195 -1.0000000 -1.0000000 0.5773453 0.5387059 0.5010859 0.4997594 0.5010859 0.5107906 0.5569907 0.6170074 0.6918432 0.7997068 0.8748997 0.8748997 0.8761249 0.8823550 0.9045452
0.4647750 0.5387059 0.6928079 0.8541373 0.8853050 0.7390457 0.6231095 0.5815156 0.5815156 0.6231095 0.6211839 0.5978367 0.5856137 0.5733804 0.5834923 0.6250937 0.6273603 0.5367200 0.4599262 0.3799527 0.3799527 0.3809506 0.4247212 0.4441220 0.4834127 0.5468476 0.5742613 0.5693889 0.5793622 0.5632930 0.5408186 0.5761666 0.6190959 0.6546944 0.6589868 0.6638455 0.6764973 0.6981384 0.7210742 0.7529619 0.7855186 -1.0000000 -1.0000000 0.6792846 0.6062165 0.5577426 0.5429485 0.5489335 0.5387059 0.5802976 0.6441311 0.7117215 0.8203000 0.8786338 0.8761249 0.8749925 0.8761249 0.9239565
0.5761666 0.6397307 -1.0000000 -1.0000000 -1.0000000 0.7210742 0.6441311 0.6211839 0.6250937 0.6463757 0.6546944 0.6673182 0.7068505 0.7954361 0.7846200 0.7997068 0.7855186 0.5550283 0.5147063 0.4619225 0.4199816 0.4219083 0.4541929 0.4991003 0.5167686 0.5761666 0.6546944 0.6928079 0.6484041 0.6250937 0.6042302 0.6126907 0.6463757 0.6828504 0.7086833 0.7390457 0.7455502 -1.0000000 -1.0000000 -1.0000000 -1.0000000 -1.0000000 -1.0000000 -1.0000000 0.6546944 0.6315396 0.6170074 0.6190959 -1.0000000 0.7785600 0.7846200 0.8043022 0.8467973 0.8786338 0.8786338 0.8786338 0.8936127 0.9339893
0.7742292 0.7483541 -1.0000000 -1.0000000 -1.0000000 0.6870861 0.6484041 0.6379781 0.6419811 0.6463757 0.6608862 0.7086833 0.7935355 0.8655245 0.8950917 0.8748997 0.7870837 0.6148443 0.5017682 0.4718332 0.4757073 0.4959055 0.5287293 0.5447726 0.5957566 0.6526824 0.7455502 0.7574370 0.7350624 0.6961969 0.6355206 0.6608862 0.6807305 0.7252443 0.7510195 -1.0000000 -1.0000000 -1.0000000 -1.0000000 0.6673182 -1.0000000 -1.0000000 -1.0000000 -1.0000000 -1.0000000 -1.0000000 -1.0000000 -1.0000000 -1.0000000 0.8391108 0.8655245 0.8748997 0.8823550 0.8950917 0.8917632 0.9018521 -1.0000000 -1.0000000
0.8786338 0.8373588 0.7954361 0.7276430 0.6589868 0.6441311 0.6355206 0.6355206 0.6211839 0.6211839 0.6589868 0.7142354 0.8223922 -1.0000000 -1.0000000 0.8823550 0.8396646 0.6849833 0.6062165 0.5429485 -1.0000000 0.6126907 0.6170074 0.6250937 0.6908829 0.7615889 0.8603795 0.8655245 0.8373588 -1.0000000 -1.0000000 0.7117215 0.7234119 0.7690608 0.7690608 0.7764639 -1.0000000 -1.0000000 0.6650710 0.6463757 0.6504990 0.6892080 -1.0000000 -1.0000000 -1.0000000 -1.0000000 -1.0000000 -1.0000000 -1.0000000 -1.0000000 -1.0000000 0.9045452 -1.0000000 -1.0000000 -1.0000000 0.9398399 -1.0000000 -1.0000000
-1.0000000 0.7493429 0.6828504 0.6484041 0.6294342 0.6294342 0.6294342 0.6170074 0.5733804 0.5673882 0.5856137 0.6741517 0.8083531 -1.0000000 -1.0000000 -1.0000000 0.8748997 0.7954361 0.7659380 0.7574370 0.8391108 -1.0000000 -1.0000000 0.8467973 -1.0000000 0.8541373 -1.0000000 -1.0000000 0.8325775 -1.0000000 -1.0000000 -1.0000000 -1.0000000 0.7764639 0.7816728 0.7816728 -1.0000000 -1.0000000 0.6691470 0.6441311 0.6484041 0.6981384 -1.0000000 -1.0000000 -1.0000000 -1.0000000 -1.0000000 -1.0000000 -1.0000000 -1.0000000 0.9359954 -1.0000000 -1.0000000 -1.0000000 -1.0000000 -1.0000000 -1.0000000 0.9742650
0.6784846 0.6526824 0.6250937 0.6211839 0.6231095 0.6231095 -1.0000000 0.5611610 0.5207783 0.5147063 0.5310168 0.5528744 0.6106254 0.7816728 -1.0000000 -1.0000000 -1.0000000 0.8936127 0.8936127 0.8823550 0.9018521 0.9183429 0.9444469 0.9239565 -1.0000000 -1.0000000 0.9308048 0.9045452 0.8396646 -1.0000000 -1.0000000 -1.0000000 -1.0000000 -1.0000000 -1.0000000 -1.0000000 -1.0000000 -1.0000000 0.6764973 0.6546944 -1.0000000 -1.0000000 -1.0000000 -1.0000000 -1.0000000 -1.0000000 -1.0000000 -1.0000000 -1.0000000 -1.0000000 0.9540045 0.9619642 -1.0000000 -1.0000000 -1.0000000 -1.0000000 -1.0000000 -1.0000000
0.6294342 0.6190959 0.6170074 0.6190959 0.6190959 0.5915313 0.5632930 0.5387059 0.5107906 0.4699081 0.4495847 0.4699081 0.5107906 0.5632930 0.7190970 -1.0000000 -1.0000000 -1.0000000 -1.0000000 -1.0000000 -1.0000000 -1.0000000 -1.0000000 -1.0000000 -1.0000000 -1.0000000 -1.0000000 0.8446927 -1.0000000 -1.0000000 -1.0000000 -1.0000000 -1.0000000 -1.0000000 -1.0000000 -1.0000000 -1.0000000 -1.0000000 -1.0000000 -1.0000000 -1.0000000 -1.0000000 -1.0000000 -1.0000000 0.8409466 0.8603795 -1.0000000 -1.0000000 -1.0000000 0.9636176 0.9636176 -1.0000000 0.9712020 0.9764410 -1.0000000 -1.0000000 -1.0000000 -1.0000000
0.5590755 0.5834923 0.6148443 0.6211839 -1.0000000 0.5915313 0.5652720 0.5347935 0.5107906 0.4284973 0.3857234 0.3979832 0.4039192 0.4699081 0.6126907 0.7328208 -1.0000000 -1.0000000 -1.0000000 -1.0000000 -1.0000000 -1.0000000 -1.0000000 -1.0000000 -1.0000000 -1.0000000 -1.0000000 0.8354802 -1.0000000 -1.0000000 -1.0000000 -1.0000000 -1.0000000 -1.0000000 -1.0000000 -1.0000000 -1.0000000 -1.0000000 -1.0000000 -1.0000000 -1.0000000 -1.0000000 0.8083531 -1.0000000 0.8917632 0.9045452 -1.0000000 -1.0000000 -1.0000000 -1.0000000 -1.0000000 -1.0000000 -1.0000000 -1.0000000 -1.0000000 -1.0000000 -1.0000000 -1.0000000
0.5056592 0.5367200 0.5693889 0.5948318 -1.0000000 0.5999026 0.5856137 -1.0000000 0.5268805 0.4323503 0.3791236 0.3817575 0.3931794 0.4018418 0.5509118 0.6741517 -1.0000000 -1.0000000 -1.0000000 -1.0000000 -1.0000000 -1.0000000 -1.0000000 -1.0000000 -1.0000000 -1.0000000 -1.0000000 0.8283207 -1.0000000 -1.0000000 -1.0000000 -1.0000000 -1.0000000 -1.0000000 -1.0000000 0.7855186 0.7935355 0.7954361 0.7997068 0.8043022 0.7935355 0.7909457 0.8203000 -1.0000000 0.9227144 -1.0000000 -1.0000000 -1.0000000 -1.0000000 -1.0000000 -1.0000000 -1.0000000 -1.0000000 -1.0000000 -1.0000000 -1.0000000 -1.0000000 -1.0000000
0.5056592 0.5070773 0.5310168 0.5793622 0.6062165 -1.0000000 0.5693889 0.5228324 0.4853032 0.4209911 0.3791236 -1.0000000 0.4153376 0.4561024 0.5167686 0.6231095 -1.0000000 -1.0000000 -1.0000000 -1.0000000 -1.0000000 -1.0000000 -1.0000000 -1.0000000 -1.0000000 -1.0000000 -1.0000000 0.8409466 -1.0000000 -1.0000000 0.6294342 0.6315396 0.6379781 -1.0000000 -1.0000000 0.7899624 0.7935355 0.7954361 0.7997068 0.7954361 0.7919261 0.8043022 0.8504084 -1.0000000 -1.0000000 -1.0000000 -1.0000000 -1.0000000 -1.0000000 -1.0000000 -1.0000000 -1.0000000 -1.0000000 -1.0000000 -1.0000000 0.8888526 -1.0000000 0.7855186
0.5056592 0.5070773 0.5077953 0.5509118 0.5957566 0.6211839 0.5856137 0.5010859 0.4486852 0.4352617 0.4153376 0.4247212 0.4599262 0.5031009 0.5733804 -1.0000000 -1.0000000 -1.0000000 -1.0000000 -1.0000000 -1.0000000 -1.0000000 -1.0000000 -1.0000000 -1.0000000 -1.0000000 -1.0000000 0.8283207 -1.0000000 -1.0000000 0.6190959 0.6170074 -1.0000000 0.6546944 -1.0000000 0.7785600 0.7855186 0.7870837 0.7997068 0.8043022 0.8131808 0.8504084 -1.0000000 0.9217234 -1.0000000 -1.0000000 -1.0000000 -1.0000000 -1.0000000 -1.0000000 -1.0000000 -1.0000000 0.7935355 0.7659380 -1.0000000 -1.0000000 -1.0000000 0.5167686
0.5056592 0.5070773 0.5167686 0.5611610 0.5915313 0.5978367 0.5569907 0.4893429 0.4421469 0.4247212 0.4312590 0.4421469 -1.0000000 -1.0000000 0.5948318 0.6918432 -1.0000000 -1.0000000 -1.0000000 -1.0000000 -1.0000000 -1.0000000 -1.0000000 -1.0000000 -1.0000000 -1.0000000 -1.0000000 0.8232921 -1.0000000 -1.0000000 0.6294342 0.6204600 0.6336813 0.6631611 0.7574370 0.7659380 0.7816728 0.7997068 0.8182204 0.8283207 0.8504084 0.8936127 -1.0000000 -1.0000000 -1.0000000 -1.0000000 -1.0000000 -1.0000000 -1.0000000 -1.0000000 -1.0000000 0.6691470 0.6526824 0.6546944 -1.0000000 0.5489335 0.4619225 0.3640022
0.5128500 0.5070773 0.5077953 0.5476002 0.5287293 0.5031009 0.4813241 0.4619225 0.4343098 0.4363480 -1.0000000 0.4667531 0.4627561 -1.0000000 0.6336813 0.6961969 -1.0000000 0.9004180 -1.0000000 -1.0000000 -1.0000000 -1.0000000 -1.0000000 -1.0000000 -1.0000000 -1.0000000 0.8823550 0.8157724 0.7870837 0.7475098 0.6828504 0.6892080 0.6849833 0.7234119 0.7615889 0.7791877 0.8157724 0.8589672 0.8655245 -1.0000000 -1.0000000 -1.0000000 -1.0000000 0.9779143 -1.0000000 -1.0000000 -1.0000000 0.9648706 -1.0000000 -1.0000000 0.7493429 0.5673882 0.5429485 0.5147063 0.4363480 0.3543721 0.3553217 0.3561632
0.5509118 0.5128500 0.5107906 0.5031009 0.4853032 0.4371258 0.4363480 0.4352617 0.4352617 0.4352617 0.4647750 0.4757073 0.4718332 0.5207783 0.6315396 -1.0000000 0.8655245 0.8786338 0.8853050 0.9137743 -1.0000000 -1.0000000 -1.0000000 -1.0000000 -1.0000000 -1.0000000 0.9045452 0.8703126 0.8325775 0.7954361 0.8131808 0.8083531 0.8131808 0.8325775 0.8823550 -1.0000000 -1.0000000 0.9004180 -1.0000000 -1.0000000 -1.0000000 -1.0000000 -1.0000000 -1.0000000 -1.0000000 -1.0000000 0.9659394 -1.0000000 -1.0000000 0.6589868 0.5793622 0.5228324 0.4047020 0.3561632 0.3553217 0.3553217 0.3553217 0.3561632
0.6020912 0.5107906 0.4441220 0.4391716 0.4403282 0.4371258 0.4363480 0.4441220 0.4599262 0.5187824 0.5447726 0.5128500 0.5187824 0.5894762 0.6336813 0.6731637 0.8157724 0.8232921 0.8131808 -1.0000000 0.9432314 -1.0000000 -1.0000000 -1.0000000 -1.0000000 -1.0000000 -1.0000000 0.9004180 0.9099566 -1.0000000 -1.0000000 -1.0000000 -1.0000000 -1.0000000 -1.0000000 0.9264042 -1.0000000 -1.0000000 -1.0000000 -1.0000000 -1.0000000 -1.0000000 -1.0000000 -1.0000000 -1.0000000 -1.0000000 0.9153458 -1.0000000 0.6713111 0.5476002 0.4959055 0.3588343 0.3570633 0.3561632 0.3561632 0.3561632 0.3561632 0.3561632
0.5447726 0.4561024 0.4403282 0.4391716 0.4382510 0.4371258 0.4667531 0.4930916 0.5569907 0.6419811 0.6631611 -1.0000000 0.6062165 0.6741517 0.6849833 0.7190970 0.7899624 0.8256206 -1.0000000 -1.0000000 0.9432314 -1.0000000 -1.0000000 -1.0000000 -1.0000000 -1.0000000 -1.0000000 -1.0000000 -1.0000000 -1.0000000 -1.0000000 -1.0000000 -1.0000000 -1.0000000 -1.0000000 -1.0000000 -1.0000000 -1.0000000 -1.0000000 -1.0000000 -1.0000000 0.9853011 0.9879479 -1.0000000 -1.0000000 -1.0000000 -1.0000000 0.6204600 0.5268805 0.4512690 0.3588343 0.3579561 0.3570633 0.3570633 0.3570633 0.3570633 0.3570633 0.3791236
0.5207783 0.4619225 0.4403282 0.4391716 0.4431046 0.4853032 0.5773453 0.6379781 0.7142354 -1.0000000 -1.0000000 -1.0000000 -1.0000000 0.7659380 0.8283207 0.8256206 0.8430007 0.8573215 0.8950917 0.9264042 0.9432314 0.9630793 -1.0000000 -1.0000000 -1.0000000 -1.0000000 -1.0000000 -1.0000000 -1.0000000 -1.0000000 -1.0000000 -1.0000000 -1.0000000 -1.0000000 -1.0000000 -1.0000000 -1.0000000 -1.0000000 -1.0000000 -1.0000000 -1.0000000 -1.0000000 -1.0000000 -1.0000000 -1.0000000 0.6336813 0.5894762 0.5050429 0.3904526 0.3597291 0.3588343 0.3579561 0.3579561 0.3579561 0.3579561 0.4171417 0.4412109 0.4561024
0.5733804 0.5077953 0.4706524 0.4978128 0.5489335 0.6062165 0.7252443 0.8083531 -1.0000000 -1.0000000 0.9165247 -1.0000000 -1.0000000 -1.0000000 -1.0000000 0.8589672 0.8731683 0.8875097 0.9137743 0.9398399 0.9563014 0.9636176 -1.0000000 -1.0000000 -1.0000000 -1.0000000 -1.0000000 -1.0000000 -1.0000000 -1.0000000 -1.0000000 -1.0000000 -1.0000000 -1.0000000 -1.0000000 -1.0000000 -1.0000000 -1.0000000 -1.0000000 0.9824714 -1.0000000 -1.0000000 -1.0000000 -1.0000000 -1.0000000 0.5815156 0.4991003 0.3615294 0.3606711 0.3597291 0.3588343 0.3588343 0.3588343 0.3979832 0.4421469 0.4495847 0.4619225 0.4834127
