trunk/projects/spp-inf/Zonation runs/Test data/Output/out_missingSp7.wrscr.asc
ncols        649
nrows        555
xllcorner    294205.000000000000
yllcorner    6283604.599999999600
cellsize     0.200000000000
NODATA_value     -1
[rows 494 to 519 of 555, columns 174 to 231 of 649]
0.0000858 0.0000802 0.0000828 0.0000746 0.0000710 0.0000730 0.0000733 0.0000740 0.0000747 0.0000747 -1.0000000 0.0000757 0.0000766 0.0000789 0.0000782 0.0000772 0.0000750 0.0000742 0.0000739 0.0000748 0.0000760 0.0000746 0.0000727 0.0000794 0.0000828 0.0000813 0.0000826 0.0000826 0.0000869 0.0000894 0.0000896 0.0000975 0.0000942 0.0000980 0.0000937 0.0000785 0.0000778 0.0000832 0.0000859 -1.0000000 0.0000834 0.0000868 0.0000869 0.0000886 0.0000870 0.0000866 0.0000887 0.0000911 0.0000895 0.0000911 0.0000923 0.0000941 0.0000957 0.0000981 0.0000984 0.0001012 0.0001032 0.0001029
-1.0000000 -1.0000000 0.0000875 0.0000851 0.0000776 0.0000709 0.0000725 0.0000734 0.0000742 0.0000742 0.0000746 0.0000745 0.0000763 0.0000763 0.0000767 0.0000762 0.0000744 0.0000743 0.0000743 0.0000757 0.0000771 0.0000773 0.0000728 0.0000780 0.0000850 0.0000846 0.0000821 0.0000764 0.0000834 0.0000887 0.0000929 0.0000969 -1.0000000 0.0000964 0.0000896 0.0000785 0.0000811 0.0000858 -1.0000000 0.0000829 0.0000839 -1.0000000 0.0000844 0.0000857 0.0000874 0.0000859 0.0000867 0.0000934 0.0000896 0.0000934 0.0000951 0.0000954 0.0000954 0.0000963 0.0000972 0.0000987 0.0001021 0.0001025
-1.0000000 -1.0000000 -1.0000000 -1.0000000 0.0000922 0.0000774 0.0000695 0.0000728 0.0000740 0.0000737 0.0000742 0.0000751 0.0000743 0.0000755 0.0000759 0.0000759 0.0000747 0.0000752 0.0000747 0.0000771 0.0000787 0.0000788 0.0000726 0.0000757 0.0000894 0.0000906 0.0000840 0.0000743 0.0000802 0.0000853 0.0000908 0.0000905 0.0000912 -1.0000000 0.0000969 0.0000930 0.0000922 0.0000918 -1.0000000 -1.0000000 -1.0000000 -1.0000000 0.0000840 0.0000851 0.0000867 0.0000865 -1.0000000 0.0000941 0.0000903 0.0000916 0.0000964 0.0000952 0.0000951 0.0000955 0.0000965 0.0000981 0.0001013 0.0001023
-1.0000000 -1.0000000 0.0000870 -1.0000000 -1.0000000 0.0000893 0.0000708 0.0000759 0.0000798 0.0000761 0.0000749 0.0000750 0.0000744 0.0000760 0.0000763 0.0000758 0.0000760 0.0000756 0.0000761 0.0000806 0.0000819 0.0000834 0.0000747 0.0000705 0.0000938 0.0000910 0.0000820 0.0000758 0.0000801 0.0000762 0.0000880 0.0000882 0.0000902 -1.0000000 0.0000931 0.0000922 0.0000927 0.0000926 0.0000920 0.0000908 0.0000877 0.0000877 0.0000853 0.0000854 -1.0000000 -1.0000000 0.0000902 0.0000935 0.0000910 0.0000881 0.0000963 0.0000953 0.0000957 0.0000959 0.0000978 0.0000990 0.0001015 0.0001026
0.0000844 0.0000809 0.0000822 0.0000834 0.0000882 0.0000884 0.0000830 0.0000828 0.0000830 0.0000794 0.0000761 0.0000751 0.0000757 0.0000767 0.0000769 0.0000766 0.0000770 0.0000760 0.0000769 0.0000816 0.0000880 0.0000887 0.0000853 0.0000844 0.0000979 0.0000936 0.0000820 0.0000877 0.0000918 0.0000747 0.0000833 0.0000845 0.0000877 -1.0000000 0.0000933 0.0000890 0.0000839 0.0000858 0.0000896 0.0000895 0.0000884 0.0000880 0.0000854 0.0000855 0.0000853 0.0000863 0.0000907 0.0000950 0.0000943 0.0000915 0.0000981 0.0000977 0.0000945 0.0000925 0.0000944 0.0000969 0.0000995 0.0001010
0.0000852 0.0000761 0.0000755 0.0000743 0.0000836 0.0000870 0.0000876 0.0000857 0.0000826 0.0000769 0.0000765 0.0000752 -1.0000000 0.0000774 -1.0000000 0.0000771 0.0000765 -1.0000000 0.0000751 0.0000767 0.0000875 0.0000925 0.0000869 0.0000881 -1.0000000 0.0000923 0.0000908 0.0000926 0.0000910 0.0000840 0.0000870 0.0000923 0.0000912 -1.0000000 0.0000930 0.0000901 0.0000797 0.0000845 0.0000864 0.0000854 0.0000867 0.0000865 0.0000903 -1.0000000 0.0000884 -1.0000000 0.0000957 0.0000972 0.0000988 0.0000970 0.0000999 0.0001004 -1.0000000 -1.0000000 -1.0000000 -1.0000000 -1.0000000 0.0001029
0.0000830 0.0000724 0.0000739 0.0000731 0.0000785 0.0000795 0.0000759 0.0000833 0.0000792 0.0000740 0.0000743 0.0000757 0.0000764 -1.0000000 0.0000771 0.0000773 0.0000770 0.0000789 0.0000818 0.0000751 0.0000776 0.0000947 0.0000856 0.0000856 -1.0000000 0.0000915 0.0000916 0.0000873 0.0000872 0.0000902 0.0000914 -1.0000000 -1.0000000 -1.0000000 0.0000930 0.0000941 0.0000930 0.0000926 0.0000927 0.0000893 0.0000885 0.0000854 0.0000917 -1.0000000 0.0000923 0.0000951 0.0000956 0.0000969 0.0000999 0.0000997 0.0001010 0.0001005 -1.0000000 -1.0000000 -1.0000000 -1.0000000 0.0001015 0.0001019
0.0000809 0.0000738 0.0000749 0.0000763 0.0000778 0.0000763 0.0000745 0.0000769 0.0000774 0.0000766 0.0000750 0.0000760 0.0000768 0.0000774 0.0000777 -1.0000000 0.0000767 0.0000833 0.0000897 0.0000890 0.0000903 0.0000965 0.0000888 0.0000897 0.0000972 0.0000971 -1.0000000 -1.0000000 0.0000880 -1.0000000 -1.0000000 -1.0000000 0.0000913 0.0000970 0.0000988 0.0000994 0.0000967 0.0000935 0.0000936 0.0000937 0.0000952 0.0000895 0.0000904 0.0000919 0.0000938 0.0000934 0.0000901 0.0000952 0.0000998 0.0001014 0.0001006 0.0000992 0.0000993 -1.0000000 0.0001021 0.0001010 0.0001012 0.0001020
0.0000769 0.0000750 0.0000762 0.0000774 0.0000783 0.0000775 0.0000757 0.0000754 0.0000768 0.0000785 0.0000759 0.0000757 0.0000759 0.0000771 -1.0000000 0.0000777 -1.0000000 0.0000852 0.0000933 0.0000878 0.0000941 -1.0000000 -1.0000000 -1.0000000 0.0000994 0.0000911 0.0000977 -1.0000000 -1.0000000 0.0000904 0.0000892 0.0000935 0.0000913 0.0000947 0.0000905 0.0000898 0.0000925 0.0000939 0.0000936 0.0000928 0.0000942 0.0000913 -1.0000000 0.0000865 0.0000882 0.0000869 0.0000842 0.0000917 0.0001018 0.0001021 0.0000957 0.0000911 0.0000942 0.0001002 0.0001018 0.0000992 0.0001025 -1.0000000
0.0000720 0.0000756 0.0000776 0.0000785 0.0000802 0.0000791 0.0000760 0.0000764 0.0000779 0.0000791 0.0000760 0.0000789 0.0000769 0.0000770 0.0000785 0.0000783 0.0000753 0.0000815 0.0000982 0.0000907 -1.0000000 -1.0000000 -1.0000000 -1.0000000 0.0000961 0.0000767 0.0000903 0.0000921 0.0000916 0.0000927 0.0000932 0.0000944 0.0000941 0.0000961 0.0000919 0.0000799 0.0000848 0.0000901 0.0000908 0.0000887 0.0000935 0.0000903 -1.0000000 -1.0000000 0.0000957 0.0000956 0.0000946 0.0000936 0.0001035 0.0001038 0.0000965 0.0000973 0.0001004 0.0000974 -1.0000000 0.0000996 0.0001024 0.0001032
0.0000723 0.0000763 0.0000782 0.0000799 0.0000807 0.0000806 0.0000777 0.0000774 0.0000812 0.0000801 0.0000770 0.0000818 0.0000775 0.0000771 0.0000775 0.0000786 0.0000768 0.0000808 0.0000960 0.0000925 -1.0000000 0.0000935 0.0000941 -1.0000000 0.0000955 0.0000792 0.0000810 0.0000918 0.0000916 0.0000896 0.0000896 0.0000886 0.0000936 0.0000955 0.0000927 0.0000839 0.0000816 0.0000867 0.0000883 0.0000907 0.0000907 0.0000842 0.0000865 0.0000912 0.0000928 0.0000949 0.0000970 0.0001000 0.0001037 0.0001059 0.0001021 0.0001041 0.0001038 0.0001018 0.0001010 0.0001022 0.0001011 0.0001033
0.0000728 0.0000770 0.0000769 0.0000801 0.0000806 0.0000804 0.0000797 0.0000779 0.0000804 0.0000784 0.0000793 0.0000841 0.0000794 0.0000773 0.0000777 0.0000778 0.0000789 0.0000903 0.0000952 -1.0000000 0.0000984 0.0000931 0.0000962 -1.0000000 0.0000958 0.0000795 0.0000771 0.0000861 0.0000841 0.0000827 0.0000826 0.0000832 0.0000879 0.0000927 0.0000896 0.0000856 0.0000830 0.0000839 0.0000879 0.0000944 0.0000944 0.0000925 0.0000867 0.0000863 0.0000859 0.0000930 0.0000949 0.0001013 0.0001053 0.0001082 0.0001069 0.0001059 0.0001044 0.0001023 0.0001039 0.0001037 0.0001021 0.0001022
0.0000731 0.0000785 0.0000786 0.0000826 0.0000828 0.0000815 0.0000798 0.0000782 0.0000792 0.0000786 0.0000787 0.0000817 0.0000810 0.0000805 0.0000795 0.0000779 0.0000874 0.0000922 0.0000904 -1.0000000 0.0000992 0.0000865 0.0000913 0.0000956 0.0000942 0.0000847 0.0000768 0.0000802 0.0000801 0.0000805 0.0000823 0.0000822 0.0000848 0.0000893 0.0000874 0.0000865 0.0000859 0.0000843 0.0000910 0.0000959 0.0000939 0.0000943 0.0000878 0.0000887 0.0000869 0.0000921 0.0001028 0.0001067 0.0001080 0.0001049 0.0001053 0.0001063 0.0001060 0.0001049 0.0001047 -1.0000000 0.0001008 0.0001025
0.0000848 0.0000801 0.0000791 0.0000801 0.0000820 0.0000818 0.0000800 0.0000792 0.0000783 0.0000789 0.0000789 0.0000792 0.0000783 0.0000839 0.0000865 0.0000816 0.0000928 -1.0000000 -1.0000000 0.0000940 0.0000986 0.0000774 0.0000818 0.0000957 0.0000902 0.0000876 0.0000794 0.0000782 0.0000813 0.0000820 0.0000832 0.0000818 0.0000815 0.0000884 0.0000888 0.0000888 0.0000916 0.0000893 -1.0000000 0.0000965 0.0000971 0.0000967 0.0000898 0.0000888 0.0000937 0.0000969 0.0001051 0.0001031 0.0001049 0.0000975 0.0000944 0.0001034 0.0001050 0.0001041 0.0001036 -1.0000000 0.0000995 0.0001013
0.0000855 0.0000814 0.0000762 0.0000799 0.0000823 0.0000811 0.0000809 0.0000803 0.0000781 0.0000789 0.0000787 0.0000795 0.0000811 0.0000878 0.0000888 0.0000876 0.0000937 -1.0000000 0.0000926 0.0000952 0.0000888 0.0000767 0.0000813 0.0000922 0.0000886 0.0000884 0.0000842 0.0000824 0.0000825 0.0000831 0.0000849 -1.0000000 0.0000843 0.0000829 0.0000897 0.0000905 0.0000922 -1.0000000 -1.0000000 0.0000894 0.0000987 0.0000980 0.0000894 0.0000891 0.0001000 0.0001017 0.0001080 0.0001064 0.0001054 0.0001022 0.0000949 0.0001011 0.0001044 0.0001035 0.0001034 0.0001025 0.0000997 0.0001000
0.0000888 0.0000788 0.0000747 0.0000792 0.0000818 0.0000808 0.0000827 0.0000797 0.0000793 0.0000793 0.0000796 0.0000788 0.0000807 0.0000871 0.0000899 0.0000911 -1.0000000 -1.0000000 0.0000925 0.0000911 0.0000820 0.0000797 0.0000803 0.0000887 0.0000870 0.0000861 0.0000862 0.0000842 0.0000829 0.0000830 0.0000844 0.0000875 0.0000861 0.0000856 0.0000922 0.0000913 0.0000925 0.0000934 0.0000833 0.0000901 0.0001000 0.0001005 0.0000903 0.0000866 0.0001030 0.0001050 -1.0000000 0.0001048 0.0001030 0.0001023 0.0001009 0.0001040 0.0001078 0.0001078 0.0001064 0.0001040 -1.0000000 0.0000993
0.0000911 0.0000898 0.0000758 0.0000784 0.0000809 0.0000818 0.0000842 0.0000820 0.0000796 0.0000790 0.0000807 0.0000786 0.0000769 0.0000821 0.0000895 0.0000926 -1.0000000 0.0000953 0.0000919 0.0000827 0.0000825 0.0000828 0.0000807 0.0000873 0.0000855 0.0000858 0.0000864 0.0000859 0.0000849 0.0000848 0.0000857 0.0000889 0.0000875 0.0000865 0.0000926 0.0000949 0.0000928 0.0000914 0.0000803 0.0000901 0.0001010 0.0001025 0.0000995 0.0001020 0.0001055 -1.0000000 0.0001076 0.0001056 0.0001061 0.0001052 0.0001049 0.0001070 0.0001095 0.0001068 0.0001073 0.0001058 0.0001048 0.0001020
-1.0000000 0.0000824 0.0000818 0.0000780 0.0000805 0.0000822 0.0000813 0.0000807 0.0000796 0.0000794 0.0000807 0.0000833 0.0000776 0.0000791 0.0000926 0.0000927 -1.0000000 0.0000957 0.0000833 0.0000770 0.0000830 0.0000842 0.0000825 0.0000868 0.0000870 0.0000850 0.0000866 0.0000865 0.0000848 0.0000849 0.0000872 0.0000886 0.0000868 0.0000843 0.0000885 0.0000970 0.0000976 0.0000965 0.0000886 0.0000917 0.0001025 0.0001014 -1.0000000 -1.0000000 -1.0000000 0.0001057 0.0001061 0.0000994 0.0001029 0.0001067 0.0001076 0.0001065 0.0001067 0.0001051 0.0001049 0.0001059 0.0001058 0.0001029
-1.0000000 0.0000812 0.0000771 0.0000766 0.0000793 0.0000827 0.0000838 0.0000800 0.0000781 0.0000794 0.0000796 0.0000819 0.0000778 0.0000784 0.0000988 0.0000911 -1.0000000 0.0000964 0.0000865 0.0000848 0.0000860 0.0000841 0.0000837 0.0000859 0.0000881 0.0000876 0.0000888 0.0000886 0.0000868 0.0000863 0.0000887 0.0000890 0.0000872 0.0000867 0.0000838 0.0000936 0.0000996 0.0000988 0.0001007 0.0001004 0.0001036 -1.0000000 -1.0000000 0.0001012 0.0001043 0.0001040 0.0001037 0.0000939 0.0000952 -1.0000000 -1.0000000 -1.0000000 -1.0000000 -1.0000000 0.0001040 0.0001038 0.0001043 -1.0000000
-1.0000000 0.0000794 0.0000731 0.0000745 0.0000762 0.0000779 0.0000807 0.0000806 0.0000772 0.0000778 0.0000798 0.0000807 0.0000791 0.0000770 0.0000912 0.0000929 -1.0000000 0.0000955 0.0000907 0.0000895 0.0000865 0.0000858 0.0000860 0.0000862 0.0000864 0.0000866 0.0000867 0.0000869 0.0000858 0.0000860 0.0000917 0.0000918 0.0000895 0.0000883 0.0000859 0.0000896 0.0001006 0.0000979 -1.0000000 -1.0000000 -1.0000000 0.0001017 0.0001038 0.0001029 0.0001037 0.0001035 0.0001056 0.0001038 0.0001029 -1.0000000 -1.0000000 -1.0000000 -1.0000000 -1.0000000 -1.0000000 -1.0000000 -1.0000000 -1.0000000
-1.0000000 0.0000805 0.0000728 0.0000764 0.0000797 0.0000852 0.0000869 0.0000823 0.0000825 0.0000811 0.0000823 0.0000777 0.0000772 0.0000771 0.0000837 0.0000898 -1.0000000 -1.0000000 0.0000883 0.0000896 0.0000843 0.0000846 0.0000861 0.0000864 0.0000864 0.0000872 0.0000871 0.0000862 0.0000867 0.0000864 0.0000896 0.0000916 0.0000896 0.0000865 0.0000855 0.0000845 0.0000963 0.0001016 -1.0000000 0.0001035 0.0001011 0.0001022 0.0001018 0.0001013 0.0001011 0.0001060 0.0001044 0.0001049 0.0001043 -1.0000000 -1.0000000 -1.0000000 -1.0000000 -1.0000000 0.0001055 0.0001061 0.0001063 -1.0000000
-1.0000000 0.0000854 0.0000706 0.0000743 0.0000793 0.0000867 0.0000835 0.0000829 0.0000850 0.0000834 0.0000857 0.0000772 0.0000765 0.0000762 0.0000805 0.0000869 -1.0000000 -1.0000000 0.0000905 0.0000888 0.0000839 0.0000812 0.0000844 0.0000862 0.0000871 0.0000890 0.0000894 0.0000877 0.0000899 0.0000884 0.0000883 0.0000937 0.0000954 0.0000919 0.0000867 0.0000896 0.0000975 0.0001033 -1.0000000 0.0001011 0.0000887 0.0000884 0.0000884 0.0000881 0.0000904 0.0000986 0.0001049 0.0001057 0.0001047 -1.0000000 0.0001042 0.0001064 0.0001062 0.0001050 0.0001031 0.0001061 0.0001070 0.0001040
0.0000866 0.0000774 0.0000693 0.0000756 0.0000781 -1.0000000 -1.0000000 -1.0000000 -1.0000000 -1.0000000 0.0000883 0.0000838 0.0000764 0.0000754 0.0000749 0.0000835 -1.0000000 -1.0000000 0.0000929 0.0000925 0.0000909 0.0000826 0.0000872 0.0000880 0.0000866 0.0000879 0.0000880 0.0000882 0.0000894 0.0000881 0.0000866 0.0000934 0.0001007 0.0001002 0.0000925 0.0000994 0.0001023 -1.0000000 -1.0000000 0.0001018 0.0000913 0.0000862 0.0000881 0.0000894 0.0000904 0.0000923 -1.0000000 0.0001013 0.0001009 0.0001024 0.0001050 0.0001056 0.0001060 -1.0000000 0.0001005 0.0001027 0.0001080 0.0001071
0.0000881 0.0000714 0.0000735 0.0000828 -1.0000000 -1.0000000 -1.0000000 -1.0000000 -1.0000000 -1.0000000 -1.0000000 0.0000832 0.0000767 0.0000749 0.0000737 0.0000810 0.0000875 -1.0000000 -1.0000000 0.0000909 0.0000946 0.0000839 0.0000856 0.0000863 0.0000850 -1.0000000 0.0000859 -1.0000000 -1.0000000 0.0000889 0.0000930 0.0000930 0.0001010 0.0001026 0.0001018 0.0001044 0.0001012 -1.0000000 -1.0000000 0.0000997 0.0000971 0.0000916 0.0000917 0.0000928 -1.0000000 0.0000942 0.0000962 0.0001008 0.0000984 0.0001037 0.0001061 0.0001043 0.0001040 -1.0000000 -1.0000000 0.0001002 0.0001004 0.0001052
0.0000835 0.0000707 0.0000804 0.0000799 -1.0000000 -1.0000000 -1.0000000 -1.0000000 -1.0000000 -1.0000000 -1.0000000 -1.0000000 0.0000790 0.0000735 0.0000749 0.0000784 0.0000867 -1.0000000 -1.0000000 0.0000936 0.0000892 0.0000857 0.0000865 0.0000844 0.0000843 0.0000844 0.0000845 -1.0000000 -1.0000000 0.0000887 0.0000948 0.0000993 0.0001010 0.0000991 -1.0000000 -1.0000000 -1.0000000 -1.0000000 -1.0000000 0.0000964 0.0000985 0.0000965 0.0000939 0.0000932 0.0000937 0.0000951 0.0000986 0.0001013 0.0001009 0.0001006 0.0001061 0.0001050 0.0001033 0.0001034 0.0001064 0.0001063 -1.0000000 0.0001019
0.0000807 0.0000724 0.0000806 -1.0000000 -1.0000000 -1.0000000 -1.0000000 -1.0000000 -1.0000000 -1.0000000 -1.0000000 -1.0000000 0.0000832 0.0000754 0.0000749 0.0000796 -1.0000000 -1.0000000 -1.0000000 0.0000923 0.0000894 0.0000911 0.0000865 0.0000828 0.0000836 -1.0000000 -1.0000000 -1.0000000 -1.0000000 0.0000884 0.0000968 0.0001028 0.0001047 -1.0000000 -1.0000000 -1.0000000 0.0001069 0.0001047 0.0001049 0.0001031 0.0001010 0.0000983 0.0000931 0.0000906 0.0000924 0.0000952 0.0000990 0.0001013 -1.0000000 0.0000972 0.0001066 0.0001067 0.0001055 0.0001054 0.0001067 0.0001086 0.0001094 0.0001059
