trunk/projects/spp-inf/Zonation runs/Test data/Output/out_missingSp3.prop.asc
ncols        649
nrows        555
xllcorner    294205.000000000000
yllcorner    6283604.599999999600
cellsize     0.200000000000
NODATA_value     -1
[rows 234 to 259 of 555, columns 232 to 289 of 649]
-1.0000000 0.2817540 0.1815687 0.0646950 0.0081940 0.0017952 0.0081940 0.0003366 0.0003366 0.0006770 0.0010054 0.0026413 0.0092534 -1.0000000 -1.0000000 -1.0000000 0.5659128 0.6346222 0.7465351 0.7880501 0.8951730 0.4687042 0.6302989 0.7483541 0.5315775 0.4919413 0.2910187 0.4047020 0.9083799 0.9419302 0.8071032 0.8413683 0.7623845 0.7176653 0.7169282 0.7157104 0.7146693 0.7142354 0.8238957 0.8376485 0.7110367 0.7093958 0.7093958 0.7093958 0.7919261 0.6981384 0.7642568 0.6282465 0.6273603 0.6264279 0.7052420 0.6698195 0.6638455 0.8238957 0.9052247 0.8951730 0.8923921 0.8552594
-1.0000000 0.6042302 0.4619225 0.4008974 0.3337814 -1.0000000 0.0045326 0.0021961 0.0006770 0.0013996 0.0055405 -1.0000000 0.1319757 -1.0000000 -1.0000000 0.3045912 0.3764089 0.3773282 0.3809506 0.8025018 0.8007336 0.3809506 0.6511562 0.9267615 0.9563205 0.9666249 0.8880117 0.5495729 0.5133891 0.7728822 0.8238957 0.8376485 0.7982801 0.7176653 0.7169282 0.7157104 0.7146693 0.7142354 0.7124264 0.7117215 0.7110367 0.8206854 0.7086833 0.7594730 0.7335544 0.6981384 0.7252443 0.6282465 0.6282465 0.7093958 0.6164790 0.5868370 0.6573411 0.8413683 0.7880501 0.7642568 0.7642568 0.7659380
-1.0000000 0.6062165 0.5147063 -1.0000000 -1.0000000 -1.0000000 -1.0000000 -1.0000000 -1.0000000 0.1552725 -1.0000000 0.1020238 0.0939624 -1.0000000 -1.0000000 0.3337814 0.6086732 0.3773282 0.3781888 0.3791236 0.3799527 0.3809506 0.3817575 0.7696161 0.6489422 0.6615894 0.9666249 0.9403287 0.8270234 0.6185635 -1.0000000 0.7941990 0.9619815 0.7855186 0.7169282 0.7157104 0.7146693 0.7142354 0.7124264 0.7117215 0.7117215 0.8270234 0.7728822 0.6751316 0.7093958 0.7315829 0.6971221 0.6511562 0.6741517 0.5555814 0.5489335 0.6164790 0.5874885 0.6722134 0.7770946 0.7637641 0.7642568 0.7659380
-1.0000000 -1.0000000 -1.0000000 -1.0000000 0.2952713 0.4873881 0.5050429 -1.0000000 -1.0000000 -1.0000000 -1.0000000 0.0754590 -1.0000000 -1.0000000 -1.0000000 0.0070893 0.4978128 0.7642568 0.4132822 0.3791236 0.3799527 0.3809506 0.3817575 0.3828050 0.3837754 0.4219083 0.8505763 0.8071032 0.9460641 0.8779550 0.7919261 -1.0000000 0.8951730 0.9143856 0.9228197 0.7157104 0.7146693 0.7418458 0.8071032 0.8025018 0.7666423 0.7124264 0.8113384 0.6463757 0.6448991 0.7315829 0.7357908 0.7370046 0.5868370 0.5476002 0.6244594 0.7315829 0.5886376 0.5886376 0.7623845 0.7770946 0.7642568 0.7659380
-1.0000000 -1.0000000 0.1156926 -1.0000000 -1.0000000 -1.0000000 -1.0000000 -1.0000000 -1.0000000 -1.0000000 0.1361257 0.2817540 0.5235325 0.5555814 0.5652720 0.1497848 0.0423317 0.5826561 0.8815417 0.8232921 0.7880501 0.6947751 0.5932482 0.4726371 0.3837754 0.3847460 0.4950297 0.6722134 0.8376485 0.8409466 0.9666249 0.8270234 0.8888526 0.8148063 0.8552594 0.7157104 0.7403193 0.7157104 0.7558765 0.7941990 0.8148063 0.7142354 0.8270234 0.6463757 0.6448991 0.6441311 0.6441311 0.6489422 0.5455802 0.6489422 0.8951730 0.8963752 0.7880501 0.6389243 0.7696161 0.8376485 0.7659380 0.7659380
-1.0000000 -1.0000000 0.0076252 0.0021961 0.0196272 -1.0000000 -1.0000000 -1.0000000 -1.0000000 0.4919413 0.5826561 0.6225176 0.5733804 0.2579778 0.8071032 0.6947751 0.5414894 0.4912763 0.4930916 0.5752673 0.5992138 0.5936505 0.6713111 0.6323581 0.5495729 0.3847460 0.5972846 0.8238957 0.6484041 0.5638075 0.8703831 0.9444655 0.8918775 0.7190970 0.7335544 0.7169282 0.7169282 0.7169282 0.7176653 0.8007336 0.7146693 0.7146693 0.7827883 0.6463757 0.7335544 0.6773772 0.6429353 0.6680900 0.5447726 0.8206854 0.9267615 0.9360128 0.9576363 0.6397307 0.6947751 0.9518601 0.8687407 0.8857022
0.0473473 0.2389486 0.1728804 0.0152631 0.0021961 0.0040398 -1.0000000 0.1907126 0.2018806 0.4860808 0.4919413 0.2571775 0.2571775 0.2579778 0.4450263 0.7941990 0.7696161 0.8923921 0.8376485 0.8718436 0.7748807 0.6656790 0.6489422 0.6121764 0.5515612 0.3857234 0.4086105 0.7919261 0.7728822 0.6056809 0.5632930 0.9460641 0.8825176 0.7190970 0.7176653 0.7176653 0.7594730 0.7802303 0.7802303 0.8206854 0.8309918 0.7157104 0.9175888 0.8376485 0.7602261 0.5434179 0.5659128 0.5434179 0.6056809 0.8167168 0.9649078 0.8718436 0.9683304 0.8238957 0.7748807 0.9590291 0.9734550 0.9789793
0.4209911 0.3931794 0.5017682 0.4039192 0.0357112 0.0021961 -1.0000000 0.1568301 0.1606409 0.1614182 0.3837754 0.2563688 0.2571775 0.2772605 0.3615294 0.3989834 0.3054866 0.4478004 0.4478004 0.5235325 0.4737331 0.6876037 0.6126907 0.6680900 0.7442967 0.6204600 0.5577426 0.5294870 0.7675625 0.6988764 0.5618495 0.8890697 0.8309918 0.7941990 0.7190970 0.7190970 0.7190970 0.7197829 0.8270234 0.8524435 0.8309918 0.7315829 0.9432465 0.8309918 0.8989958 0.8904462 0.5429485 0.5429485 0.8232921 0.8749925 0.9638406 0.9166186 0.8432143 0.8232921 0.6389243 0.8670692 0.8167168 0.8238957
0.6971221 0.3284584 0.3294069 0.6773772 0.2802911 0.0162646 -1.0000000 0.1005252 0.6470925 0.4255732 0.2556229 0.2563688 0.2571775 0.2787193 0.2757049 0.3632150 0.3045912 0.4302566 0.4746655 0.4726371 0.5036324 0.6551634 0.7483541 0.6988764 0.6792846 0.7011517 0.7335544 0.6185635 0.5596875 0.5611610 0.5826561 0.8575877 0.7802303 0.7770946 0.7197829 0.7197829 0.7197829 0.7197829 0.7190970 0.7176653 0.7169282 0.7169282 0.9052247 0.8857022 0.8134460 0.9035243 0.8113384 0.5414894 0.6489422 0.9590291 0.9460641 0.7728822 0.6365117 0.7770946 0.6185635 0.7033736 0.6185635 0.6144094
0.3276929 0.3284584 0.3294069 0.8148063 0.7602261 0.5036324 0.2621066 0.0570428 0.5173938 0.7157104 0.7642568 0.3028486 0.2571775 0.2579778 0.2764762 0.3037650 0.3045912 0.3709455 0.4486852 0.4619225 0.5010859 0.5235325 0.6615894 0.7197829 0.6908829 0.6722134 0.7216944 0.6773772 0.5886376 0.5611610 0.6928079 0.7675625 0.8238957 0.7770946 0.7210742 0.7880501 0.8642167 0.8787135 0.8989958 0.9432465 0.8167168 0.7157104 0.7582458 0.9239776 0.8376485 0.8131808 0.8642167 0.5414894 0.5408186 0.8951730 0.8841073 0.6656790 0.3505942 0.5393512 0.3488469 0.3276929 0.2779324 0.3284584
0.5535476 0.3488469 0.3294069 0.3302128 0.7376866 0.9330432 0.8238957 0.6185635 0.4104498 0.4114033 0.8071032 0.8157724 0.5826561 0.4647750 0.2586975 0.5115166 0.6365117 0.5310168 0.3718022 0.4959055 0.5133891 0.5017682 0.5031009 0.5036324 0.6489422 0.6792846 0.7086833 0.5638075 0.5618495 0.5618495 0.6698195 0.6988764 0.8007336 0.8338765 0.8749925 0.8157724 0.7675625 0.8025018 -1.0000000 0.7642568 0.7728822 0.7146693 0.7146693 0.9267615 0.9184901 0.8524435 0.9228197 0.9372369 0.5495729 0.5393512 0.7880501 0.5535476 0.2851380 0.2968939 0.2460924 0.2389486 0.2389486 0.2419671
0.6164790 0.7880501 0.5908979 0.3302128 0.3311194 0.3320105 0.8718436 0.9085926 0.9035243 0.5455802 0.4123203 0.7855186 0.9184901 0.8524435 0.5167686 0.6947751 0.6751316 0.5515612 0.6015835 0.8376485 0.8309918 0.7880501 0.7011517 0.5036324 0.5050429 0.5793622 0.5886376 0.5632930 0.5632930 0.5638075 0.5632930 0.7880501 0.8309918 0.7827883 0.7602261 0.7961962 0.7594730 0.7696161 0.7748807 0.7376866 0.7516094 0.7142354 0.7142354 0.9007417 0.9267615 0.9228197 0.7941990 0.9035243 0.8591366 0.3372381 0.7483541 0.5387059 0.2494299 0.3764089 0.2794669 0.1884670 0.2373583 0.1993534
0.2817540 0.4468166 0.6876037 0.8432143 0.5173938 0.3320105 0.3330138 0.4058343 0.8167168 0.9267615 0.6656790 0.4132822 0.5845449 0.9007417 0.9460641 0.9128677 0.8409466 0.5528744 0.6792846 0.7157104 0.6876037 0.6596118 0.5932482 0.5353636 0.5992138 0.5056592 0.5972846 0.7259804 0.6722134 0.6397307 0.5638075 0.6204600 0.6656790 0.6673182 0.6680900 0.7941990 0.7176653 0.7093958 0.7594730 0.7855186 0.7802303 0.7124264 0.7124264 0.8857022 0.9254153 0.9460641 0.7666423 0.5948318 0.7370046 0.4181009 0.2700498 0.5659128 0.2340675 0.2292588 -1.0000000 0.2530142 0.1946518 0.2910187
0.7623845 0.7052420 0.4478004 0.5414894 0.8815417 0.3330138 0.3330138 0.3337814 0.4667531 0.9052247 0.9696758 0.9239776 0.6346222 0.5856137 0.5868370 0.6264279 0.9166186 0.7335544 0.7602261 0.7696161 0.5845449 0.5714595 0.5700732 0.6204600 0.5310168 0.6144094 0.7558765 0.7855186 0.7696161 0.6081170 0.5679770 0.6680900 0.7117215 0.6673182 0.6680900 0.8232921 0.7941990 0.7370046 0.7086833 0.7846200 0.7666423 0.7117215 0.7117215 0.8309918 0.8989958 0.8951730 0.8025018 0.5596875 0.4589593 0.5679770 0.1058719 0.3632150 0.1899509 0.1575202 0.2460924 0.1583254 0.1458147 0.1458147
0.5070773 0.5056592 0.9083799 0.5894762 0.6988764 0.8505763 0.7880501 0.6741517 0.3346893 0.5133891 0.5972846 0.9636323 0.9708016 0.9786296 0.8591366 0.6813322 0.6834415 0.6849833 0.6854125 0.8718436 0.8148063 0.6511562 0.5722858 0.5315775 0.5315775 0.7052420 0.7696161 0.8309918 0.8469852 0.8071032 0.7880501 0.7315829 0.6698195 0.6713111 0.7117215 0.7602261 0.7370046 0.7068505 0.7074926 0.7919261 0.7538661 0.7110367 0.7827883 0.9076285 0.8963752 0.8575877 0.7770946 0.5535476 0.2802911 0.5353636 0.2653825 0.1050645 0.2186669 0.1505163 -1.0000000 0.1824512 0.1791755 0.1450035
0.5070773 0.5070773 0.5070773 0.8560086 0.7335544 0.6615894 0.6608862 0.7493429 0.3868006 0.3355590 0.3363778 0.6185635 0.5010859 0.8376485 0.9208027 0.9510902 0.9099566 0.8007336 0.7827883 0.7728822 0.7728822 0.6121764 0.5329375 0.5329375 0.6988764 0.7961962 0.7538661 0.6773772 0.8025018 0.8309918 0.8450114 0.7880501 0.7403193 0.7855186 0.7033736 0.7046672 0.7052420 0.7068505 0.7074926 0.7791877 0.7093958 0.7728822 0.9543453 0.9403287 0.9123646 0.8875097 0.7770946 0.4841940 0.2269149 0.2396701 0.3543721 0.1044061 0.1088306 0.1232721 -1.0000000 -1.0000000 -1.0000000 0.0997388
0.8113384 0.5077953 0.5077953 0.5275183 0.8642167 0.8469852 0.7696161 0.6596118 0.6947751 0.7292652 0.6573411 0.4997594 0.5010859 0.6981384 0.5528744 0.5535476 0.7538661 0.6546944 0.6546944 0.8232921 0.8025018 0.7516094 0.6015835 0.7124264 0.8338765 0.7284168 0.6056809 0.8025018 0.8376485 0.8167168 0.7891262 0.8413683 0.7899624 0.7046672 0.7052420 0.7216944 0.7052420 0.7068505 0.7074926 0.7086833 0.7093958 0.7941990 0.9518601 0.9085926 0.9219443 0.9543453 0.9007417 0.7093958 0.3773282 0.1800275 0.2078218 0.1050645 0.0968421 0.0915458 0.1164863 0.2026489 -1.0000000 0.0614787
0.6988764 0.6947751 0.7802303 0.5089424 0.5095892 0.5107906 0.7241436 0.6015835 0.5868370 0.5856137 0.5845449 0.7855186 0.5010859 0.5515612 0.5528744 0.7642568 0.6551634 0.6533431 0.6533431 0.7370046 0.7052420 0.6741517 0.6928079 0.6638455 0.6036458 -1.0000000 0.7335544 0.8113384 0.7241436 0.7982801 0.7961962 0.7961962 0.7052420 0.7216944 0.8309918 0.8413683 0.8542707 0.8488432 0.7582458 0.7880501 0.7093958 0.7110367 0.7880501 0.6323581 0.5659128 0.6448991 0.8025018 0.7465351 0.5957566 0.1433872 0.1409745 0.1401869 0.0784696 0.0563843 0.0682454 -1.0000000 -1.0000000 0.0535654
0.7157104 0.6346222 0.7418458 0.6323581 0.5095892 0.5107906 0.6533431 0.6751316 0.5868370 0.5856137 0.5856137 0.7093958 0.7052420 0.5752673 0.5528744 0.8167168 0.6773772 0.6526824 0.6526824 0.7418458 0.7033736 0.7315829 0.6650710 0.6928079 0.7855186 0.6741517 0.7538661 0.7234119 0.7241436 0.7252443 0.8560086 0.7827883 0.7899624 0.7770946 0.7982801 0.8167168 0.8007336 0.8309918 0.8606148 0.9503918 0.9166186 0.9076285 0.8113384 0.5187824 0.5036324 0.3950809 0.4659154 0.5187824 0.6596118 0.2876089 0.1195227 0.1560542 0.1248862 0.0398921 -1.0000000 0.0835887 0.1140741 0.0473473
0.6928079 0.6397307 0.6336813 0.6854125 0.6813322 0.5455802 0.5455802 0.6365117 0.5868370 0.5868370 0.5868370 0.5868370 0.7146693 0.7370046 0.5535476 0.6971221 0.6656790 0.6511562 0.6526824 0.7376866 0.7046672 0.7052420 0.6971221 0.7602261 0.7074926 0.6751316 0.7216944 0.8167168 0.7241436 0.7252443 0.8890697 0.7899624 0.8007336 0.7802303 0.7696161 0.8238957 0.8167168 0.7982801 0.8656455 0.9419302 0.9360128 0.9342794 0.8560086 0.6225176 0.3063588 0.3054866 0.4841940 0.5700732 0.6489422 0.2952713 0.0821676 0.1058719 0.1110944 -1.0000000 0.0639703 0.1256388 0.1482605 0.0503869
0.6204600 0.6448991 0.6448991 0.7376866 0.6854125 0.5908979 0.5679770 0.6876037 0.6302989 0.6656790 0.6638455 0.5874885 0.5992138 0.8206854 0.7880501 0.6489422 0.6504990 0.6511562 0.7093958 0.7216944 0.7052420 0.7259804 0.7176653 0.7827883 0.6764973 0.6947751 0.7052420 0.7403193 0.8093089 0.7252443 0.7666423 0.8409466 0.7728822 0.6971221 0.6961969 0.6947751 0.6940045 0.6940045 0.8542707 0.9526466 0.7259804 0.6573411 0.6244594 0.7033736 0.7052420 0.3302128 0.1512720 0.4095185 0.6722134 0.4343098 0.0674862 0.0674862 0.0997388 0.0989859 -1.0000000 0.1537042 0.1744882 0.1433872
0.6190959 0.7675625 0.6463757 0.7216944 0.5700732 0.5693889 0.7442967 0.6656790 0.7493429 0.6323581 0.6015835 0.6638455 0.5886376 0.6244594 0.7602261 0.6854125 0.6504990 0.6511562 0.7465351 0.7880501 0.7403193 0.7538661 0.7052420 0.8093089 0.7022974 0.7483541 0.7728822 0.7516094 0.8488432 0.7259804 0.7259804 0.8309918 0.7770946 0.7666423 0.7770946 0.7516094 0.6947751 0.6928079 0.8749925 0.9143856 0.8061166 0.7696161 0.5894762 0.5894762 0.6448991 0.7033736 0.3178588 0.1240616 0.4274772 0.5187824 0.0667746 0.0747280 0.0907918 -1.0000000 0.2419671 0.2172889 -1.0000000 -1.0000000
0.6185635 0.7594730 0.6834415 0.7728822 0.5700732 0.5992138 0.7052420 0.6876037 0.6407713 0.6020912 0.6573411 0.6792846 0.5948318 0.5894762 0.7538661 0.6511562 0.6511562 0.6511562 0.6526824 0.6533431 0.6546944 0.6551634 0.6567828 0.6988764 0.7005315 0.7011517 0.7675625 0.7802303 0.7623845 0.7899624 0.7276430 0.7276430 0.7284168 0.7696161 0.7696161 0.7941990 0.7538661 0.6918432 0.8951730 0.8093089 0.7465351 0.7623845 0.5972846 0.5886376 0.6282465 0.7538661 0.6596118 0.2452460 0.0601403 0.4293365 0.1575202 0.0373659 0.0639703 -1.0000000 0.2700498 0.2802911 -1.0000000 -1.0000000
0.6170074 0.6346222 0.7335544 0.7370046 0.5714595 0.7157104 0.6389243 0.7124264 0.6036458 0.6036458 0.6036458 0.6365117 0.6056809 0.5908979 0.7827883 0.6526824 0.6526824 0.6526824 0.7538661 0.7919261 0.7642568 0.7827883 0.7696161 0.7582458 0.7052420 0.7011517 0.7982801 0.8270234 0.8025018 0.8157724 0.7284168 0.7284168 0.7284168 0.7623845 0.7493429 0.7146693 0.6988764 0.6918432 0.6908829 0.5752673 0.5742613 0.6448991 0.5056592 0.3700588 0.4255732 0.8505763 0.8238957 0.7157104 0.2740903 0.0240759 0.0235612 0.0268463 0.0225486 0.0345251 0.1303758 0.1630595 -1.0000000 -1.0000000
0.6511562 0.6164790 0.6148443 0.6346222 0.6185635 0.6988764 0.6407713 0.7292652 0.6042302 0.6264279 0.6928079 0.6928079 0.6244594 0.6036458 0.7086833 0.7370046 0.7961962 0.8787135 0.8186265 0.6854125 0.6484041 0.7052420 0.7538661 0.7216944 0.7538661 0.7022974 0.8007336 0.8670692 0.8890697 0.8591366 0.7982801 0.7696161 0.7292652 0.7292652 0.7403193 0.8450114 0.9288449 0.9228197 0.7728822 0.7642568 0.7292652 0.5495729 0.2139140 0.2131134 0.3913866 0.8560086 0.9460641 0.4627561 0.4561024 0.3675284 0.1296084 0.0230551 0.0190073 0.0220167 0.0884645 0.1156926 0.1466525 0.1156926
0.6365117 0.6448991 0.6988764 0.6144094 0.6981384 0.7259804 0.7086833 0.7197829 0.6056809 0.6573411 0.6722134 0.7022974 0.6511562 0.7124264 0.6264279 0.7259804 0.7418458 0.6448991 0.6463757 0.6470925 0.7292652 0.7558765 0.7259804 0.7259804 0.7157104 0.7315829 0.8206854 0.8552594 0.8642167 0.8749925 0.8007336 0.8007336 0.7770946 0.7982801 0.8338765 0.9687878 0.9543453 0.9518601 0.8989958 0.7306330 0.7728822 0.8238957 0.6834415 0.2131134 0.2123691 0.3989834 0.7770946 0.6988764 0.1662236 -1.0000000 0.0777449 -1.0000000 0.0473473 -1.0000000 0.0510451 0.0485325 0.0263129 0.0263129
