trunk/projects/spp-inf/Zonation runs/Test data/Output/out_all.prop.asc
ncols        649
nrows        555
xllcorner    294205.000000000000
yllcorner    6283604.599999999600
cellsize     0.200000000000
NODATA_value     -1
[rows 182 to 207 of 555, columns 174 to 231 of 649]
0.5455151 0.1917249 0.1781268 0.1781268 0.1781268 0.1781268 0.1781268 0.1788498 0.1796243 0.2399693 0.5395274 0.5448369 0.7252142 0.6847746 0.2262983 0.1533594 0.4597827 0.5800074 0.1431012 0.0938952 0.0613062 0.0831199 0.0598757 0.0761343 0.1061814 0.1603267 0.0598757 0.0565363 0.3531168 0.1016180 0.0058936 0.0048141 0.0048141 -1.0000000 0.1603267 0.2406804 -1.0000000 -1.0000000 -1.0000000 -1.0000000 -1.0000000 -1.0000000 -1.0000000 -1.0000000 0.1502299 0.0945828 0.0810803 0.0818076 0.0796570 0.0761343 -1.0000000 0.0994034 0.0931941 0.0803381 0.0421160 0.0144889 0.0155737 0.0134071
0.6775997 0.8005862 0.6202956 0.5658464 0.2367817 0.1788498 0.1788498 0.1788498 0.1796243 0.2512613 0.5100569 0.5879285 0.6003052 0.8122173 0.7307301 0.2247368 0.4646364 0.4935348 0.4117918 0.2120371 0.1824524 0.2225131 0.0754615 0.0592225 0.0925216 0.0578386 0.0571916 0.0571916 0.0860764 0.2271455 0.0042742 -1.0000000 0.0048141 -1.0000000 -1.0000000 -1.0000000 -1.0000000 -1.0000000 -1.0000000 -1.0000000 -1.0000000 -1.0000000 -1.0000000 0.2327260 0.1557651 0.1150321 0.1016180 0.1000938 0.0952836 -1.0000000 0.1817954 -1.0000000 -1.0000000 -1.0000000 -1.0000000 0.0123695 0.0128798 0.0134071
0.5151153 0.5071135 0.4182874 0.3987007 0.5238227 0.5395274 0.2980750 0.1796243 0.1796243 0.1803589 0.3015999 0.1951447 0.5335047 0.6255860 0.7454172 0.5191959 0.7014930 0.6888186 0.3186259 0.1830785 0.2943563 0.3967809 0.0598757 0.0592225 0.0585220 0.0578386 0.0578386 0.0578386 0.0578386 0.1718720 0.0134071 0.0037395 0.0048141 -1.0000000 0.0782263 -1.0000000 -1.0000000 -1.0000000 -1.0000000 -1.0000000 -1.0000000 -1.0000000 -1.0000000 0.1803589 0.1128939 0.0754615 0.0761343 0.0768175 0.0818076 -1.0000000 0.1336020 0.2521474 -1.0000000 0.1336020 0.0539845 0.0196195 0.0177998 0.0202224
0.3846044 0.3486573 0.5335047 0.3486573 0.4239979 0.4494619 0.5100569 0.2750898 0.1803589 0.1803589 0.1810521 0.2375909 0.3166776 0.6445091 0.6568763 0.6236107 0.7130499 0.5920351 0.2060956 0.3593805 0.3549487 0.1756998 0.0598757 0.0592225 0.0754615 0.0585220 0.0585220 0.0585220 0.0585220 0.2537809 0.0184017 0.0048141 0.0048141 0.0070300 0.0202224 -1.0000000 0.1150321 0.1734428 -1.0000000 -1.0000000 0.2430505 -1.0000000 -1.0000000 -1.0000000 -1.0000000 0.1157002 0.1114168 0.0973867 0.1294778 -1.0000000 0.1207052 0.1650813 -1.0000000 0.1286357 0.1234636 0.0585220 0.0219848 0.0853163
0.4986237 0.3477748 0.3477748 0.3477748 0.3477748 0.5435269 0.4356725 0.4345841 0.1810521 0.1810521 0.1900204 0.2186576 0.2521474 0.4137511 0.6068403 0.6505935 0.7314761 0.7857059 0.7685759 0.3958331 0.2060956 0.1525359 0.0775253 0.0598757 0.1213806 0.1327218 0.1749199 0.1200015 0.1439105 0.3698596 0.1000938 0.0254110 0.0053574 -1.0000000 0.0144889 0.0649330 0.0860764 0.1502299 0.1367721 0.1121547 0.1091636 0.1150321 0.1454762 -1.0000000 0.1788498 0.2137730 0.2406804 0.3139743 -1.0000000 0.2225131 0.2480214 -1.0000000 -1.0000000 0.2971152 0.3272876 0.2720323 0.1533594 0.1106592
0.4839864 0.3468974 0.3468974 0.3468974 0.3468974 0.3636983 0.4014909 0.4590049 0.2874325 0.2060956 0.2194643 0.2327260 0.2589460 0.2642091 0.2777487 0.4821031 0.5961588 0.5753502 0.7273462 0.5760431 0.4609436 0.1974959 0.1128939 0.1422341 0.3281635 0.1220863 0.2813665 0.1852900 0.1845430 0.4743772 0.2327260 0.0527827 -1.0000000 0.0053574 0.0048141 0.0042742 -1.0000000 -1.0000000 0.1241702 -1.0000000 0.0592225 0.0911403 0.1207052 0.1399606 0.1549200 0.2471847 -1.0000000 -1.0000000 -1.0000000 -1.0000000 0.3949677 -1.0000000 0.5813816 0.5329248 0.4986237 0.4715267 0.4402550 0.2068498
0.3799140 0.3799140 0.3460533 0.3460533 0.3460533 0.3460533 0.4145976 0.3987007 0.4107636 0.2830470 0.2262983 0.2359203 0.2504031 0.2642091 0.2504031 0.5898030 0.4249341 0.5699496 0.6692297 0.7177444 0.7314761 0.6068403 0.4221148 0.2495410 0.2240319 0.1650813 0.1234636 0.3938907 0.1635212 0.1643009 0.4954765 0.1884745 0.0190086 0.0048141 0.0042742 0.0037395 -1.0000000 -1.0000000 0.1000938 0.0328462 0.0351942 0.0691363 0.0845660 0.1069327 0.1383889 -1.0000000 -1.0000000 -1.0000000 -1.0000000 -1.0000000 -1.0000000 0.5610750 -1.0000000 0.5610750 0.5201910 0.5071135 0.4795166 0.4374654
0.3762341 0.3754147 0.3451434 0.3451434 0.3451434 0.3451434 0.3754147 0.4267668 0.3358000 0.2864565 0.2908207 0.2553550 0.2447174 0.2495410 0.2689427 0.4723668 0.3281635 0.6193687 0.6825942 0.6068403 0.7014930 0.6731669 0.5577213 0.1422341 0.1248720 0.1241702 0.1336020 0.1627153 0.2327260 0.1643009 0.3717722 0.2925124 0.0471700 0.0031859 0.0031859 0.0048141 -1.0000000 0.0649330 0.0521128 0.0351942 0.0465650 0.0592225 0.0925216 0.1200015 -1.0000000 0.3255649 -1.0000000 -1.0000000 -1.0000000 0.5813816 -1.0000000 -1.0000000 -1.0000000 -1.0000000 0.3324183 0.3671563 0.3707781 0.2961622
0.4077929 0.4503987 0.3441709 0.3441709 0.3441709 0.3441709 0.3441709 0.3799140 0.4277590 0.3332860 0.3095415 0.2908207 0.2455433 0.2619283 0.2980750 0.3406067 0.3272876 0.6132712 0.7348628 0.3033381 0.7721269 0.6568763 0.7750878 0.6949805 0.4851421 0.4192658 0.1248720 0.1256059 0.3864628 0.3735586 0.1860760 0.5316244 0.1643009 -1.0000000 0.0042742 0.0048141 0.0070300 0.0345860 0.0369627 0.0334218 0.0465650 0.0938952 0.1406858 -1.0000000 -1.0000000 -1.0000000 -1.0000000 0.3762341 -1.0000000 -1.0000000 -1.0000000 -1.0000000 -1.0000000 -1.0000000 0.1796243 0.1803589 0.2255012 0.1990358
0.3281635 0.4456655 0.3441709 0.3431978 0.3431978 0.3431978 0.3977365 0.4821031 0.4026068 0.3873608 0.3424014 0.2463495 0.2463495 0.2633932 0.3263995 0.3087113 0.3938907 0.5100569 0.7548589 0.3025764 0.3891419 0.6587619 0.7484864 0.5779442 0.6484574 0.4523401 0.1256059 0.1256059 0.2384054 0.5120611 0.3901579 0.1650813 0.2934095 0.0070300 0.0053574 0.0097457 0.0053574 0.0172638 0.0213996 0.0305105 -1.0000000 0.1256059 0.1502299 -1.0000000 -1.0000000 0.2471847 -1.0000000 0.2471847 -1.0000000 -1.0000000 -1.0000000 -1.0000000 -1.0000000 0.1207052 0.0733777 0.0925216 0.1178503 0.1098946
0.2830470 0.4201939 0.4077929 0.3513678 0.3424014 0.3495435 0.4438682 0.5012337 0.4356725 0.3698596 0.3495435 0.2728543 0.2471847 0.2471847 0.2900406 0.3324183 0.5414851 0.5298176 0.7076045 0.3130459 0.3015999 0.3015999 0.6755890 0.6317356 0.6003052 0.6587619 0.1383889 0.1773080 0.1703715 0.2864565 0.2202542 0.1658645 0.5269902 0.0070300 0.0134071 0.0048141 0.0075928 0.0167127 0.0184017 0.0382471 -1.0000000 0.1860760 0.2077913 0.2674163 -1.0000000 0.2327260 0.1666137 0.4192658 0.4675514 -1.0000000 -1.0000000 -1.0000000 -1.0000000 0.0620461 0.0357836 0.0546167 0.0670659 0.0539845
0.2900406 0.3221074 0.4597827 0.3864628 0.3414633 0.3977365 0.4763206 0.5329248 0.5269902 0.4578595 0.3949677 0.3290801 0.2480214 0.2480214 0.2804813 0.3390442 0.4182874 0.5414851 0.6003052 0.4870540 0.3006983 0.3006983 0.3113671 0.3006983 0.5898030 0.5335047 0.4239979 0.2052290 0.1741923 0.1673072 0.1666137 0.1666137 0.5130889 0.1157002 0.0031859 -1.0000000 0.0092012 0.0236655 0.0552502 0.0496891 0.0677430 0.1525359 0.1868839 0.2545553 0.3078948 0.2178652 0.1726547 0.3316345 -1.0000000 -1.0000000 -1.0000000 -1.0000000 -1.0000000 0.0719858 0.0345860 0.0434183 0.0565363 0.0533716
0.4014909 0.3374687 0.3910632 0.4014909 0.3406067 0.3611380 0.4485149 0.5062867 0.4665095 0.4870540 0.4542167 0.4201939 0.3221074 0.2582934 0.2980750 0.4014909 0.4609436 0.5577213 0.5558244 0.3431978 0.2998013 0.2998013 0.2998013 0.2998013 0.5120611 0.4042650 0.4267668 0.4230930 0.1681416 0.1875938 0.1673072 0.1673072 0.6236107 0.2864565 0.0698190 -1.0000000 0.0108026 0.0446932 0.0740771 0.0796570 -1.0000000 0.1171424 0.1327218 0.2421989 0.3255649 -1.0000000 -1.0000000 0.3468974 -1.0000000 -1.0000000 -1.0000000 -1.0000000 0.0761343 0.0484110 0.0316613 0.0363642 0.0642437 0.0527827
0.3735586 0.3967809 0.3735586 0.3176748 0.3105057 0.4014909 0.4889263 0.4715267 0.4033332 0.4675514 0.4230930 0.3441709 0.2856381 0.2971152 0.3771560 0.3977365 0.4839864 0.5490912 0.4287804 0.3495435 0.2998013 0.2989360 0.2989360 0.2989360 0.4067982 0.3681272 0.3689275 0.4878362 0.3619125 0.1681416 0.1681416 0.1681416 0.4646364 0.4059405 0.0818076 0.0048141 0.0092012 -1.0000000 -1.0000000 0.0698190 0.0592225 0.0598757 -1.0000000 -1.0000000 0.3195406 -1.0000000 -1.0000000 -1.0000000 -1.0000000 -1.0000000 -1.0000000 -1.0000000 0.0496891 0.0388851 0.0248358 0.0305105 0.0490226 0.0340003
0.2796076 0.2998013 0.3698596 0.2650387 0.3358000 0.4551474 0.5043195 0.4287804 0.3316345 0.3698596 0.4277590 0.4345841 0.3213032 0.2864565 0.3717722 0.4795166 0.4947382 0.5211643 0.4117918 0.3441709 0.2998013 0.2989360 0.2980750 0.2980750 0.3671563 0.3799140 0.3920720 0.4356725 0.3122393 0.1688366 0.1688366 0.1688366 0.2137730 0.3846044 0.0663515 0.0070300 0.0070300 -1.0000000 -1.0000000 0.0578386 0.0427730 0.0768175 -1.0000000 -1.0000000 0.3789608 -1.0000000 -1.0000000 0.4307089 0.5250282 -1.0000000 -1.0000000 -1.0000000 0.0277019 0.0259727 0.0213996 0.0219848 0.0242401 0.0184017
0.2847466 0.4878362 0.2217074 0.1824524 0.3237894 0.4374654 0.4665095 0.4578595 0.4014909 0.2796076 0.3726698 0.3967809 0.3195406 0.3176748 0.3735586 0.3817902 0.4609436 0.5230817 0.4560952 0.3689275 0.3398660 0.2989360 0.2980750 0.2971152 0.4494619 0.2971152 0.3015999 0.4257920 0.5679337 0.1884745 0.1695930 0.1695930 0.5161414 0.4107636 0.0305105 0.0070300 0.0064574 -1.0000000 0.0427730 -1.0000000 0.0761343 0.1422341 -1.0000000 0.3105057 0.4494619 0.4420384 0.5250282 0.5250282 -1.0000000 -1.0000000 -1.0000000 -1.0000000 0.0113297 0.0108026 0.0097457 0.0128798 0.0123695 0.0161437
0.0959515 0.4646364 0.0931941 0.1573025 0.3523024 0.3523024 0.3645856 0.3987007 0.3636983 0.3414633 0.2682350 0.2971152 0.2750898 0.2874325 0.3358000 0.3938907 0.5171439 0.4851421 0.3698596 0.3987007 0.3910632 0.5024289 0.3390442 0.2971152 0.2961622 0.2961622 0.4117918 0.3255649 0.5558244 0.2439609 0.4165311 0.2006465 0.5819287 0.2777487 0.0414513 0.0070300 0.0075928 0.0305105 0.0369627 0.0533716 0.0874522 -1.0000000 -1.0000000 -1.0000000 -1.0000000 -1.0000000 -1.0000000 -1.0000000 -1.0000000 0.3213032 -1.0000000 -1.0000000 0.0037395 0.0042742 0.0042742 0.0053574 0.0081379 0.0086683
0.1121547 0.0628017 0.1000938 0.1192532 0.1688366 0.2971152 0.2864565 0.3671563 0.2744099 0.3549487 0.2103325 0.2512613 0.3332860 0.3901579 0.4165311 0.4578595 0.5201910 0.4916307 0.3707781 0.3707781 0.3949677 0.3873608 0.5219915 0.2971152 0.3324183 0.2952300 0.2952300 0.2952300 0.4723668 0.2447174 0.4908255 0.2014250 0.3441709 0.2202542 0.0316613 0.0075928 0.0075928 0.0081379 0.0219848 0.0388851 -1.0000000 0.1286357 -1.0000000 -1.0000000 0.5250282 0.5250282 -1.0000000 -1.0000000 -1.0000000 0.1302851 -1.0000000 0.0128798 0.0108026 0.0037395 0.0037395 0.0037395 0.0048141 0.0048141
0.3237894 0.0620461 0.0818076 0.1000938 0.1471645 0.1852900 0.2006465 0.3611380 0.4277590 0.2006465 0.3290801 0.4221148 0.4696121 0.3929823 0.4006254 0.3689275 0.5032209 0.4542167 0.3717722 0.3717722 0.3717722 0.4966591 0.5739191 0.3272876 0.3382392 0.2943563 0.2943563 0.2943563 0.3744721 0.2455433 0.3204398 0.2480214 0.2650387 0.1286357 0.1008614 0.0081379 0.0075928 0.0075928 0.0177998 0.0259727 0.0484110 0.0845660 0.0973867 0.3025764 0.4878362 0.4696121 -1.0000000 -1.0000000 -1.0000000 -1.0000000 0.0161437 0.0070300 0.0037395 0.0037395 0.0031859 0.0031859 0.0031859 0.0048141
0.0613062 0.0803381 0.3095415 0.4675514 0.4165311 0.2178652 0.1860760 0.1868839 0.2255012 0.1998092 0.3671563 0.3298854 0.3307462 0.3316345 0.3324183 0.3698596 0.4870540 0.4383674 0.4098247 0.5639761 0.4878362 0.3726698 0.5558244 0.3414633 0.2934095 0.3567128 0.2934095 0.3341821 0.3078948 0.2463495 0.3882713 0.2989360 0.3033381 0.1703715 0.0994034 0.0086683 0.0075928 0.0070300 0.0134071 0.0144889 0.0184017 0.0134071 0.0605854 0.2830470 0.4335852 -1.0000000 0.5219915 0.4239979 0.2847466 -1.0000000 -1.0000000 0.0042742 0.0031859 0.0031859 0.0031859 0.0026740 0.0031859 0.0042742
0.0605854 0.1868839 0.2413931 0.2712241 0.4211323 0.4570358 0.5277347 0.1868839 0.1990358 0.3996899 0.3846044 0.3307462 0.3307462 0.3316345 0.3424014 0.4127282 0.4802350 0.4006254 0.4006254 0.5920351 0.7207778 0.4192658 0.4107636 0.5995843 0.2934095 0.2925124 0.2934095 0.3584638 0.2545553 0.3837210 0.5891483 0.3255649 0.3901579 0.2777487 0.1061814 0.0075928 0.0070300 0.0086683 0.0064574 0.0053574 0.0058936 0.0048141 -1.0000000 0.1982117 -1.0000000 0.5277347 -1.0000000 -1.0000000 -1.0000000 -1.0000000 0.0128798 0.0037395 0.0026740 0.0026740 0.0026740 0.0026740 0.0021617 0.0048141
0.0867684 0.2170809 0.1982117 0.2128369 0.1967016 0.2068498 0.2095194 0.2021289 0.2471847 0.3523024 0.4296843 0.3316345 0.3316345 0.3316345 0.3549487 0.4402550 0.4551474 0.4174503 0.3996899 0.6132712 0.3398660 0.5081834 0.5130889 0.4494619 0.2934095 0.2925124 0.2917433 0.2908207 0.3996899 0.4239979 0.5920351 0.3611380 0.4033332 0.2021289 0.0810803 0.0102594 0.0075928 0.0064574 0.0058936 0.0064574 0.0048141 0.0064574 0.0113297 0.1982117 -1.0000000 -1.0000000 -1.0000000 -1.0000000 0.2210104 -1.0000000 0.0097457 0.0037395 0.0026740 0.0021617 0.0021617 0.0021617 0.0021617 0.0016671
0.1164373 0.1845430 0.1695930 0.1263564 0.1486548 0.1749199 0.4821031 0.5395274 0.2334939 0.2998013 0.4077929 0.3891419 0.3324183 0.3324183 0.3324183 0.4335852 0.4410645 0.3987007 0.6692297 0.5201910 0.5130889 0.3390442 0.4366542 0.2943563 0.2934095 0.2925124 0.2989360 0.2917433 0.3611380 0.2934095 0.2943563 0.3033381 0.6445091 0.3910632 0.1302851 0.0113297 0.0097457 0.0086683 0.0058936 0.0053574 0.0102594 -1.0000000 -1.0000000 -1.0000000 0.2666761 -1.0000000 -1.0000000 0.4636874 -1.0000000 -1.0000000 0.0064574 0.0026740 0.0026740 0.0031859 0.0016671 0.0016671 0.0016671 0.0016671
0.1391209 0.1136214 0.1143059 0.1248720 0.1359946 0.3246725 0.3910632 0.6174689 0.2384054 0.2545553 0.3920720 0.4277590 0.4287804 0.3602290 0.3332860 0.4145976 0.3977365 0.4475096 0.6929173 0.4889263 0.3663634 0.3602290 0.2952300 0.2943563 0.2934095 0.2934095 0.2925124 0.2925124 0.2925124 0.2934095 0.2943563 0.4383674 0.8241190 0.3671563 0.0552502 0.0208148 0.0123695 0.0092012 0.0064574 0.0058936 0.0042742 0.0037395 0.0037395 -1.0000000 0.1765112 -1.0000000 -1.0000000 0.2822403 0.0663515 -1.0000000 -1.0000000 0.0092012 0.0031859 0.0026740 0.0026740 0.0011940 0.0011940 0.0011940
0.1128939 0.1136214 0.1143059 0.1541626 0.2521474 0.3015999 0.2666761 0.3938907 0.4098247 0.2359203 0.3477748 0.3873608 0.4014909 0.4165311 0.3539535 0.3531168 0.3645856 0.4851421 0.3873608 0.5355222 0.2971152 0.2961622 0.2952300 0.3349969 0.3069990 0.2934095 0.2934095 0.2934095 0.2934095 0.3246725 0.4356725 0.3628286 0.8241190 0.2589460 0.0294232 0.0277019 0.0150106 0.0102594 0.0064574 0.0048141 0.0048141 0.0048141 0.0048141 0.0097457 0.1549200 -1.0000000 -1.0000000 -1.0000000 0.0155737 0.0144889 0.0070300 -1.0000000 0.0139608 0.0053574 0.0031859 0.0021617 0.0007532 0.0016671
0.1998092 0.1406858 0.1595387 0.1319560 0.1517738 0.2170809 0.1549200 0.3495435 0.4145976 0.1810521 0.3006983 0.3958331 0.4145976 0.4033332 0.4267668 0.3958331 0.3539535 0.3864628 0.4802350 0.5355222 0.3837210 0.2961622 0.3087113 0.3060662 0.2943563 0.2943563 0.2943563 0.2943563 0.2943563 0.2943563 0.4345841 0.3636983 0.7804484 0.2561042 0.0459501 0.0388851 0.0190086 0.0108026 0.0075928 0.0053574 0.0037395 0.0058936 0.0048141 0.0086683 -1.0000000 -1.0000000 -1.0000000 -1.0000000 0.0064574 0.0053574 0.0042742 0.0081379 0.0064574 0.0048141 0.0037395 -1.0000000 0.0031859 0.0011940
