trunk/projects/spp-inf/Zonation runs/Test data/Output/out_missingSp5.prop.asc
ncols        649
nrows        555
xllcorner    294205.000000000000
yllcorner    6283604.599999999600
cellsize     0.200000000000
NODATA_value     -1
[rows 338 to 363 of 555, columns 232 to 289 of 649]
0.9079162 0.8912444 0.8983949 0.9455037 0.8679058 0.8407409 0.8407409 0.8421015 0.8424596 0.8441256 0.8688979 0.8968611 0.9441857 0.9657015 0.9831720 0.9873251 0.9925720 0.9836541 0.9177241 0.8120636 0.7443304 0.6993301 0.6889819 0.6874204 0.6756411 0.6530051 0.6874204 0.6736486 -1.0000000 0.6186983 0.5846114 0.5401413 0.4819743 0.5103838 0.5212002 0.5103838 0.4694387 0.3972600 0.3362901 0.2838684 0.2594936 0.2249511 -1.0000000 -1.0000000 0.2685246 0.2487324 0.2412812 0.1845452 0.1828401 0.2710131 0.2652701 0.2520223 0.2235733 0.1665248 0.1665248 0.1665248 0.1989662 0.1989662
0.8871389 0.7888507 0.8777587 0.9447701 0.9311112 0.8940998 0.8421015 0.8421015 0.8424596 0.8441256 0.8821268 0.9095456 0.9471657 0.9763674 0.9840301 0.9826166 0.9782921 0.9332361 0.8803775 0.8928606 0.8688979 0.7628136 0.7260888 0.7074654 0.6756411 0.6513599 0.6657013 0.5885037 0.5903684 0.5685999 -1.0000000 0.5251304 0.5191343 -1.0000000 0.5263247 0.5072407 0.4359019 0.4036850 0.3454309 0.2967333 0.2645147 0.2397162 -1.0000000 -1.0000000 -1.0000000 0.2353593 0.2578893 0.2098660 0.1836325 0.2445952 0.2958769 0.2906990 0.2249511 0.1948809 0.1674106 0.1674106 0.2122890 0.2327169
0.7883679 0.7888507 0.8996013 0.9566312 0.9621781 0.9086158 0.8424596 0.8424596 0.8424596 0.8441256 0.8912444 0.9332361 0.9616116 0.9693523 0.9828819 0.9715768 0.9603919 0.9195393 0.9122924 0.8777587 0.8746672 0.7730672 0.7664866 0.7382805 0.6836348 0.6103678 0.5885037 0.5879819 0.5864980 0.6103678 -1.0000000 -1.0000000 0.5203872 -1.0000000 0.5430136 0.5353473 0.4819743 0.4167899 0.3722808 0.3276917 0.2906990 0.2637254 -1.0000000 0.4646888 -1.0000000 0.2545418 0.2378811 0.2487324 0.2412812 0.2190635 0.2570279 0.2898253 0.2745112 0.2652701 0.1940243 0.1861420 0.1896732 0.2445952
0.7883679 0.7888507 0.9031466 0.9133908 0.9311112 0.9616116 0.9204922 0.8850887 0.8495375 0.8803775 0.9250538 0.9572693 0.9621781 0.9693523 0.9789640 0.9634579 0.9464835 0.8996013 0.8276485 0.8009155 0.7632169 0.6610407 0.6993301 0.6271190 0.5903684 0.5898928 0.6144384 0.6085172 0.6293267 0.6043206 -1.0000000 0.5333482 0.5171084 0.5231628 0.5333482 0.5363659 0.4924695 0.4386327 0.3953578 0.3630729 0.3155147 0.2736526 -1.0000000 -1.0000000 0.2537252 0.2603167 0.2412812 0.2762536 0.2890021 0.2445952 0.2206610 0.2628811 0.2863808 0.2898253 0.2942226 0.2586337 0.1981234 0.2056670
0.7883679 0.7888507 0.8178823 0.7911890 0.9166318 0.9627399 0.9106398 0.8709305 0.9057196 0.9366090 0.9668480 0.9668480 0.9578832 0.9693523 0.9743317 0.9730884 0.9558368 0.9066922 0.8356642 0.7697482 0.6615644 0.6610407 0.6597692 0.6085172 0.6556293 0.6334929 0.6137396 0.6436491 -1.0000000 0.5499806 0.5903684 0.5401413 0.5130690 0.5171084 0.5251304 0.5072407 0.4894851 0.4607987 0.4340170 0.4001181 0.3232456 -1.0000000 0.2652701 -1.0000000 0.2241820 0.2241820 0.2073500 0.2611414 0.2976311 0.3002328 0.2685246 0.2327169 0.2779384 0.3002328 0.3028041 0.3053676 0.2570279 0.2370936
0.7888507 0.7888507 0.7895606 0.7911890 0.8996013 0.9700178 0.9678315 0.9693523 0.9782921 0.9782921 0.9743317 0.9688824 0.9668480 0.9684172 0.9657015 0.9650766 0.9662170 0.9597791 0.8725867 0.7986720 0.6836348 0.6736486 0.7220447 0.7156659 0.6914909 0.6415794 -1.0000000 0.5925527 0.5566663 0.5083508 0.5271990 -1.0000000 -1.0000000 0.5123529 0.5044031 0.4505162 0.4459358 0.4064056 0.3891634 0.3499813 0.3188444 0.2770872 -1.0000000 -1.0000000 0.2454869 0.2065220 0.2813387 0.2993386 0.3011003 0.2993386 0.2984362 0.2924036 0.2863808 0.3071237 0.3104155 0.3104155 0.3053676 0.2924036
0.7895606 0.7895606 0.7895606 0.7911890 0.8663589 0.9341855 0.9445862 0.9698202 0.9879255 0.9875145 0.9789640 0.9792798 0.9796566 0.9715768 0.9724073 0.9668480 0.9566312 0.9455037 0.9566312 0.8483869 0.7280926 0.7220447 0.7095586 0.7342325 0.6635698 0.6313352 0.5607561 0.5171084 0.5487846 0.5251304 0.5401413 -1.0000000 -1.0000000 -1.0000000 0.4894851 0.4561815 0.4523080 0.3891634 0.3780269 0.3667691 0.2668660 0.2637254 0.2553563 0.2335544 0.2470822 0.2056670 0.2863808 0.3213931 0.2950231 0.2898253 0.3087027 0.3078847 0.3045748 0.3061887 0.3071237 0.3028041 0.3002328 0.2976311
0.7911890 0.7911890 0.7911890 0.7911890 0.8247520 0.8632753 0.8611320 0.9234904 0.9558368 0.9597791 0.9668480 0.9728252 0.9706108 0.9792798 0.9796566 0.9715768 0.9621781 0.9461753 0.9668480 0.8746672 0.7895606 0.6736486 0.6456843 0.6186983 0.5587469 0.5283551 0.4542783 0.5191343 0.5666496 -1.0000000 -1.0000000 -1.0000000 -1.0000000 -1.0000000 0.4838139 -1.0000000 0.4684922 0.3953578 0.4292464 0.4046152 0.2829950 0.1964957 0.2056670 0.2106206 0.1957118 0.1957118 0.2728023 0.3417732 0.2779384 0.2728023 0.2745112 0.3454309 0.3268018 0.3113306 0.2984362 0.2915446 0.2890021 0.2880281
0.8276485 0.8178823 0.7917133 0.7917133 0.7917133 0.8247520 0.9133908 0.9491261 0.9634579 0.9590174 0.9611219 0.9603919 0.9590174 0.9719920 0.9792798 0.9710524 0.9735062 0.9730884 0.9789640 0.9558368 0.9057196 0.6914909 0.5171084 0.4431073 0.4282723 0.4273132 0.4263596 0.4252310 0.4244415 0.4367602 0.4694387 -1.0000000 -1.0000000 0.4885063 0.4838139 0.4803723 0.4627820 0.4523080 0.4495245 0.4046152 0.2779384 0.1964957 0.1957118 0.1948809 0.1948809 0.2335544 0.2445952 -1.0000000 0.3138895 0.2660161 0.2645147 0.3071237 0.3657677 0.3575466 0.3138895 0.2779384 0.2838684 0.2872508
0.8474592 0.7929553 0.7929553 0.7929553 0.7929553 0.8558968 0.9698202 0.9823505 0.9809593 0.9491261 0.9488349 0.9488349 0.9616116 0.9700178 0.9735062 0.9747300 0.9815583 0.9861891 0.9842712 0.9800712 0.9350828 0.7156659 0.5191343 0.4292464 0.4282723 0.4273132 0.4263596 0.4252310 0.4495245 0.4803723 0.4743544 0.4819743 -1.0000000 0.4924695 -1.0000000 0.4838139 0.4657215 0.4588929 0.4665225 0.3991770 0.3472815 0.2890021 0.1957118 0.1948809 0.1940243 0.2181476 0.2421237 -1.0000000 -1.0000000 0.2788337 0.2520223 0.2677597 0.2950231 0.3537695 0.3399966 0.2754053 0.2611414 0.3037174
0.7917133 0.7929553 0.7934635 0.7934635 0.8688979 0.9507742 0.9735062 0.9804022 0.9491261 0.9481183 0.9481183 0.9481183 0.9611219 0.9719920 0.9739397 0.9800712 0.9796566 0.9730572 0.9730884 0.9800712 0.9650766 0.8212383 0.5925527 0.4848319 0.4675281 0.4273132 0.4263596 0.4263596 0.5130690 0.5353473 0.4819743 0.5023901 -1.0000000 0.5292588 -1.0000000 0.4753857 0.4657215 0.4638067 0.4733341 0.4394483 0.4377547 0.4348390 0.2537252 0.1948809 0.2345212 -1.0000000 -1.0000000 0.3286049 0.2984362 0.2880281 0.2429774 0.2645147 0.2652701 0.3326832 0.3286049 0.3268018 0.2462711 0.2421237
0.7917133 0.7929553 0.8495375 0.8558968 0.9166318 0.9678315 0.9767863 0.9789640 0.9755445 0.9545078 0.9480338 0.9538941 0.9662170 0.9464835 0.9627399 0.9710524 0.9728252 0.9747300 0.9867697 0.9886437 0.9809593 0.8688979 0.6816326 0.5401413 0.4675281 0.5072407 0.4273132 0.4273132 0.4273132 0.4282723 0.4570362 -1.0000000 -1.0000000 0.5251304 0.4885063 0.4733341 0.4665225 0.4733341 -1.0000000 0.4665225 0.4704844 0.4412277 0.3353728 0.2779384 0.2804537 0.2637254 0.2710131 0.3427088 0.2906990 0.3011003 0.2327169 0.2745112 0.3095571 0.2915446 0.2984362 0.2906990 0.2829950 0.2198746
0.7917133 0.7929553 0.8310935 0.9133908 0.9332361 0.9778865 0.9842712 0.9828819 0.9616116 0.9523714 0.9478825 0.9645376 0.9530805 0.9166318 0.9302400 0.9616116 0.9735062 0.9881147 0.9917352 0.9898825 0.9845089 0.9149038 0.7664866 0.7632169 0.6715646 0.5825078 0.4282723 0.4282723 0.4282723 0.4675281 0.5072407 -1.0000000 0.5566663 -1.0000000 -1.0000000 0.4774048 0.4762111 0.4867123 -1.0000000 -1.0000000 -1.0000000 0.3891634 0.2993386 0.2652701 0.2645147 0.2645147 0.2804537 0.2890021 0.2685246 0.2693949 0.2318221 0.2561968 0.2967333 0.2813387 0.2788337 0.2890021 0.2745112 0.2206610
0.7917133 0.7929553 0.8803775 0.9597791 0.9427625 0.9743317 0.9747300 0.9538941 0.9478825 0.9471657 0.9516616 0.9498586 0.9386531 0.8956220 0.9066922 0.9433883 0.9743317 0.9804022 0.9743317 0.9888374 0.9906623 0.9668480 0.8178823 0.8178823 0.7895606 0.6497535 0.4292464 0.4964735 0.5685999 0.5587469 0.5111971 0.5093099 0.4450486 0.4803723 -1.0000000 0.4422066 -1.0000000 0.4867123 0.4838139 -1.0000000 -1.0000000 0.3864608 0.2660161 0.2652701 0.2652701 0.2933286 0.3011003 0.2702656 0.2470822 0.2309969 0.2309969 0.2309969 0.2454869 0.2668660 0.3188444 0.3326832 0.2611414 0.2174031
0.7929553 0.7929553 0.8148762 0.9386531 0.9688824 0.9639981 0.9634579 0.9645376 0.9611219 0.9491261 0.9031466 0.8632753 0.8495375 0.8495375 0.8517872 0.9227896 0.9603919 0.9678315 0.9771288 0.9905219 0.9920922 0.9877378 0.9311112 0.8709305 0.8912444 0.7450644 0.4905046 0.4944594 0.5251304 0.5324146 0.5231628 0.5033814 0.4036850 0.4027696 0.4292464 0.4320925 0.4468235 0.4876466 0.4762111 -1.0000000 0.4542783 0.3604116 0.2898253 0.3286049 0.3301560 0.3293981 -1.0000000 0.2821860 0.2512567 0.2309969 0.2300256 0.2300256 0.2300256 0.2309969 0.3798568 0.2838684 0.2479041 0.2235733
0.7934635 0.7934635 0.8424596 0.9216725 0.9481183 -1.0000000 0.9332361 0.9177241 0.8871389 0.8492393 0.8492393 0.8492393 0.8492393 0.8495375 0.8821268 0.9204922 0.9386531 0.9516616 0.9645376 0.9792798 0.9867697 0.9922065 0.9739397 0.9433883 0.9291116 0.8611320 0.6474423 0.4083263 0.4092467 0.4486905 0.5303541 0.4292464 0.4036850 0.4036850 0.4036850 0.4046152 0.4753857 0.4607987 0.4905046 0.4657215 0.4532331 0.4320925 0.3732646 0.3944772 0.3963339 0.3687199 0.3566395 0.3196517 0.2637254 0.2309969 0.2300256 0.2292504 0.2429774 0.2958769 0.4092467 -1.0000000 0.1767657 0.1777090
0.7956067 0.7956067 0.7956067 0.8148762 0.8889607 -1.0000000 0.8968611 0.8558968 0.8492393 0.8483869 0.8483869 0.8483869 0.8495375 0.9066922 0.9311112 0.9045957 0.9149038 0.9507742 0.9724073 0.9789640 0.9864031 0.9913217 0.9916248 0.9804022 0.9747300 0.8940998 0.7253916 0.4083263 0.4073974 0.4064056 0.4055464 0.4046152 0.4046152 0.4723931 0.5033814 0.4858012 0.4867123 0.5448752 0.5251304 -1.0000000 -1.0000000 0.4348390 0.4177824 0.4330432 0.4046152 0.3910041 0.3816660 0.3556679 0.2958769 0.2309969 0.2300256 0.2693949 -1.0000000 -1.0000000 0.3566395 -1.0000000 0.1853443 0.1777090
0.7963184 0.7963184 0.7963184 0.8120636 0.9057196 0.9441857 0.9149038 0.8541452 0.8746672 0.8746672 0.8474592 0.8474592 0.9498586 0.9417111 0.9166318 0.8925162 0.9079162 0.9407936 0.9855152 0.9911869 0.9905219 0.9924593 0.9881147 0.9891763 0.9857606 0.9311112 0.6776548 0.4468235 0.4073974 0.4064056 0.4055464 0.4055464 0.4055464 0.4311586 0.5063053 -1.0000000 -1.0000000 0.5528522 0.5271990 0.5333482 0.4723931 0.4646888 0.4570362 0.4607987 -1.0000000 0.4186019 0.3927395 -1.0000000 0.3002328 0.2553563 0.2327169 0.2594936 0.4167899 -1.0000000 0.3982665 0.2479041 0.2089674 0.1905739
0.7966968 0.7966968 0.8093519 0.8120636 0.8611320 0.9195393 -1.0000000 0.9378679 0.9341855 0.8821268 0.8469672 0.8474592 0.9177241 0.9332361 0.9066922 0.8924589 0.9011576 0.9481183 0.9775470 0.9861891 0.9831720 0.9834124 0.9724073 0.9786071 0.9869307 0.9545078 0.8247520 0.5547608 0.4905046 0.5212002 0.4064056 0.4064056 0.4064056 0.4083263 0.4867123 -1.0000000 -1.0000000 -1.0000000 -1.0000000 -1.0000000 -1.0000000 0.5111971 0.4924695 -1.0000000 -1.0000000 -1.0000000 0.4215710 0.3864608 0.3213931 0.2754053 0.2454869 0.2438148 0.4412277 0.5324146 0.4292464 0.2429774 0.2190635 0.2106206
0.7982551 0.7982551 0.7982551 0.8450044 0.8541452 0.9188716 -1.0000000 0.9133908 0.8495375 0.8467490 0.8469672 0.8709305 0.9341855 0.9603919 0.9386531 0.9227896 0.8912444 0.9250538 0.9433883 0.9507742 0.9523714 0.9530805 0.9538941 0.9799402 0.9837863 0.9775470 0.8581441 0.5925527 0.4964735 0.5411236 0.4762111 0.4073974 0.4073974 0.4348390 0.5130690 -1.0000000 -1.0000000 -1.0000000 0.5706916 -1.0000000 -1.0000000 0.5324146 0.5054042 -1.0000000 0.4694387 -1.0000000 0.4367602 0.4046152 0.3657677 0.3130308 0.2685246 0.2660161 -1.0000000 0.5839393 0.4196383 0.2570279 0.2241820 0.2122890
0.8009155 0.8247520 0.8483869 0.9161584 0.9011576 0.9321776 0.9321776 0.8709305 0.8450044 0.8912444 0.8889607 0.9195393 0.9545078 0.9262868 0.9302400 0.8912444 0.8762032 0.9177241 0.9471657 0.9710524 0.9572693 0.9530805 0.9536363 0.9657015 0.9688824 0.9706108 0.8762032 0.5944567 0.4580256 0.5130690 0.5130690 0.4422066 0.4083263 0.4083263 0.4158416 0.4704844 0.5333482 -1.0000000 -1.0000000 0.5764363 0.5547608 0.5303541 -1.0000000 -1.0000000 0.4811161 -1.0000000 0.4588929 0.3953578 0.3657677 0.3028041 0.2745112 0.2890021 -1.0000000 -1.0000000 0.3798568 0.2495281 0.2131583 0.2257503
0.9177241 -1.0000000 -1.0000000 0.9291116 0.9321776 0.9302400 0.9311112 0.8841705 0.9234904 -1.0000000 0.9566312 0.9419944 0.9341855 0.9204922 0.9204922 0.8648841 0.9031466 0.9302400 0.9516616 0.9847843 0.9645376 0.9715768 0.9778865 0.9693523 0.9730884 0.9719920 0.8762032 0.5846114 0.4570362 0.4819743 0.4944594 0.5212002 0.4495245 0.4092467 0.4092467 0.4101633 0.5063053 -1.0000000 -1.0000000 0.5964272 0.5784748 0.5468191 0.5251304 0.5015197 -1.0000000 0.4894851 0.4599345 0.3788858 0.2942226 0.2754053 0.2950231 0.2890021 0.3206219 0.4618327 0.2545418 0.2292504 0.2139603 0.2139603
0.9366090 0.9378679 0.9350828 0.9332361 0.9311112 -1.0000000 0.9291116 -1.0000000 0.9378679 -1.0000000 0.9378679 0.9133908 0.9133908 0.9427625 0.9133908 0.8632753 0.9066922 0.9700178 0.9778865 0.9849991 0.9871357 0.9869307 0.9857606 0.9715768 0.9786071 0.9551740 0.7664866 0.5547608 0.4588929 0.4561815 0.4550968 0.4542783 0.5251304 0.4867123 0.4101633 0.4101633 0.4561815 0.5764363 -1.0000000 0.6251433 -1.0000000 0.5607561 0.5151346 0.5003998 0.4944594 0.4811161 0.4422066 0.3371480 0.2796723 0.3353728 0.3518417 0.3196517 0.3362901 0.4348390 0.3537695 0.2147620 0.2206610 0.2370936
0.9386531 0.9386531 0.9378679 0.9350828 -1.0000000 -1.0000000 0.9302400 0.9350828 -1.0000000 -1.0000000 0.8968611 0.8850887 0.8209159 0.8940998 0.8709305 0.8424596 0.9227896 0.9751238 0.9812933 0.9823505 0.9847843 0.9888374 0.9914576 0.9818214 0.9775470 0.9378679 0.7617134 0.5964272 0.6271190 0.4561815 0.4550968 0.4550968 0.5003998 0.5626282 0.4111491 0.4111491 0.4723931 0.5468191 -1.0000000 0.6456843 0.6144384 0.5825078 0.5353473 0.5072407 0.5044031 0.4252310 0.3612792 0.2804537 0.3371480 0.3944772 0.3910041 0.4130155 0.3836200 -1.0000000 0.3071237 0.2685246 0.2620219 0.2214054
-1.0000000 0.9386531 0.9302400 0.9227896 -1.0000000 0.9350828 -1.0000000 -1.0000000 0.8882731 0.9166318 0.8517872 0.8196676 0.8178823 0.8178823 0.8178823 0.8598641 0.8912444 0.9262868 0.9433883 0.9558368 0.9743317 0.9735062 0.9789640 0.9859759 0.9706108 0.8663589 0.6597692 0.5903684 0.6375754 0.5607561 0.4894851 0.4599345 0.5487846 0.6144384 0.5382786 0.5508428 0.5392776 0.5587469 0.6334929 -1.0000000 -1.0000000 -1.0000000 0.5468191 0.5263247 -1.0000000 0.4588929 0.4561815 0.3742948 0.3309302 0.3826230 0.4139768 0.3798568 0.3687199 -1.0000000 -1.0000000 0.2821860 0.2829950 0.3087027
0.9447701 0.9250538 0.9122924 0.8581441 0.9302400 -1.0000000 0.9378679 0.9407936 0.9011576 0.8212383 0.8200440 0.8196676 0.8178823 0.8174821 0.8174821 0.8450044 0.8841705 0.9066922 0.9250538 0.9639981 0.9634579 0.9719920 0.9786071 0.9859759 0.9759107 0.8983949 0.7298173 0.5685999 0.5626282 0.5846114 0.6334929 0.6167021 0.6635698 0.6934447 -1.0000000 0.6796606 0.6856132 0.6474423 0.6836348 -1.0000000 -1.0000000 -1.0000000 0.5626282 0.5448752 0.4944594 -1.0000000 0.4984711 0.4733341 0.4148421 0.3317542 0.3657677 0.3788858 0.3604116 0.3454309 0.3380979 0.3927395 0.3864608 0.3155147
