trunk/projects/spp-inf/Zonation runs/Test data/Output/out_missingSp3.prop.asc
ncols        649
nrows        555
xllcorner    294205.000000000000
yllcorner    6283604.599999999600
cellsize     0.200000000000
NODATA_value     -1
[rows 130 to 155 of 555, columns 232 to 289 of 649]
0.3432786 0.3063588 -1.0000000 0.2944463 0.3204471 -1.0000000 -1.0000000 -1.0000000 -1.0000000 -1.0000000 -1.0000000 -1.0000000 0.1884670 0.1450035 -1.0000000 0.1760152 0.1179909 0.1630595 0.1669832 0.2193710 0.2002220 -1.0000000 0.3390252 -1.0000000 -1.0000000 -1.0000000 -1.0000000 -1.0000000 -1.0000000 -1.0000000 -1.0000000 -1.0000000 0.5978367 0.5793622 0.5429485 0.5447726 0.5128500 0.4853032 0.4047020 -1.0000000 0.1080590 0.0954111 0.0633498 0.0386021 0.0214373 0.0113153 -1.0000000 0.0113153 0.0190073 0.0491810 0.0268463 0.0273789 0.0279999 0.0334183 0.0208719 0.0208719 0.0386021 0.0442153
-1.0000000 0.3089046 0.3588343 0.2859613 0.3553217 -1.0000000 -1.0000000 0.2936175 -1.0000000 0.3259608 -1.0000000 -1.0000000 0.1654478 -1.0000000 0.1669832 0.1528904 0.1118789 0.1319757 0.1537042 -1.0000000 -1.0000000 0.2107950 -1.0000000 -1.0000000 -1.0000000 -1.0000000 -1.0000000 -1.0000000 -1.0000000 -1.0000000 -1.0000000 -1.0000000 0.5228324 0.4086105 0.4343098 0.5714595 0.5957566 0.5936505 0.4873881 0.2724379 0.1209946 0.1066136 0.0784696 0.0368068 0.0240759 0.0190073 0.0108011 0.0076252 0.0273789 0.0814554 0.0373659 0.0190073 0.0220167 0.0311838 0.0202639 0.0208719 0.0423317 0.0718712
0.2629069 0.3276929 0.3533819 -1.0000000 -1.0000000 -1.0000000 0.3791236 0.3886529 -1.0000000 0.3028486 -1.0000000 -1.0000000 -1.0000000 -1.0000000 0.1280195 0.1118789 0.1110944 0.1560542 0.1684615 0.1450035 0.1575202 0.1760152 0.2412598 0.2604408 -1.0000000 -1.0000000 -1.0000000 -1.0000000 -1.0000000 -1.0000000 -1.0000000 0.2460924 0.1870360 0.2365239 0.2944463 0.3755132 0.4104498 -1.0000000 -1.0000000 -1.0000000 0.2240303 0.1209946 0.0777449 0.0311838 0.0225486 0.0127737 0.0196272 0.0173401 0.0190073 0.0821676 0.0351187 0.0184141 0.0190073 0.0196272 0.0202639 0.0208719 0.0436343 0.1095596
0.3294069 -1.0000000 -1.0000000 -1.0000000 -1.0000000 0.3886529 0.3709455 0.3895204 -1.0000000 -1.0000000 -1.0000000 0.2396701 0.1240616 0.0954111 0.1110944 0.1058719 0.1125671 0.1544868 0.1560542 0.1699954 0.1699954 0.1568301 0.1884670 0.2540268 -1.0000000 -1.0000000 -1.0000000 -1.0000000 -1.0000000 -1.0000000 -1.0000000 0.2044148 0.1760152 0.1751589 0.1646323 0.1977329 0.2944463 0.3727666 0.4302566 0.3214929 0.2224686 0.1080590 0.0975249 0.0268463 0.0132585 0.0132585 0.0157634 0.0162646 0.0167626 0.0173401 0.0178804 0.0184141 0.0190073 0.0196272 0.0202639 0.0296671 0.0806722 0.1386386
-1.0000000 -1.0000000 -1.0000000 -1.0000000 -1.0000000 -1.0000000 -1.0000000 -1.0000000 -1.0000000 -1.0000000 0.1497848 -1.0000000 0.1328431 0.1217061 0.1050645 0.1560542 0.2443577 -1.0000000 0.1720865 0.1760152 0.1560542 0.1606409 0.2300459 0.2653825 -1.0000000 -1.0000000 -1.0000000 -1.0000000 -1.0000000 -1.0000000 0.2002220 0.2277511 0.1892218 0.1800275 0.1552725 0.1800275 0.2325054 0.2884036 0.2716088 0.2419671 0.1319757 0.0740242 0.0608118 0.0368068 0.0152631 0.0184141 0.0392817 0.0173401 0.0296671 0.0173401 0.0178804 0.0184141 0.0190073 0.0196272 0.0202639 0.0410909 0.1058719 0.1842850
0.2757049 -1.0000000 -1.0000000 -1.0000000 -1.0000000 -1.0000000 -1.0000000 -1.0000000 -1.0000000 0.3755132 -1.0000000 -1.0000000 0.1706988 0.1458147 -1.0000000 0.1458147 -1.0000000 -1.0000000 0.3028486 -1.0000000 0.2365239 0.2817540 0.2928879 0.3320105 -1.0000000 -1.0000000 -1.0000000 -1.0000000 -1.0000000 -1.0000000 0.2146240 -1.0000000 -1.0000000 -1.0000000 -1.0000000 0.1852448 0.2116182 0.1938500 0.1482605 0.1409745 0.0968421 0.0639703 0.0503869 0.0516950 0.0510451 0.0373659 0.0345251 0.0351187 0.0257961 0.0196272 0.0900179 0.0842356 0.0279999 0.0196272 0.0235612 0.1125671 0.2093631 0.2494299
0.2764762 -1.0000000 -1.0000000 -1.0000000 -1.0000000 -1.0000000 -1.0000000 -1.0000000 -1.0000000 0.1775892 -1.0000000 -1.0000000 0.1417584 0.1110944 -1.0000000 0.1073374 -1.0000000 0.2936175 0.3089046 0.3151051 0.3416898 0.3497291 0.3877632 0.4363480 -1.0000000 -1.0000000 -1.0000000 -1.0000000 -1.0000000 -1.0000000 0.4143376 0.2443577 -1.0000000 0.1993534 0.1630595 0.1552725 0.1280195 0.0939624 0.0747280 0.0334183 0.0339568 -1.0000000 -1.0000000 0.0316958 0.0373659 0.0416539 0.0563843 0.0523330 0.0202639 0.0357112 0.0436343 0.0190073 0.0214373 0.0416539 0.0923781 0.1760152 0.3098384 0.3240047
-1.0000000 -1.0000000 -1.0000000 -1.0000000 -1.0000000 -1.0000000 -1.0000000 -1.0000000 0.1852448 0.1528904 -1.0000000 0.1386386 0.1458147 0.1044061 0.0939624 0.1066136 -1.0000000 -1.0000000 0.2435352 -1.0000000 0.3950809 0.4679257 0.4991003 0.4991003 -1.0000000 -1.0000000 -1.0000000 -1.0000000 -1.0000000 -1.0000000 -1.0000000 -1.0000000 -1.0000000 -1.0000000 0.1775892 0.1614182 -1.0000000 0.0633498 0.0454947 0.0273789 0.0461282 0.0345251 -1.0000000 0.0322610 0.0379768 0.0345251 0.0436343 0.0485325 0.0208719 0.0328178 -1.0000000 0.0583381 0.0842356 0.1232721 0.2002220 0.3124574 0.3588343 0.3857234
0.2910187 -1.0000000 -1.0000000 -1.0000000 -1.0000000 -1.0000000 -1.0000000 -1.0000000 0.1512720 0.1361257 -1.0000000 0.1458147 -1.0000000 -1.0000000 0.0799092 0.0915458 0.0829352 0.1775892 -1.0000000 0.3700588 -1.0000000 -1.0000000 0.4813241 -1.0000000 -1.0000000 -1.0000000 -1.0000000 -1.0000000 -1.0000000 -1.0000000 -1.0000000 -1.0000000 -1.0000000 -1.0000000 0.1417584 0.1345216 0.1073374 0.0557080 0.0583381 0.0214373 0.0162646 0.0252028 0.0379768 0.0386021 0.0373659 0.0268463 0.0296671 0.0214373 0.0214373 0.0322610 0.0410909 0.1458147 0.1669832 0.2685431 0.3037650 0.3657249 0.3828050 0.3028486
0.2093631 -1.0000000 0.2254254 -1.0000000 -1.0000000 0.3432786 0.2563688 0.1044061 0.1345216 0.1088306 -1.0000000 -1.0000000 -1.0000000 0.1336287 0.1369731 0.0961294 0.0989859 0.1736603 -1.0000000 0.4323503 -1.0000000 -1.0000000 -1.0000000 -1.0000000 -1.0000000 -1.0000000 -1.0000000 -1.0000000 -1.0000000 -1.0000000 -1.0000000 -1.0000000 -1.0000000 0.2779324 0.2069092 0.1073374 0.0529178 0.0430123 0.0311838 0.0113153 -1.0000000 0.0137697 0.0184141 0.0334183 0.0316958 0.0257961 0.0279999 0.0220167 0.0220167 0.0214373 0.0639703 0.1614182 0.2563688 -1.0000000 0.3727666 0.3561632 0.2851380 0.2116182
0.1028216 0.1036010 -1.0000000 -1.0000000 -1.0000000 -1.0000000 -1.0000000 0.0529178 0.0510451 0.0503869 0.0697513 -1.0000000 -1.0000000 0.1760152 0.1490632 0.0939624 0.0674862 0.1638308 0.3448336 -1.0000000 -1.0000000 -1.0000000 -1.0000000 -1.0000000 -1.0000000 -1.0000000 -1.0000000 -1.0000000 -1.0000000 -1.0000000 -1.0000000 -1.0000000 -1.0000000 -1.0000000 0.2412598 0.1993534 0.0583381 0.0516950 0.0563843 -1.0000000 0.0535654 0.0523330 0.0589022 0.0510451 0.0307063 0.0230551 0.0225486 0.0225486 0.0245991 0.0296671 -1.0000000 0.1915252 0.2202002 0.3448336 0.4561024 0.3579561 0.2521368 0.1450035
-1.0000000 -1.0000000 0.1264287 -1.0000000 -1.0000000 0.2061339 0.1591246 0.1110944 0.0747280 0.0654045 0.0997388 0.1497848 0.1591246 -1.0000000 0.1953564 -1.0000000 0.2412598 -1.0000000 -1.0000000 -1.0000000 -1.0000000 -1.0000000 -1.0000000 -1.0000000 -1.0000000 -1.0000000 -1.0000000 -1.0000000 -1.0000000 -1.0000000 -1.0000000 -1.0000000 -1.0000000 -1.0000000 0.0754590 0.1394255 0.1103531 0.1044061 0.1044061 0.0769796 0.0829352 0.0799092 0.0740242 -1.0000000 0.0711588 0.0542961 0.0230551 0.0257961 0.0291126 0.0416539 0.0954111 0.1728804 0.2732453 0.3970234 0.4343098 0.3623462 0.2146240 0.1369731
-1.0000000 -1.0000000 0.1044061 -1.0000000 -1.0000000 -1.0000000 0.2300459 0.1791755 0.1606409 0.1028216 0.1505163 0.1884670 -1.0000000 0.3497291 0.2995102 -1.0000000 -1.0000000 -1.0000000 -1.0000000 -1.0000000 -1.0000000 -1.0000000 -1.0000000 -1.0000000 -1.0000000 -1.0000000 -1.0000000 -1.0000000 -1.0000000 -1.0000000 -1.0000000 -1.0000000 0.0285947 0.0184141 0.0142575 0.0516950 -1.0000000 0.0791556 0.0975249 0.0697513 0.0503869 0.0608118 -1.0000000 0.0491810 0.0497726 0.0442153 0.0235612 0.0235612 0.0362616 0.0704345 0.0954111 0.1591246 0.2859613 0.4039192 -1.0000000 0.3320105 0.1977329 0.1409745
-1.0000000 -1.0000000 -1.0000000 0.1409745 -1.0000000 -1.0000000 -1.0000000 0.1977329 0.2009974 0.1706988 0.1791755 0.2676874 0.3080531 0.4391716 -1.0000000 -1.0000000 -1.0000000 -1.0000000 -1.0000000 -1.0000000 -1.0000000 -1.0000000 -1.0000000 -1.0000000 -1.0000000 -1.0000000 -1.0000000 -1.0000000 0.2389486 0.2300459 0.1922229 -1.0000000 0.0257961 0.0245991 0.0147797 0.0386021 0.0892711 0.0975249 0.0982713 0.0646950 0.0442153 0.0614787 0.0627372 0.0690286 0.0485325 0.0240759 0.0240759 0.0351187 0.0410909 0.0725482 0.0870106 0.1386386 0.2764762 0.3588343 -1.0000000 0.3709455 0.2460924 0.1591246
-1.0000000 -1.0000000 -1.0000000 0.1930679 0.2217311 0.2427450 0.2452460 0.2284628 -1.0000000 -1.0000000 0.3054866 0.4255732 -1.0000000 -1.0000000 -1.0000000 -1.0000000 -1.0000000 -1.0000000 -1.0000000 -1.0000000 -1.0000000 -1.0000000 -1.0000000 -1.0000000 -1.0000000 -1.0000000 -1.0000000 -1.0000000 0.2131134 -1.0000000 -1.0000000 0.1209946 0.0379768 0.0351187 0.0307063 0.0777449 0.1172088 0.1156926 0.1125671 0.0997388 0.0454947 0.0436343 0.0436343 0.0682454 0.0436343 0.0245991 0.0245991 0.0263129 0.0467486 0.0621469 0.0907918 0.1401869 0.2186669 0.2892489 0.3931794 0.4521920 0.3857234 0.2586975
0.2349207 -1.0000000 -1.0000000 0.2035516 0.2131134 0.2381600 0.2085788 0.2284628 -1.0000000 -1.0000000 0.3151051 0.4647750 0.4950297 0.5329375 0.5550283 -1.0000000 -1.0000000 -1.0000000 -1.0000000 -1.0000000 -1.0000000 -1.0000000 -1.0000000 -1.0000000 -1.0000000 -1.0000000 -1.0000000 -1.0000000 -1.0000000 -1.0000000 -1.0000000 0.1977329 0.0975249 0.0791556 0.1028216 0.1050645 0.1232721 0.1248862 0.0892711 0.0835887 0.0542961 0.0436343 0.0430123 0.0430123 0.0654045 0.0316958 0.0252028 0.0285947 0.0398921 0.0674862 0.0842356 0.1195227 0.1953564 0.2389486 0.3432786 0.3922209 0.3868006 0.3054866
-1.0000000 -1.0000000 -1.0000000 0.2960523 -1.0000000 0.2764762 0.2093631 0.1907126 0.2452460 -1.0000000 0.4018418 -1.0000000 0.5455802 0.5550283 -1.0000000 -1.0000000 -1.0000000 -1.0000000 -1.0000000 -1.0000000 -1.0000000 -1.0000000 -1.0000000 -1.0000000 -1.0000000 -1.0000000 -1.0000000 -1.0000000 -1.0000000 -1.0000000 -1.0000000 -1.0000000 -1.0000000 -1.0000000 -1.0000000 -1.0000000 0.1328431 -1.0000000 0.0754590 0.0718712 0.0674862 0.0842356 0.0479699 0.0423317 0.0601403 0.0296671 0.0257961 0.0311838 0.0614787 0.0639703 0.0682454 0.1110944 0.1791755 0.1760152 0.1986050 0.2779324 0.2621066 0.2254254
0.1303758 -1.0000000 -1.0000000 0.2284628 0.3320105 0.3012347 0.2152302 0.2172889 0.2389486 0.2396701 -1.0000000 -1.0000000 -1.0000000 -1.0000000 -1.0000000 -1.0000000 -1.0000000 -1.0000000 -1.0000000 -1.0000000 -1.0000000 -1.0000000 -1.0000000 0.3648891 0.3913866 0.3479223 -1.0000000 -1.0000000 -1.0000000 -1.0000000 -1.0000000 -1.0000000 -1.0000000 -1.0000000 -1.0000000 -1.0000000 -1.0000000 -1.0000000 0.1369731 0.1036010 0.0682454 0.0855289 0.0747280 0.0423317 0.0416539 0.0345251 0.0263129 0.0351187 0.0442153 0.0747280 0.0762188 0.1288427 0.1736603 -1.0000000 0.1884670 0.1930679 0.1800275 0.1560542
0.1425818 -1.0000000 -1.0000000 0.3640022 0.3999355 -1.0000000 0.2530142 0.2494299 0.2396701 -1.0000000 0.4581106 0.5329375 -1.0000000 -1.0000000 -1.0000000 -1.0000000 -1.0000000 -1.0000000 -1.0000000 -1.0000000 -1.0000000 -1.0000000 -1.0000000 0.2825617 0.2443577 0.2802911 -1.0000000 -1.0000000 -1.0000000 -1.0000000 -1.0000000 -1.0000000 -1.0000000 -1.0000000 -1.0000000 -1.0000000 -1.0000000 -1.0000000 -1.0000000 -1.0000000 0.0690286 0.0690286 0.0754590 0.0654045 0.0557080 0.0316958 0.0268463 0.0410909 0.0614787 0.0915458 0.0915458 0.1361257 0.1552725 0.1209946 0.1417584 0.1240616 0.1148826 0.1140741
-1.0000000 -1.0000000 -1.0000000 -1.0000000 -1.0000000 0.3648891 -1.0000000 -1.0000000 -1.0000000 -1.0000000 -1.0000000 -1.0000000 -1.0000000 -1.0000000 -1.0000000 -1.0000000 -1.0000000 -1.0000000 -1.0000000 -1.0000000 -1.0000000 -1.0000000 0.3398397 0.2269149 0.1606409 0.2002220 0.2460924 -1.0000000 -1.0000000 -1.0000000 0.4018418 -1.0000000 -1.0000000 -1.0000000 -1.0000000 -1.0000000 -1.0000000 -1.0000000 -1.0000000 0.1824512 0.1156926 0.0725482 0.0747280 0.0821676 0.0939624 0.0430123 0.0351187 0.0416539 0.0877015 0.1005252 0.1044061 0.1103531 0.1303758 0.1264287 0.1256388 0.1280195 0.1187584 0.1110944
-1.0000000 -1.0000000 -1.0000000 -1.0000000 -1.0000000 0.3311194 -1.0000000 -1.0000000 -1.0000000 -1.0000000 -1.0000000 -1.0000000 -1.0000000 -1.0000000 0.3737040 0.3406586 -1.0000000 0.1377614 0.1240616 0.1296084 -1.0000000 -1.0000000 -1.0000000 0.1394255 0.1490632 0.1946518 0.2292588 -1.0000000 -1.0000000 -1.0000000 0.3249162 0.2919310 0.2779324 0.2851380 -1.0000000 -1.0000000 -1.0000000 -1.0000000 -1.0000000 0.2716088 0.1583254 0.1125671 0.1088306 0.1125671 0.0510451 0.0307063 0.0311838 0.0416539 0.0697513 0.1036010 0.1148826 0.1361257 0.1505163 0.1474561 0.1377614 0.1328431 0.1248862 0.1172088
-1.0000000 -1.0000000 -1.0000000 0.2960523 0.2202002 -1.0000000 0.2977580 -1.0000000 -1.0000000 -1.0000000 -1.0000000 -1.0000000 -1.0000000 -1.0000000 -1.0000000 -1.0000000 0.1369731 0.1005252 0.0877015 0.1020238 -1.0000000 0.2867830 0.2349207 0.1528904 0.1560542 0.2061339 -1.0000000 -1.0000000 -1.0000000 -1.0000000 0.2834031 0.2356968 0.2419671 0.3004078 0.3700588 0.4312590 0.5249442 -1.0000000 -1.0000000 0.3320105 0.2101383 0.1505163 0.1179909 0.0448904 0.0302161 0.0322610 0.0357112 0.0485325 0.0835887 0.0982713 0.1505163 0.1568301 0.1575202 0.1568301 0.1466525 0.1442256 0.1225214 0.1272687
-1.0000000 -1.0000000 -1.0000000 -1.0000000 0.1568301 0.1969113 0.2787193 0.3423741 -1.0000000 -1.0000000 -1.0000000 -1.0000000 -1.0000000 0.3320105 -1.0000000 -1.0000000 0.0711588 0.0473473 0.0835887 0.2477165 0.3142544 0.3259608 0.2356968 0.1930679 0.1638308 0.1922229 0.2389486 -1.0000000 -1.0000000 0.4478004 0.2740903 0.2261485 0.2404780 0.2547557 -1.0000000 0.4687042 0.4521920 0.4813241 0.5187824 0.4776059 0.3913866 0.2009974 0.1125671 0.0416539 0.0296671 0.0436343 0.0535654 0.0570428 0.0862874 0.1095596 0.1505163 0.1622628 0.1669832 0.1638308 0.1482605 0.1232721 0.1232721 0.1353300
0.1433872 0.1505163 -1.0000000 -1.0000000 -1.0000000 0.2333555 0.2952713 0.3432786 -1.0000000 -1.0000000 -1.0000000 0.5107906 0.4550565 0.2944463 -1.0000000 0.0931581 0.0791556 -1.0000000 -1.0000000 0.4181009 0.3089046 0.2968939 0.2748531 0.2485542 0.2349207 0.2232925 0.2692538 0.3214929 0.3737040 0.4550565 0.3847460 0.2186669 0.2101383 -1.0000000 0.2779324 0.3817575 0.4569972 0.3597291 0.3640022 -1.0000000 -1.0000000 -1.0000000 -1.0000000 -1.0000000 0.0842356 0.1714966 0.1088306 0.0946310 0.1028216 -1.0000000 0.1450035 0.1654478 0.1677216 0.1386386 0.1240616 0.1240616 0.1240616 0.1442256
0.0661169 -1.0000000 -1.0000000 0.1791755 0.1684615 0.2224686 -1.0000000 0.3223767 -1.0000000 -1.0000000 0.5468476 0.5268805 -1.0000000 -1.0000000 -1.0000000 0.0690286 0.0542961 0.1833712 0.2365239 0.3913866 0.3440083 0.3037650 0.3063588 0.4058343 0.3160788 -1.0000000 0.2316236 0.2928879 0.3080531 0.4267079 0.4468166 -1.0000000 0.2511823 -1.0000000 0.1800275 0.1606409 0.1892218 0.2018806 0.1842850 0.1783635 -1.0000000 0.2069092 0.2116182 -1.0000000 0.3204471 0.3080531 0.2547557 0.1842850 0.1768450 0.1497848 0.1583254 0.1606409 0.1520879 0.1303758 0.1256388 0.1248862 0.1248862 0.1248862
-1.0000000 0.2172889 0.1768450 -1.0000000 0.2101383 0.2261485 0.2834031 0.2859613 -1.0000000 -1.0000000 -1.0000000 -1.0000000 -1.0000000 -1.0000000 0.0733393 0.0523330 0.0529178 0.1466525 0.2316236 0.3640022 0.3773282 0.3456642 0.3684186 0.4794559 -1.0000000 0.1736603 0.1986050 0.2443577 0.2325054 0.3989834 0.4746655 -1.0000000 0.2123691 -1.0000000 0.0982713 0.0892711 0.1140741 0.1386386 0.1272687 0.1272687 0.0915458 0.0491810 0.1638308 0.2586975 0.3755132 0.3809506 0.3488469 -1.0000000 0.2069092 0.1583254 0.1442256 0.1450035 0.1369731 0.1345216 0.1303758 0.1256388 0.1256388 0.1256388
