projects/spp-inf/Zonation runs/Test data/Species/species7.asc
ncols         649
nrows         555
xllcorner     294205
yllcorner     6283604.6
cellsize      0.200
NODATA_value  -9999
[rows 90 to 119 of 555, columns 268 to 334 of 649]
-9999 -9999 0.01028653 0.01928964 0.02020828 0.01942446 0.02031407 0.02508636 0.02873253 -9999 0.05574691 0.06480142 0.09756116 0.1334771 0.1617322 0.1659929 -9999 -9999 -9999 0.2609926 0.2625163 0.2705544 0.3059048 0.311448 0.3131195 0.314499 0.3153986 0.3028799 0.3009093 0.3234205 0.3472623 0.3502506 0.3422411 0.3063577 0.2902739 0.3047342 0.2891749 0.2624258 0.2286679 0.1946632 0.1780421 0.1736388 0.1736177 -9999 0.1848395 0.1829943 0.1767845 -9999 -9999 -9999 0.1343626 0.133928 0.1350451 0.1309127 0.1240911 0.1154815 0.1038846 0.08360418 0.08045477 -9999 -9999 -9999 0.02873049 -9999 -9999 -9999 -9999
-9999 0.008096572 -9999 -9999 -9999 0.02436937 0.0249053 0.02701038 -9999 -9999 0.04300422 -9999 0.08700871 0.1329698 0.1471381 0.1396252 0.1578246 -9999 -9999 -9999 0.2812328 0.3063807 0.3147603 0.3210667 0.3253726 0.3319519 0.3322927 0.3327624 0.3108319 0.3336968 0.3713886 0.3726712 0.3662824 0.3501933 0.322645 0.3238021 0.3214422 0.2985911 0.2662307 0.2344832 0.2010803 0.1875507 0.1969635 -9999 -9999 -9999 -9999 -9999 -9999 -9999 0.1301318 0.1177654 0.1124354 0.1140266 0.1047948 0.105923 0.08874852 -9999 -9999 -9999 -9999 0.03273592 -9999 -9999 0.01207907 0.006135342 -9999
-9999 -9999 -9999 0.01222576 0.02089654 0.02615082 0.03341498 0.0279188 0.03014343 -9999 -9999 0.05640928 0.07584186 0.08975579 -9999 -9999 0.1729204 -9999 -9999 -9999 0.2752576 0.2892216 0.3056628 0.3273335 0.3336725 0.3384911 0.335492 0.3386692 0.3386296 0.3538741 0.3741796 0.3914378 0.3797884 0.3693205 0.3614637 0.3504813 0.340441 0.3217578 0.2984319 0.2752593 -9999 -9999 -9999 0.2443012 -9999 -9999 -9999 -9999 -9999 -9999 0.1423912 0.1229826 0.1051483 0.1014665 -9999 -9999 -9999 0.06914785 -9999 -9999 -9999 -9999 -9999 -9999 -9999 -9999 -9999
-9999 0.01178623 0.01016445 -9999 0.01840462 0.02558183 0.03441013 0.03133399 0.03105901 0.0403803 0.05010831 0.04971047 0.0620564 -9999 0.1239171 0.1366196 0.1543227 -9999 -9999 -9999 -9999 -9999 0.2958292 0.3101783 0.3394038 0.3422794 0.342044 0.3429834 0.3592471 0.361785 0.3741197 0.3887745 0.3830614 0.3698885 0.3626977 0.3450242 0.3419987 0.3283951 0.3093024 0.3048863 -9999 -9999 -9999 -9999 0.2667228 -9999 -9999 -9999 -9999 0.1657918 0.156058 -9999 -9999 -9999 -9999 -9999 -9999 -9999 -9999 -9999 -9999 -9999 -9999 -9999 -9999 -9999 -9999
-9999 -9999 0.01301738 0.01237871 0.01848664 -9999 -9999 0.02797848 -9999 0.04683007 -9999 -9999 -9999 0.07827599 0.1049313 0.1510801 0.1724454 -9999 -9999 -9999 0.258044 0.26974 0.2943787 0.3092424 0.3378078 0.3378289 0.3391016 0.3562084 0.3641711 0.3756741 0.3811001 0.3786316 0.375164 0.3690861 0.3594587 0.3431544 -9999 0.3373414 0.3211245 -9999 -9999 -9999 -9999 -9999 -9999 0.2872344 -9999 -9999 -9999 -9999 -9999 -9999 -9999 -9999 -9999 -9999 -9999 -9999 0.05047856 -9999 -9999 -9999 -9999 -9999 -9999 -9999 -9999
-9999 -9999 -9999 0.01741063 0.01906271 -9999 -9999 -9999 -9999 0.04653251 -9999 -9999 -9999 -9999 0.09809554 0.1359887 0.175262 -9999 -9999 -9999 0.2587789 0.2765204 0.293095 0.3311718 0.3334588 0.3342076 0.3427488 0.3569914 0.3689096 0.3761196 0.3820521 0.3792543 -9999 0.3812158 -9999 -9999 0.3606486 0.3481496 0.3345712 -9999 0.3189611 -9999 -9999 0.3219281 -9999 -9999 -9999 -9999 -9999 -9999 -9999 -9999 -9999 -9999 -9999 0.08330205 0.0748147 0.05458952 0.04691891 -9999 -9999 -9999 -9999 -9999 -9999 -9999 -9999
-9999 0.04258557 -9999 0.02508976 -9999 -9999 -9999 -9999 -9999 0.05604398 -9999 -9999 0.07987288 0.082552 0.1111759 0.113074 0.1670515 0.191531 0.218464 0.2396201 0.252446 0.2893472 0.3134754 0.3262913 0.3274925 0.3362118 0.3415726 -9999 0.3724207 0.3818223 -9999 0.3849989 0.3844664 0.3828914 0.3660295 0.3616956 0.3589362 0.3598431 0.3506348 0.334722 0.3234503 -9999 -9999 0.3240218 -9999 0.3063216 -9999 -9999 0.2786704 0.2660448 -9999 -9999 -9999 -9999 -9999 0.07841248 0.06783392 0.05309477 0.04150994 -9999 -9999 -9999 0.005320449 -9999 -9999 -9999 -9999
-9999 0.04983258 0.04646391 -9999 -9999 -9999 -9999 -9999 -9999 -9999 -9999 0.09587561 0.08601614 0.102082 0.1197207 0.1321946 0.1454793 0.174935 0.2294344 0.2631883 0.2753501 0.2910603 0.3110172 0.3189218 0.328253 0.340091 -9999 -9999 0.3787154 -9999 0.3932661 0.3904872 0.3886825 0.3882281 0.3557797 0.3546943 0.3445761 0.3664024 0.3500572 0.3349603 0.3252852 -9999 -9999 0.324057 -9999 -9999 -9999 -9999 -9999 -9999 -9999 -9999 -9999 -9999 0.10001 0.08213336 0.06168506 0.04401331 0.02939544 0.02119805 -9999 -9999 -9999 -9999 -9999 -9999 -9999
0.08915219 0.07096873 0.06775268 0.06881939 -9999 0.09511413 0.08281785 -9999 -9999 -9999 -9999 0.1066377 0.1070002 0.1165659 0.1322523 0.1457213 0.1593289 0.1863484 0.234859 -9999 -9999 0.300612 0.299939 0.30098 0.3245234 0.3405358 0.3594408 0.3712119 0.3820901 0.3883897 -9999 -9999 0.3900448 0.3889909 0.3827398 0.3628041 0.3694066 0.3564259 0.3439779 0.3317764 0.326719 0.3253165 0.3303946 0.3243257 -9999 0.3155223 -9999 -9999 -9999 -9999 -9999 -9999 -9999 0.1222625 0.09966557 0.0748326 0.05073335 0.03364276 0.0211749 0.01157304 -9999 -9999 -9999 0.001804164 -9999 -9999 -9999
0.118898 0.1160288 0.1165441 -9999 -9999 -9999 -9999 -9999 -9999 -9999 -9999 0.1236891 0.1227471 -9999 -9999 0.1366141 -9999 0.2128137 -9999 0.2416857 0.2657982 0.3025852 0.2783534 0.2913905 0.334708 0.3443111 0.3547351 0.3685004 0.3770326 0.3812036 -9999 -9999 0.3847903 0.3816384 0.3766472 0.3698765 0.3633373 0.3499202 0.3341895 0.3227507 0.3162455 0.3123495 0.302999 0.3268192 0.3224771 0.3214123 0.3228584 -9999 0.3030207 -9999 -9999 -9999 -9999 0.1315142 0.1002379 0.06492037 0.04908092 -9999 0.01912145 0.007020688 -9999 -9999 -9999 -9999 -9999 -9999 -9999
0.1489307 0.1508562 0.1589862 0.1658121 -9999 0.1809116 0.1829824 -9999 -9999 -9999 -9999 -9999 0.1433677 0.1313092 0.1282091 0.1316934 0.1858421 0.1972724 0.2378946 0.2592884 0.2736647 -9999 0.2852396 0.3001602 0.303798 -9999 0.3381858 0.3619162 0.3661347 0.3732555 0.3697376 0.3777911 0.3790656 0.3725902 0.367773 0.3634208 0.3550527 0.3440475 0.3302942 0.3224035 0.320148 0.3164082 0.3044634 0.3085189 0.3194689 0.3139768 0.3145017 0.3261014 0.314805 -9999 -9999 -9999 0.178134 0.1442631 -9999 0.06247064 0.03119094 -9999 -9999 -9999 0.006024039 -9999 -9999 -9999 -9999 -9999 -9999
0.1787722 0.1845657 0.196837 0.2138722 0.2273686 0.2235927 0.2208626 -9999 0.2394972 0.2297594 -9999 0.1789273 0.163837 0.1299625 0.1485078 -9999 -9999 -9999 0.2256153 0.2717664 0.2828173 0.2842696 0.2876271 0.2923782 0.3085272 -9999 0.3214318 0.3543169 0.3574268 0.3616438 0.3324372 -9999 0.3385826 0.3640025 0.3588511 0.3579612 0.3495118 0.3395539 0.3303408 0.3269818 0.3231394 0.3139102 0.3066221 0.3077925 0.3083363 0.3083148 0.3107096 0.3117907 0.3234866 0.3176738 0.2741918 0.2215101 0.1706938 0.1367777 -9999 0.06088629 0.04235126 -9999 -9999 -9999 -9999 -9999 -9999 -9999 -9999 -9999 -9999
0.2361827 0.250061 0.2681694 0.27554 0.2819364 0.2651242 0.2578056 0.2467736 0.2520975 -9999 -9999 -9999 0.2014658 0.1890723 -9999 -9999 -9999 -9999 0.2586329 0.2560732 -9999 0.2815525 -9999 0.2678972 0.2785683 0.3173494 0.3294652 0.3500051 0.3336334 0.3501725 -9999 -9999 -9999 -9999 -9999 -9999 -9999 -9999 -9999 0.3300891 0.32516 0.3143564 0.3062563 0.3127247 0.3146433 0.3144491 0.3164138 0.3164433 0.3275749 0.3196465 0.2827624 0.2508794 0.198559 0.1462699 0.1056146 0.07116015 0.04374218 -9999 -9999 -9999 -9999 -9999 -9999 -9999 -9999 -9999 -9999
0.272108 0.2676156 0.2773387 0.2682913 0.2873074 0.2878307 -9999 -9999 0.2697741 0.2708469 0.2627695 0.2637022 -9999 0.2282133 0.2240619 -9999 -9999 0.2162278 0.275565 0.2766843 -9999 0.2771721 -9999 0.2706242 0.3039542 0.3129665 0.3303901 0.3231075 0.3142044 0.316272 0.3562826 0.356699 0.3560253 -9999 0.3433514 -9999 -9999 -9999 -9999 0.3320906 0.324091 0.3177432 0.3126701 0.3161345 0.3174452 0.3187553 0.3188938 0.3203399 0.3251595 0.322971 0.3010926 0.2696421 0.2198893 0.1686644 0.1329613 0.08700308 0.05464004 0.03035389 0.01888331 -9999 0.01136906 -9999 -9999 -9999 -9999 0.001533981 -9999
0.2952566 0.2834434 0.2839478 0.2884276 0.2922934 0.2911293 -9999 -9999 0.2795054 -9999 0.2768882 0.2743415 0.2813245 0.25382 0.2558832 0.2646233 0.275616 0.2836593 0.2876172 0.2389941 0.2473707 0.2805417 0.2900871 0.2802127 0.3038718 0.3090389 0.3337814 0.3150365 0.3169647 0.3180465 -9999 0.3575891 0.3549877 0.3516999 0.3460163 0.3453237 0.3421299 0.3388533 0.3398637 0.3327423 0.3244792 0.3169467 0.3165807 0.3198482 0.323093 0.3231912 0.3210405 0.3202387 0.3211825 0.3182985 0.3073816 0.2790968 0.2338382 0.1855263 0.1463318 0.1026622 0.06639785 -9999 -9999 0.02187854 -9999 -9999 -9999 -9999 -9999 -9999 0.001357121
0.3186389 0.3097338 0.2993686 0.3055089 0.3074669 0.3068401 0.3042358 0.296623 0.2915816 0.2912986 0.2823969 0.2838655 0.2866663 0.290006 0.294908 -9999 0.282119 0.285822 -9999 -9999 -9999 0.2864417 -9999 0.318326 0.3081392 0.3110505 0.3152983 0.3197351 -9999 0.3209021 0.3333026 0.3585135 0.3566124 0.3529725 0.3501925 0.3489456 0.3417234 0.335242 0.3362427 0.3310114 0.3217238 0.3157363 0.3185911 0.322343 0.3242128 0.322059 0.3193321 0.3188389 0.3237326 0.3197045 0.3047965 0.2750942 0.2334992 0.1851439 0.1598016 0.1187012 -9999 0.04847049 -9999 -9999 -9999 -9999 0.007573529 -9999 -9999 -9999 -9999
0.3223372 0.3268399 0.3141179 0.3168282 0.3174716 0.3156494 0.3092437 0.3054849 0.3051664 0.3052261 0.298034 0.2853713 0.278164 0.2781109 0.2804512 -9999 0.2807172 0.286593 0.2918148 -9999 -9999 0.2765473 0.3021959 0.2993209 0.2931466 0.3198573 0.3225901 0.3232526 0.2959915 0.3208568 0.3510169 0.3515508 0.3500674 0.3507324 0.3448985 0.3438483 0.3369811 0.3306916 0.3329543 0.326937 0.3193334 0.3176452 0.318751 0.3205862 0.3174598 0.3136229 0.3126977 0.3177618 0.3267553 0.3245198 0.3009208 0.2656596 0.2295697 0.18873 -9999 -9999 -9999 0.05718604 0.04254531 -9999 -9999 -9999 -9999 -9999 -9999 0.001991737 -9999
0.317295 0.3397331 0.3267781 0.3234125 0.3229319 0.3180845 0.3110201 0.3072927 0.3043825 0.3062271 0.3058769 0.2748419 0.2733154 0.2699227 0.2730839 0.2792004 0.2797722 0.2871686 0.2931371 -9999 -9999 0.2464727 0.2463056 0.2467914 0.274844 0.3055711 0.3341152 0.3203088 0.3009636 0.3023675 0.3229822 0.3440157 0.3480754 0.3447626 0.3380961 0.3349518 -9999 0.3265129 0.3273741 0.3209707 0.3162197 0.3151748 0.3165188 0.3162209 0.3117899 0.3095714 0.313091 0.3198867 0.3285764 0.3233886 0.2828437 0.2569467 0.2384127 0.2029561 0.16034 0.108045 0.08503942 0.06193729 0.04587741 -9999 -9999 -9999 -9999 0.003521469 -9999 0.002206851 -9999
0.3211813 0.3429981 0.328421 0.3249213 0.3231562 0.3188396 0.3134823 0.3080035 0.3042588 0.292884 0.2738321 0.2780976 0.2779294 0.2756771 0.2706981 0.2734693 -9999 0.2917972 0.2849672 0.2492712 0.2388669 0.2406572 0.243555 0.2564729 0.3052041 0.3178469 0.322434 0.3160669 0.3008918 0.3157494 0.3228382 0.3507375 0.346423 -9999 -9999 0.3290429 -9999 0.3168748 0.3141822 0.3100415 0.304693 0.3066847 0.3079409 0.3093852 0.3052584 0.3047191 0.3112142 0.3212324 0.322074 0.3019249 0.2627214 0.2633889 -9999 0.1694936 0.1455828 0.1201038 0.097513 0.07385765 0.0551357 -9999 -9999 -9999 -9999 0.00546575 0.003307795 -9999 0.002323986
0.3256689 0.3300424 0.3325117 0.3230037 0.2951949 0.2902743 0.3006794 0.3096274 0.3033695 0.2872154 0.273086 0.275871 0.2506821 0.2233512 0.2223738 0.2609711 -9999 -9999 0.2912924 0.2831796 0.2459455 0.242174 0.2416674 0.2741128 0.2904234 0.2553051 0.2822446 0.3168553 -9999 -9999 0.3522811 0.347002 0.3380006 0.3271316 0.3247822 0.3188874 -9999 0.3117904 0.308856 0.3011594 0.2958657 0.2961601 0.297121 0.299632 0.2951358 0.2946198 0.2991582 0.3082839 0.3050448 -9999 0.2744886 0.2489239 0.2092893 0.167768 -9999 0.1229965 0.1015198 0.07924739 0.06129728 -9999 -9999 -9999 -9999 -9999 0.003839788 0.003238187 0.003223677
0.332108 0.3358145 0.3378489 0.3209679 0.2994584 0.2938508 0.2857552 0.2942334 0.3051329 0.2885652 0.2752775 0.2760495 0.2461087 0.2215461 0.2200387 0.242234 0.280207 -9999 -9999 0.2953074 0.2825234 0.2547845 0.2396131 0.245265 0.2413263 0.2397793 0.3105367 0.3107579 0.3088008 0.3261774 0.3194767 0.3448015 0.3352788 -9999 0.3044123 0.3059458 0.3032948 -9999 0.2985123 0.2927595 0.2859169 0.2839247 0.2824569 0.2822678 0.2819006 0.2803173 0.2872829 0.2877603 0.2813916 0.2734728 0.2428344 0.226287 0.1876236 0.1503597 0.1345881 0.1224275 0.1016629 0.08013312 0.06056551 -9999 -9999 -9999 0.008796701 -9999 -9999 -9999 0.003985744
0.3377263 0.337259 0.3351434 0.3192214 0.3005992 0.2960718 0.2899191 0.2824086 0.2921806 0.2917568 0.2807594 0.2733959 0.2274735 0.2193422 0.2072857 0.2407859 0.2726587 0.2325367 0.2483526 0.2930551 0.2715436 0.2541817 0.2418108 0.2426991 0.2442656 0.2433926 0.277457 0.3084666 0.3311291 0.3278106 -9999 0.3427158 -9999 -9999 -9999 0.2710119 0.2905825 0.2865041 0.2778628 0.2779791 0.2684577 0.2658704 0.2612938 0.2596746 0.2714325 0.2769848 0.255309 0.2552845 0.2585666 -9999 0.2275776 0.17746 -9999 0.1365065 0.1256746 0.1160442 0.08983004 0.06898379 0.05227028 -9999 -9999 -9999 -9999 -9999 0.006835962 0.005766996 0.004757219
0.3395629 0.3354393 0.3331217 0.3158463 0.300281 0.2970439 0.2931885 0.2873742 0.2810667 0.301164 0.2837233 0.2587945 0.2322739 0.2276273 0.2277486 0.2634982 0.2517486 0.2128207 0.2384633 0.2778499 0.2816595 0.2560219 0.2447764 0.2414536 0.293447 0.2918431 0.3171538 0.3397365 0.3350168 0.351861 0.3526639 -9999 0.3296101 -9999 0.2681421 0.2857457 0.2706455 0.2715623 0.2630689 0.2579284 0.2513539 0.2426201 0.2350179 0.240934 0.2445102 0.2439673 0.2430209 0.2335347 0.220831 0.1903332 0.1706142 0.1321286 0.1145903 0.1177653 0.1105091 -9999 0.07021803 0.0556435 0.04256919 -9999 -9999 -9999 -9999 0.01276787 0.009297602 0.007753352 -9999
-9999 0.3354183 0.3305519 0.3199794 0.3027615 0.2915964 0.2925516 0.2883899 0.2832124 0.2902679 0.2845479 0.2794723 0.251919 0.2332142 0.2317681 0.2642184 0.233827 0.2234274 0.2415599 0.2801251 0.2907205 0.2711902 0.2585399 0.2633617 0.3244686 0.3167324 -9999 0.3345132 0.3331853 0.3561798 0.3375443 0.3313308 0.3227901 0.311085 0.2821156 0.2631603 -9999 0.2404955 0.2371799 0.2313415 0.2220425 0.2143245 0.202153 0.2084882 0.2072966 0.1997101 0.1975494 0.1919542 0.1694647 0.1379343 0.1086526 0.09343368 0.08820549 -9999 -9999 -9999 -9999 0.04335501 0.03854821 0.02977111 -9999 -9999 -9999 0.01694541 0.01271392 0.01396729 0.008421496
-9999 0.3369806 0.3280366 0.3243517 0.314167 0.289674 0.2840192 0.267754 0.2842438 0.2825508 0.2874773 0.2846049 0.2836691 0.2437766 0.2312563 0.2402648 0.2373692 0.2468412 0.2789319 0.2840571 0.2898922 0.3064282 0.3081501 0.3210237 0.3450669 0.3375087 0.3178396 0.3137789 0.3350697 0.3193549 0.3023764 0.2848155 0.3030874 0.2804979 -9999 -9999 0.2115234 0.1997465 0.2168231 0.1862295 0.184328 0.1901827 0.1778779 0.1703533 0.168331 0.1541242 0.1417153 0.1358802 0.1181079 0.09332596 0.07538997 0.06233443 0.06031454 -9999 0.05220828 -9999 -9999 -9999 -9999 -9999 0.03066856 0.03372066 0.0303423 -9999 0.02218082 0.02024651 0.013583
0.3199904 0.3294061 0.3287131 0.3236253 0.3054383 0.2838701 0.2365851 0.2607066 0.2815131 0.282564 0.2852038 0.2864245 0.2568021 0.2375085 0.2359217 0.2376624 0.2570686 0.2801922 0.2895265 0.2966636 0.2870885 0.2871824 0.3192213 0.3510785 0.3553056 0.3341944 0.3266072 0.3121978 0.3318107 0.3114159 0.2951505 -9999 0.2748229 0.2541243 0.2047066 -9999 0.1957933 0.1793483 0.1613777 0.1509925 0.1535974 0.1436029 -9999 0.1232157 0.1151259 0.1081129 0.09621655 0.08370344 0.07384128 -9999 -9999 0.04806062 0.04827907 -9999 -9999 -9999 -9999 -9999 -9999 0.04118032 -9999 0.0367518 0.0349734 0.02601459 0.02510086 0.02209699 0.0186723
0.3106689 0.329542 0.3293088 0.3261941 0.3089313 0.2888097 0.2898761 0.2881609 0.2871099 0.2883008 0.2866946 0.2837822 0.2564459 0.2308673 0.2172756 0.2556545 0.2895609 0.3006975 0.3067402 0.3123456 0.3144256 0.3124582 0.3480888 0.3513541 0.3536362 0.3399495 0.3268508 0.3297207 0.3198023 0.2969901 0.3067599 0.2658762 0.2504969 -9999 0.1844628 0.1708034 0.1734727 0.1676038 -9999 0.1308743 0.1241987 0.1082318 0.1014572 0.09911933 0.08632571 0.09027998 0.07447324 -9999 0.04697318 0.02992858 -9999 0.03153017 0.03334511 0.03477178 -9999 -9999 -9999 -9999 -9999 0.04692579 0.04269387 0.04144342 0.04259409 0.03779981 -9999 -9999 0.02076095
0.3059427 0.3253742 -9999 0.325008 -9999 0.2977999 0.2888693 0.28802 0.2890452 0.2906232 0.2894862 0.2720485 0.2281489 0.2228874 0.2316466 0.2808746 0.3035136 0.3151036 0.3115692 0.3151521 -9999 0.3433788 0.342543 0.3442979 0.3436797 0.3465886 0.3461452 -9999 0.3063008 0.2955203 0.2883481 0.2662636 0.2388261 -9999 0.1698682 0.1516833 -9999 0.1356645 0.1255726 0.09753134 0.09707175 0.08704253 0.08271756 0.08253155 0.06706025 0.04831756 0.04489201 0.04146956 -9999 -9999 -9999 0.02775815 0.03065109 0.03276269 0.03069167 0.03242804 0.0335688 0.0452153 0.04228797 0.04422224 0.04449543 0.04429149 0.04410642 0.04256781 -9999 0.03399362 0.02987196
-9999 0.3062425 0.3342283 0.3288532 0.324469 0.3230859 0.2886431 0.2887415 0.2885739 0.2913426 0.2909777 0.2336423 0.2316273 0.2063543 0.229447 0.2773321 0.293831 0.3114418 0.3075906 0.3128511 0.3125149 0.3242835 0.3397896 0.3377765 0.3382723 0.3414226 0.3432856 0.32344 0.293521 0.3065136 -9999 -9999 -9999 -9999 0.1547335 0.1470483 0.1340507 0.1262278 0.103952 -9999 -9999 0.06233549 0.05988245 0.05803389 0.0458523 0.03608046 0.03213855 -9999 -9999 -9999 -9999 0.02086898 0.02897891 0.03229912 0.0308666 0.0307462 0.03202378 0.03981097 -9999 0.0404893 0.04330718 0.04663584 0.0458307 0.04360457 -9999 0.03632357 0.03564196
0.2873265 0.3092462 0.303243 0.3174962 -9999 0.3067194 0.2891763 0.2879162 0.2876419 0.2818289 0.2810937 0.2338351 0.2340168 0.2304852 0.2769666 0.2931662 0.3097323 0.3128205 0.3200746 0.3064781 0.3371243 0.3349118 0.3366202 0.3367576 0.3385108 0.3380194 0.3346829 0.3261314 0.3175123 0.2982871 0.2754245 0.2606202 0.2097076 0.1699254 0.150194 -9999 -9999 0.1114298 -9999 -9999 0.04921104 0.04380179 0.03590548 0.03435596 0.02837619 0.02452785 0.01736409 -9999 -9999 -9999 -9999 -9999 -9999 0.03260674 0.03051471 0.02761829 0.02996552 0.03553044 0.03602611 0.03747704 0.04033449 0.04355824 0.04603963 -9999 0.04350718 0.04109704 0.04112931
