projects/spp-inf/Zonation runs/Test data/Species/species3.asc
ncols         649
nrows         555
xllcorner     294205
yllcorner     6283604.6
cellsize      0.200
NODATA_value  -9999
[rows 390 to 419 of 555, columns 201 to 267 of 649]
0.2747362 -9999 0.282784 -9999 -9999 0.2262735 0.2935045 0.3327752 0.3111191 0.2960999 0.2936734 0.2716216 0.261366 0.292625 0.2875695 0.2738099 0.1642291 0.05299608 0.175111 0.1260897 0.1732103 0.226711 0.2885887 0.2968754 0.2139424 0.1706404 0.219557 0.209791 0.2681811 0.3035249 0.2307959 0.1965773 0.2444227 0.2320817 0.2744362 0.32249 0.3162731 0.3645194 0.3878267 0.4060403 0.3316813 0.2688372 0.2516023 0.2352952 0.2380374 0.194463 0.2566272 0.3954794 0.4000374 0.3113111 0.3419882 0.3916229 0.3470889 0.2225572 0.3793967 0.4071071 0.3199009 0.4194467 0.4490036 0.4660334 0.4417932 0.4513925 -9999 -9999 0.4441922 0.4448113 0.4688279
0.2965498 0.2889052 -9999 -9999 -9999 0.3155527 0.2780526 0.3134951 0.3220915 0.293536 0.3030822 0.2972036 0.2525882 0.2592726 0.2526204 0.2666017 0.2398026 0.06672943 0.1477526 0.1339722 0.1430477 0.2536688 0.2718937 0.2492147 0.196981 0.1586911 0.1959434 0.2033816 0.288984 0.3038542 0.180414 0.1654215 0.2085261 0.1829825 0.3036807 0.3718151 0.3492562 0.3362727 0.3471186 0.349693 0.3460038 0.3130945 0.2973603 0.2286317 0.2862055 0.3351993 0.332697 0.3308086 0.3274336 0.2550338 0.3410968 0.3676627 0.3211433 0.3654149 0.4270819 0.3998256 0.312595 0.4253387 0.4777355 0.3761811 0.3492269 0.3766356 -9999 0.4649773 0.4334937 0.445353 0.4731361
0.3331323 0.3197423 0.316945 -9999 -9999 0.3194307 0.2941792 0.2809218 0.2968426 0.332007 0.3502941 0.336048 0.2379053 0.249605 0.2158392 0.1515265 0.1746878 0.1073461 0.1389026 0.1366854 0.09814595 0.2517317 0.2772908 0.2501984 0.203452 0.1491018 0.1514736 0.1335194 0.2567515 0.2760254 0.137712 0.181812 0.1435357 0.1681942 0.3047643 0.2606067 0.2785769 0.299777 0.3265448 0.3404512 0.3535438 0.3368908 0.2827674 0.2056947 0.2719639 0.2720335 0.2467629 0.279924 0.314596 0.2812521 0.3568257 0.375064 0.3632072 0.4262393 0.4267381 0.3719327 0.3283945 0.4535955 0.4637622 0.3828973 0.4097953 0.385886 0.340651 0.4562372 0.4281876 0.4487367 0.4654378
0.2883063 0.2964894 0.3165941 -9999 0.2450147 0.2449126 0.2625199 0.2730468 0.3018849 0.3438089 0.3450308 0.3656219 0.2795751 0.2155208 0.1764374 0.1707434 0.1497413 0.1413073 0.1757591 0.1587429 0.1075561 0.2480463 0.287096 0.2477049 0.2103417 0.1072437 0.1528704 0.087727 0.09620447 0.1478184 0.1001989 0.1991591 0.1248939 0.1625029 0.2322506 0.2475462 0.2854362 0.3305449 0.3490058 0.3663922 0.3677342 0.2835836 0.2321105 0.2668225 0.2707143 0.2611201 0.3161868 0.3297801 0.3295074 0.3225949 0.3718306 0.3734263 0.3925454 0.4212381 0.402312 0.3891707 0.4018956 0.4194648 0.374371 0.3944321 0.4326572 0.4408849 0.3525336 0.4339904 0.4190758 0.4480071 0.4727976
0.2438108 0.2496087 0.2971231 -9999 -9999 0.2477738 0.2713353 0.2913327 0.3147651 0.3252468 0.3550301 0.3734442 0.3443552 0.289708 0.1969371 0.1422741 0.1886283 0.2374889 0.2371927 0.1813949 0.1194052 0.1378049 0.1361275 0.1704257 0.2178823 0.1175726 0.1492333 0.205189 0.1817295 0.1498258 0.1540757 0.2467991 0.1665185 0.1544408 0.1948572 0.2370322 0.3096687 0.329911 0.348812 0.409154 0.3128788 0.2796557 0.2727577 0.2848891 0.2187495 0.2798588 0.3455271 0.3327213 0.332005 0.3571832 0.380369 0.3825889 0.4060943 0.4063699 0.4108934 0.4058401 0.4256815 0.4018521 0.3675404 0.4229008 0.4380311 0.46117 0.4116615 0.4032223 0.4377339 0.4649628 0.4749402
0.2438249 0.2637005 0.2648189 -9999 0.3109328 0.3232236 0.2747311 0.3313748 0.3082895 0.2997485 0.3220629 0.345913 0.3938025 0.3655788 0.3239941 0.2122649 0.1329036 0.2111753 0.2675148 0.2439662 0.1738263 0.1150012 0.08691093 0.06760231 0.08559579 0.140495 0.13004 0.1189461 0.1658401 0.2075218 0.2565594 0.2427416 0.2232309 0.2484197 0.235024 0.2466424 0.339279 0.3545178 0.3940865 0.4154979 0.3098271 0.3088943 0.3027375 0.2844463 0.2327923 0.3342295 0.3197712 0.3228538 0.3207736 0.3579648 0.368521 0.3752115 0.3932567 0.3953915 0.4147326 0.4039543 0.4082378 0.4023239 0.3929762 0.457184 0.4515746 0.4545738 0.4705311 0.4598413 0.4727843 0.4808478 0.4647454
0.232986 0.226958 0.2399391 -9999 0.3400531 0.3426265 0.3546156 0.3601874 0.3088333 0.2838251 0.3088786 0.343619 0.3797782 0.3747123 0.3283928 0.2950388 0.1742873 0.1866762 0.2757832 0.2668801 0.2663697 0.2516142 0.256161 0.2335845 0.1801824 0.1202377 0.1741448 0.1914905 0.1527178 0.1508359 0.2679698 0.1957386 0.1657918 0.2020844 0.2373819 0.2698314 0.296486 0.3560118 0.4046884 0.4138864 0.3113925 0.2589687 0.2960657 0.270519 0.2763471 0.3802732 0.2646349 0.3264189 0.3426449 0.4045858 0.3757856 0.378765 0.382569 0.3986766 0.4117483 0.4077455 0.3993381 0.4071812 0.4132515 0.4565818 0.4610845 0.4567859 0.4713535 0.4754708 0.474692 0.4910864 0.4289775
0.2163081 0.2359466 0.2313445 0.2461382 0.2868764 0.349245 0.3571421 0.387791 0.3672844 0.3054348 0.317914 0.3399472 0.2928058 0.2959761 0.2905414 0.2632031 0.1629156 0.203792 0.286034 0.2697657 0.2661703 0.2339372 0.2115003 0.2095691 0.2572641 0.1512738 0.1004107 0.184626 0.1279991 0.1391629 0.274166 0.1616509 0.1583051 0.2849389 0.2746999 0.2944493 0.3145279 0.347596 0.3947192 0.4272486 0.3735332 0.2306629 0.2249036 0.2177058 0.311363 0.3855662 0.2499168 0.3309211 0.368869 0.4078195 0.3824779 0.3950245 0.3876629 0.4084701 0.3961492 0.4107001 0.4028162 0.4143093 0.4283384 0.4448071 0.4534092 0.4652089 0.4631553 0.4614673 0.4668257 0.4732041 0.391784
-9999 0.2427341 0.2517159 0.2527363 0.3337085 0.3588233 0.3566092 0.3739381 0.3223841 0.3041315 0.352217 0.3648083 0.3085417 0.3014833 0.3158377 0.2932156 0.1798885 0.2089316 0.1902296 0.1704985 0.1633133 0.1303249 0.1761479 0.1439235 0.2465171 0.2494687 0.1394631 0.1277093 0.1296957 0.2355573 0.2680368 0.1492512 0.1668767 0.3203914 0.314825 0.3006515 0.3026093 0.3275485 0.3900807 0.4315581 0.4429047 0.3419186 0.2803874 0.3274122 0.4470171 0.3840607 0.310649 0.3703378 0.4069069 0.3783758 0.3598652 0.3867666 0.3986787 0.40422 0.393159 0.411298 0.4075225 0.414023 0.4141897 0.4374408 0.4347855 0.4487269 0.4401973 0.4383558 0.4407499 0.4663672 0.4177524
0.2265656 0.2381865 0.2297824 0.2731061 0.2769781 0.324712 0.3572055 0.3709292 0.2971853 0.284736 0.3184272 0.3414822 0.3528621 0.3247334 0.3361969 0.3171042 0.2267733 0.2214074 0.2250381 0.2149782 0.2273916 0.2546785 0.260738 0.1450846 0.2054033 0.2737771 0.2688546 0.2606586 0.27571 0.2741694 0.2184979 0.1929329 0.2316273 0.3492936 0.3459519 0.3243336 0.3134744 0.338603 0.4133002 0.433966 0.4476195 0.4919005 0.4763977 0.4643525 0.468326 0.4579145 0.4646382 0.404159 0.3739158 0.3710208 0.3635942 0.3740528 0.3953328 0.3960819 0.3931517 0.3936316 0.3882406 0.3897471 0.3707472 0.3686351 0.384656 0.3991006 0.4109818 0.4087346 0.4155746 0.4439968 0.4618642
0.2218644 0.2410154 0.2272682 0.2254897 0.2397253 0.2775861 0.362839 0.352694 0.3001295 0.319723 0.2856769 0.3131172 0.3345027 0.336154 0.319661 0.2998044 0.2796779 0.2825159 0.3376153 0.2936596 0.28979 0.3315784 0.3138738 0.1688972 0.1291136 0.1911867 0.2697942 0.2797396 0.2824717 0.2104892 0.1771066 0.2466863 0.2910694 0.3604298 0.3877777 0.369581 0.3511891 0.3759391 0.4403445 0.4220188 0.4572958 0.4985538 0.4634407 0.4458889 0.4348447 0.4606232 0.4412767 0.4065152 0.3747236 0.3472731 0.345526 0.3645623 0.380786 0.373738 0.3853903 0.391207 0.3723647 0.3840511 0.3845007 0.3897867 0.3692771 0.3586475 0.3841237 0.3744923 0.4143832 0.4271865 0.440744
0.1883053 0.236216 0.2189364 0.2040704 0.2059923 0.3149746 0.3616139 0.3462043 -9999 0.3055598 0.3199019 0.3268356 -9999 0.382274 0.373542 0.3296688 0.3080464 0.3119152 0.3573811 0.3198938 0.3411325 0.3523124 0.3398851 0.3192609 0.2213261 0.1798712 0.2618678 0.2945776 0.2525672 0.1446378 0.1889001 0.3087548 0.3583498 0.4099799 0.380313 0.3790251 0.406782 0.4160081 0.3183752 0.2513261 0.2835019 0.4229138 0.4373033 0.3780954 0.3741014 0.4146907 0.4096426 0.4026587 0.3741843 0.3082851 0.3388806 0.3564626 0.3775369 0.3644752 0.3834509 0.3972176 0.3924797 0.3835144 0.3630664 0.3666586 0.3635758 0.4054044 0.3846994 0.3790953 0.4209638 0.4167383 0.439902
0.207839 0.2411689 0.2175841 0.2054687 -9999 -9999 0.3010149 -9999 0.2750994 0.2857569 -9999 0.3417894 -9999 0.372344 0.401515 0.3530275 0.3504887 0.3687983 0.3730237 0.3580524 0.3639085 0.3569534 0.3243791 0.3073647 0.1820443 0.1609874 0.2837907 0.2908999 0.1885438 0.1556272 0.3110676 0.3488137 0.3602443 0.3706507 0.3360749 0.3263755 0.3440136 0.3339128 0.2746651 0.2664783 0.1803017 0.3153104 0.4336748 0.4041943 0.3606839 0.3612019 0.3627772 0.3405519 0.3372017 0.2902416 0.3333308 0.3484818 0.3674829 0.3582729 0.3963891 0.3922435 0.3939293 0.3948668 0.3831469 0.3781593 0.3302656 0.4023921 0.3655875 0.3822232 0.4055538 0.4038903 0.432189
0.2180431 0.2466707 0.2159259 0.206515 0.2188084 0.2263746 -9999 -9999 0.2620868 0.2791194 -9999 -9999 -9999 0.3586538 0.3982184 -9999 -9999 0.4306781 0.4002039 0.3993755 0.4127074 0.3618393 0.3253002 0.3054603 0.2007854 0.1935591 0.2973198 0.2888529 0.1594816 0.2346154 0.3122364 0.3300983 0.3799095 0.3405495 0.242783 0.2132554 0.183965 0.2587976 0.2722406 0.3043668 0.2635228 0.3079511 0.4087574 0.4096238 0.3713209 0.351257 0.3383596 0.3176129 0.3185882 0.3198377 0.3329496 0.3286935 0.3419518 0.3433812 0.3979819 0.3816266 0.3919458 0.402352 0.3985823 0.3841851 0.3493139 0.4019333 0.3855345 0.3711172 0.3887816 0.3960695 0.3787403
0.2156232 0.259463 -9999 0.2186855 0.2394152 0.2371233 -9999 -9999 0.2266711 -9999 0.2622291 -9999 -9999 -9999 0.3344647 0.3884018 0.3609947 0.375885 0.3875612 0.3961293 0.4259083 0.3611575 0.3527222 0.3383225 0.2379615 0.1867461 0.279525 0.2913392 0.1759621 0.2579539 0.2943734 0.3313166 0.3557388 0.3418414 0.2622764 0.2829098 0.2643916 0.2409463 0.2357132 0.2856398 0.2647642 0.3316142 0.4388425 0.4321106 0.3915424 0.3681699 0.3425676 0.3346097 0.3336565 0.346499 0.3489645 0.3608851 0.3336912 0.3509068 0.3795873 0.3714793 0.4011046 0.403481 0.3872696 0.385345 0.3665829 0.3703927 0.4165944 0.4077172 0.4006081 0.3958553 0.3896937
0.2208885 0.2364654 0.2332224 0.2339109 0.2345905 0.2506159 0.2230638 -9999 -9999 0.2283042 0.2757619 0.2974939 0.3180952 0.3501047 0.339529 0.3407469 -9999 0.3754876 0.3651153 0.4060524 0.4167317 0.3171785 0.2787532 0.2400765 0.1972977 0.2060108 0.2908064 0.3141527 0.2376486 0.2438229 0.2297498 0.3053273 0.3298661 0.3146468 0.2934362 0.2655281 0.3223194 0.322483 0.3361285 0.2627521 0.2099773 0.3579294 0.4645511 0.4545038 0.4272517 0.4290412 0.3956546 0.3566414 0.3388344 0.3561132 0.3393045 0.3484944 0.3281689 0.3423737 0.3758199 0.3729571 0.395744 0.4051424 0.3997147 0.4032395 0.3926783 0.3685033 0.4186881 0.4072547 0.4023701 0.3965473 0.4187187
0.2289736 0.2451106 0.2335096 0.2361284 0.2525699 0.2471939 -9999 -9999 -9999 -9999 -9999 0.275667 0.3114074 0.3256888 0.3560418 0.3534898 -9999 0.4299215 0.4027554 0.4206871 0.3973995 0.2910649 0.3007132 0.3072315 0.2914074 0.2888299 0.3136115 0.335282 0.3229427 0.2814835 0.2048685 0.2229915 0.2536229 0.2529765 0.3184155 0.2881725 0.2419317 0.2984695 0.3673961 0.2079861 0.2408186 0.4164793 0.4372765 0.4528439 0.4386411 0.424326 0.4146352 0.3959027 0.3833411 0.3789645 0.3676312 0.3478487 0.3581749 0.3505031 0.3734203 0.3784106 0.4017676 0.4138713 0.4022501 0.3952154 0.3919892 0.373998 0.4052485 0.4206256 0.4058502 0.4261957 0.4347592
0.2490903 0.2426736 -9999 0.2329507 0.2506697 0.2714989 0.2461394 -9999 -9999 -9999 0.2787431 0.2581477 0.2793735 0.3136585 0.3277218 -9999 0.4123448 0.4241369 0.4370461 0.4447349 0.3737466 0.2909669 0.3060777 0.2634067 0.1782312 0.1341735 0.1572509 0.2472799 0.339022 0.3455194 0.3100918 0.2876133 0.3187748 0.237986 0.3302956 0.3740595 0.2735584 0.2642454 0.3651928 0.1843815 0.2490507 0.3781523 0.4080157 0.4023727 0.4305164 0.4281355 0.3917594 0.3794067 0.371473 0.3705052 0.3663488 0.3548742 0.3598285 0.3607257 0.3395784 0.3593601 0.4012378 0.4067577 0.4112985 0.4055532 0.3996469 0.3677777 0.3607434 0.4350263 0.4590173 0.4083695 0.4006724
0.2360024 0.2283491 0.2226469 0.2259806 0.2346328 0.2797127 0.2565565 -9999 0.2692042 0.2473473 0.2725331 0.2525711 0.2362727 0.3163718 0.3392458 0.3416307 0.3685483 0.3903114 0.3677161 0.3798805 0.3574628 0.3023394 0.2832033 0.2929374 0.3344305 0.3187458 0.257827 0.2543516 0.3405648 0.3389565 0.3509457 0.3444016 0.3025694 0.2473247 0.3467563 0.3521003 0.3035542 0.2740582 0.3842016 0.285543 0.2937887 0.3638481 0.3914505 0.3752032 0.4063575 0.4442596 0.4065356 0.3908894 0.3949539 0.3812793 0.3703083 0.3341305 0.275598 0.3571966 0.3286089 0.3141286 0.3648538 0.3874232 0.4282237 0.4361665 0.4376214 0.4378531 0.4164747 0.4335036 0.472875 0.395823 0.4486329
0.2519388 -9999 -9999 -9999 -9999 0.2723038 0.2524567 0.2648641 0.2403695 -9999 0.2784363 0.2806959 0.2143554 -9999 0.3310981 0.3363251 0.355407 0.4030238 0.4148403 0.3870136 0.3744832 0.3631086 0.3789476 0.3906286 0.3404415 0.3096614 0.2806565 0.3097596 0.3569054 0.367349 -9999 0.3497313 0.284853 0.2521401 0.2646601 0.3022 0.3519821 0.313861 0.3868271 0.3457649 0.3054177 0.3372505 0.3465292 0.3442181 0.3689988 0.4425222 0.4218856 0.4309069 0.4358078 0.4096698 0.3877036 0.3705295 0.2634445 0.3039924 0.3677874 0.3380203 0.3508032 0.409456 0.4467811 0.4555909 0.4383507 0.4403765 0.4441899 0.4559249 0.4765534 0.4204251 0.4000526
0.2773002 -9999 -9999 -9999 -9999 -9999 0.273578 -9999 0.2774435 0.2751949 0.2822847 0.2921458 0.2326513 0.2514467 0.2863567 0.2717894 0.366641 0.404515 0.433321 0.4348073 0.4302072 0.4127252 0.3950712 0.3716481 0.325927 0.3250476 0.3124327 0.3281717 0.319175 0.3525002 0.3741738 0.369692 0.3243807 0.2848679 0.2745076 0.3090359 0.3412514 0.3398315 0.3898221 0.3882303 0.3371712 0.3595247 0.3614446 0.3442962 0.3672444 0.3978503 0.456487 0.4410778 0.433933 0.4368629 0.4083723 0.4086034 0.345544 0.2767845 0.3572299 0.3193039 0.3193659 0.4356165 0.4421006 0.4739577 0.4468 0.4503224 0.456589 0.4450154 0.4423541 0.5020586 0.4872098
0.2271449 0.232344 0.2446009 0.2618549 0.2744608 0.3218941 0.2770637 0.26676 0.2831621 0.2779246 0.29568 0.2889893 0.2375017 0.2541335 0.2614869 0.2899632 -9999 -9999 0.3973578 -9999 0.4531735 0.4527091 0.399103 0.363887 0.3268839 0.2930423 0.2943573 0.339106 0.3221537 0.3474439 0.3768327 0.3689582 0.3836137 0.385059 0.3847224 0.3818146 0.3744004 0.3846747 -9999 0.3967779 0.3746827 0.3853512 0.3845364 0.3135093 0.3164129 0.2912536 0.4034689 0.4049463 0.4041143 0.4060969 0.3894646 0.4042505 0.3924539 0.2934016 0.3497352 0.3437619 0.2983896 0.4440996 0.4454583 0.468224 0.4800137 0.4752063 0.4742646 0.4718603 0.4395346 0.4529002 0.5002813
0.2500837 0.2374366 0.2500732 0.2444934 0.2683125 0.2697967 -9999 0.2666435 0.2750199 0.2878333 0.2995594 0.2522669 0.2351059 0.246103 0.2669119 0.3116972 -9999 -9999 -9999 0.4054137 0.4382608 0.4677111 0.4507425 0.4048135 0.4078034 0.393686 0.3706523 0.3349891 0.2707854 0.3498764 0.3902747 0.357901 0.3381 0.3687385 0.3879862 0.3566894 0.3736219 0.3932186 0.3879689 0.3964365 0.3922724 0.3941847 0.403387 0.3756344 0.3605281 0.3289649 0.4258317 0.4096029 0.3855175 0.3575423 0.3355849 0.3204699 0.3131973 0.2817208 0.366229 0.3845834 0.2468217 0.3462422 0.4423129 0.4563782 0.4730559 0.4877177 0.4878803 0.49458 0.4937969 0.4910561 0.4712201
0.2812195 -9999 -9999 0.2261265 -9999 -9999 0.257452 -9999 0.2408033 0.2781683 0.3081718 -9999 0.2527698 -9999 0.2687846 0.3200239 -9999 -9999 0.427821 0.388567 0.4259839 -9999 0.4569269 0.4584627 0.4618007 0.47231 0.3955801 0.2678155 0.2496252 0.3576002 0.3055141 0.2569458 0.3160221 0.3486801 0.3966245 0.3954893 0.3704407 0.3607918 0.3797955 0.4093541 0.4021219 0.4059915 0.4161989 0.4033867 0.364722 0.3547615 0.4409967 0.4186399 0.3981717 0.3973662 0.3839987 0.3558449 0.3312113 0.3489037 0.4028874 0.4348257 0.3541654 0.2663673 0.3970541 0.45328 0.4755559 0.4873242 0.482058 0.4882433 0.4934855 0.494294 0.4632804
0.2880808 -9999 -9999 0.2268852 0.228476 -9999 0.2805216 0.2855234 0.2791311 -9999 -9999 0.3129148 -9999 -9999 0.2687074 0.3157844 0.3496072 0.4067157 0.4277608 0.4084017 -9999 0.3825081 -9999 0.3968499 0.4346598 0.44399 0.3600605 0.1999372 0.1718699 0.1838361 0.2093557 0.3234796 0.3484439 0.3562609 0.3912397 0.3304355 0.3202833 0.3469648 0.3719094 0.4093751 0.39946 0.3798178 0.4228353 0.3893516 0.3755872 0.3965651 0.4401155 0.4477397 0.4211678 0.3998705 0.3946047 0.3954409 0.39515 0.3971125 0.4016221 0.4031527 0.4533134 0.4286911 0.4210218 0.4157673 0.4536622 0.4931071 0.4905473 0.4993528 0.5078987 0.4725599 0.5046781
-9999 -9999 0.2333256 -9999 -9999 0.27831 0.281582 0.2763091 0.2833946 -9999 -9999 -9999 -9999 0.274792 0.2823254 0.3167146 0.3663109 0.4069573 0.4113835 0.3894097 -9999 -9999 -9999 -9999 0.4568645 0.4790191 0.4082156 0.2415905 0.1822825 0.2362579 0.3423264 0.3599316 0.3293964 0.2912207 0.2883593 0.3320116 0.3997293 0.3917792 0.3843223 0.3878453 0.3927808 0.3931513 0.4096991 0.3926132 0.3582945 0.4198195 0.4361851 0.4329116 0.4382645 0.4237926 0.3890916 0.3758812 0.3642259 0.3705037 0.3909614 0.3737617 0.428354 0.4803979 0.4795103 0.4087725 0.4374339 0.4831038 0.4355238 0.4473391 0.4360047 0.4576938 0.5866645
-9999 -9999 -9999 -9999 0.2268575 0.2581323 0.2489114 -9999 -9999 0.2592398 0.2611639 -9999 -9999 0.2853719 0.3048553 0.3216233 0.3470451 0.3939787 0.3997203 0.3504531 -9999 -9999 0.3696945 0.3972877 -9999 0.4424765 0.4722749 0.4630198 0.4255373 0.4253689 0.4030458 0.3151599 0.3269592 0.3169046 0.3559318 0.3555734 0.346938 0.3606949 0.4076241 0.4129415 0.3876764 0.4093167 0.3683433 0.411236 0.3358193 0.422578 0.425371 0.4266169 0.440201 0.4536873 0.4353284 0.4311121 0.4196602 0.4069255 0.4210743 0.3830499 0.3809846 0.437084 0.502394 0.4539882 0.4334062 0.4601069 0.4618222 0.5509478 0.5509762 0.5593495 -9999
-9999 -9999 -9999 -9999 0.2612383 -9999 0.236897 0.2375461 -9999 0.2556598 -9999 -9999 -9999 0.292385 0.2870607 0.3169233 0.3331052 0.3724248 -9999 0.3437068 -9999 -9999 -9999 0.3991171 0.3928205 0.3984147 -9999 -9999 0.4814074 0.4955115 0.4345027 0.3873281 0.4320694 0.3933319 0.3278863 0.3114538 0.3482502 -9999 -9999 -9999 0.3993419 0.413941 0.3584927 0.3674663 0.3571568 0.4380003 0.4318922 0.4199743 0.4406312 0.4521693 0.4593242 0.4504331 0.4392636 0.4338267 0.4476137 0.428763 0.4182961 0.4339669 0.4894777 0.5079265 0.451104 0.4622571 0.5093825 0.5443908 -9999 0.4932639 0.5886048
0.2419774 -9999 0.2592633 0.2654512 0.2635195 -9999 0.2548077 0.2499408 -9999 -9999 -9999 -9999 0.3480528 0.3056254 0.290439 0.2961169 0.3394873 0.365495 -9999 -9999 -9999 0.3421473 -9999 0.4124244 0.405864 -9999 0.4029136 -9999 0.4867443 0.4791368 0.5080259 0.4080971 0.3396806 0.306472 0.3408934 0.3969842 0.3894786 0.41293 0.4312327 0.4349366 0.4305431 0.4075621 0.4241489 0.4105013 0.3998225 0.4252408 0.441569 0.4273126 0.448334 0.4596394 0.4553385 0.447109 0.445283 0.4476049 0.4589878 0.4655123 0.4324862 0.4054374 0.4574101 0.5112128 0.5547823 0.5698757 0.5628226 0.5491614 0.554925 -9999 0.5042005
0.2308446 0.2360513 0.2465393 0.2558882 0.2727852 -9999 -9999 -9999 -9999 -9999 0.258931 0.3068527 -9999 0.3342024 0.3062504 0.2803855 0.323308 0.3495324 0.3613203 0.3550833 0.3718103 -9999 0.3952869 0.4199573 0.4133675 0.4223528 0.401995 -9999 0.4146177 0.444955 0.505329 0.2853063 0.2024553 0.3301685 0.3724695 0.3691732 0.3525138 0.3764677 0.4292213 0.4059124 -9999 0.3692392 0.4301939 0.427292 0.4192353 0.3941864 0.4511909 0.4421972 0.4535477 0.4663947 0.4590974 0.451768 0.4625935 0.4588053 0.453531 0.4726072 0.4825503 0.4679064 0.4732519 0.5185437 -9999 0.5206516 0.4847883 0.509369 0.5251678 -9999 -9999
