projects/spp-inf/Zonation runs/Test data/Species/species3.asc
ncols         649
nrows         555
xllcorner     294205
yllcorner     6283604.6
cellsize      0.200
NODATA_value  -9999
[rows 150 to 179 of 555, columns 335 to 401 of 649]
-9999 0.3370162 0.3032477 0.289927 0.2937042 0.3038156 0.2836781 0.2807723 0.2945138 0.3108037 0.3274006 0.3692265 0.4107374 0.4235276 0.36979 0.3501046 0.3230528 0.2855161 0.2825197 0.3035592 0.2861602 0.2736873 0.3039259 0.3241016 0.387847 0.3731582 0.3759932 0.3012254 0.2622699 0.2527084 0.262185 0.2675709 0.3035014 0.3439371 0.2637111 0.2622325 0.2503393 0.2288106 0.2089352 0.2774083 0.2653387 0.2390008 0.2603643 0.3278879 0.3733282 0.3269904 0.3474807 0.3821172 0.4128826 -9999 -9999 -9999 -9999 -9999 -9999 -9999 -9999 -9999 -9999 -9999 -9999 -9999 -9999 -9999 -9999 -9999 -9999
0.3128155 0.3117324 0.2923717 0.3042916 0.2978483 -9999 -9999 -9999 0.3095833 0.3175363 0.3351373 0.3694119 0.4110528 0.4343538 0.446896 0.4502286 0.3759684 0.3154884 0.2879333 0.2966308 0.2723615 0.2810534 0.3096592 0.346052 0.352208 0.3302892 0.3393732 0.2807361 0.2588964 0.2522087 0.3015425 0.3171953 0.3472596 0.4013001 0.3586329 0.2697873 0.2420923 0.2492331 0.250141 0.369382 0.3805305 0.3428197 0.3280104 0.3935139 -9999 -9999 -9999 -9999 0.4699677 0.4410245 -9999 -9999 -9999 -9999 -9999 -9999 -9999 -9999 -9999 -9999 -9999 -9999 -9999 -9999 -9999 -9999 -9999
-9999 0.2975672 0.2766332 0.313094 0.2978882 0.2883582 -9999 -9999 0.3508724 0.3547553 0.3529311 0.3948238 0.4169488 0.3953689 0.397747 0.4367311 0.4175883 0.3546772 0.3073528 0.2652096 0.2713371 0.3209439 0.3466527 0.32188 0.3356876 0.333533 0.3044871 0.2922591 0.2529014 0.2497037 0.2974521 0.30887 0.2831808 0.292821 0.4377454 -9999 0.3404565 0.2990539 0.3389318 0.4184823 0.4633535 0.4404711 0.4378478 0.4274759 0.4329094 -9999 0.4154885 0.4406199 -9999 -9999 -9999 -9999 -9999 -9999 -9999 -9999 -9999 -9999 -9999 -9999 -9999 -9999 -9999 -9999 -9999 -9999 -9999
-9999 0.2914749 0.2671378 0.3224817 0.3063802 0.2922092 -9999 0.36182 0.3817362 0.4048399 0.368097 0.4072346 0.4099475 0.3592298 0.3641066 0.3822915 0.3822742 0.370901 0.3301596 0.2815456 0.2813324 0.3353036 0.3325256 0.28833 0.3342721 0.323833 0.2994956 0.2842239 0.2461374 0.2315819 0.2625206 0.2669841 0.2711293 0.2104067 0.3300016 -9999 0.4015654 0.3865938 0.3435111 0.4262238 0.4567069 0.4619825 0.5480242 -9999 -9999 -9999 -9999 -9999 -9999 -9999 0.4599388 0.482701 -9999 -9999 -9999 -9999 -9999 -9999 -9999 -9999 -9999 -9999 -9999 -9999 -9999 -9999 -9999
0.3419788 0.3213453 0.2711239 0.324136 0.3202081 0.3015128 0.3300035 0.3551588 0.371259 0.3975941 -9999 0.3907703 0.4104817 0.423123 0.4166864 0.4013532 0.3657548 0.3564155 0.3711979 0.3165968 0.3044659 0.3362447 0.2929952 0.2808892 0.2919101 0.2662397 0.2774812 0.2600389 0.2223306 0.1919671 0.1981054 0.202756 0.2430069 0.2594377 0.2631828 0.4404127 0.5207815 0.4796224 0.4659982 0.4818 0.4998565 -9999 -9999 -9999 -9999 -9999 -9999 -9999 0.4037977 0.428351 0.4446543 -9999 -9999 -9999 -9999 0.5927173 -9999 0.6540138 0.6768038 0.7174623 -9999 -9999 -9999 -9999 -9999 -9999 -9999
0.3344915 0.2981481 0.2828971 0.3337555 0.3345545 0.3132153 0.3409812 0.3576837 0.3500863 0.3826145 0.4037308 0.377993 0.3868785 0.3992604 0.4152913 0.443906 0.4073792 0.4030002 0.4373286 0.3791519 0.3119253 0.3056476 0.2733486 0.2387117 0.2450427 0.2309693 0.2348347 0.2483926 0.2458327 0.2165447 0.2059016 0.2280124 0.2590771 0.2805701 0.2881884 0.4154746 0.5162927 0.462944 0.4701387 0.466208 0.5167993 -9999 -9999 -9999 0.4055622 -9999 -9999 0.4104084 0.414578 0.4350244 0.4437875 -9999 -9999 -9999 -9999 -9999 0.5996039 0.6273777 -9999 0.6816379 -9999 -9999 -9999 -9999 -9999 -9999 -9999
0.3454356 0.3003874 0.294244 0.3303129 0.3436629 0.3131967 0.3349332 0.3576002 0.3517838 0.36543 0.3948876 0.3834695 0.3973448 0.3928852 0.3876792 0.3993835 0.3848623 0.3817462 0.3963255 0.4278498 0.3654818 0.3244412 0.2714411 0.2445234 0.2399785 0.2416772 0.2588817 0.2810041 0.2824184 0.2484063 0.2129359 0.2373835 0.2935577 0.3067708 0.2970254 -9999 0.49134 -9999 0.4343347 -9999 -9999 0.4082229 0.4049715 0.3684126 0.4085097 0.4169488 -9999 -9999 0.4021628 0.4545548 0.4470204 0.4889553 0.4986072 -9999 -9999 -9999 0.5732352 0.596131 0.6352968 -9999 -9999 -9999 -9999 -9999 -9999 -9999 -9999
0.3219247 0.2921841 0.3033242 0.3700349 0.3509754 0.329062 0.3383211 0.3567522 0.3613437 0.3844182 0.3958089 0.4063696 0.4088096 0.3887229 0.3907238 0.38296 0.3808779 0.3750516 0.3866786 0.4035741 0.4168537 0.371368 0.311172 0.2857205 0.2638703 0.2352207 0.2555741 0.2943471 0.3003535 0.270239 0.2186652 0.2202126 0.2944686 0.3362835 0.4590252 0.5113626 -9999 -9999 0.5436764 -9999 -9999 0.4189353 -9999 0.4295236 0.3730092 0.3762761 0.3655065 0.3588189 0.3507814 0.4396351 0.4561419 0.4354822 0.4756318 0.4994568 0.4983255 -9999 0.5460086 -9999 -9999 0.6160503 -9999 -9999 -9999 -9999 -9999 -9999 -9999
0.3277127 0.3084671 0.3197625 0.3553669 0.3492896 0.3309128 0.3487681 0.3620372 0.3747865 0.3534886 0.3952242 0.4054227 0.3791942 0.3587719 0.3916064 0.3751523 0.3766678 0.354632 0.3710077 0.373381 0.3751045 0.4068434 0.3993015 0.358296 0.2873627 0.2358618 0.2499024 0.277412 0.3088341 0.29566 0.2588392 0.2512585 0.2963069 0.326453 0.4171776 0.4499945 -9999 -9999 0.506989 0.4884188 0.4618432 0.4321748 0.4002122 0.3953191 0.4045417 0.3871258 0.3537301 0.3509517 0.3817002 0.4556471 0.3734731 0.3820654 0.4799774 0.465281 0.4670768 0.4810027 0.5247992 -9999 -9999 -9999 -9999 -9999 -9999 -9999 -9999 -9999 -9999
0.3235179 0.3471397 0.3649356 0.3757025 0.3571099 0.3453005 0.3570248 0.3775777 0.3841237 0.3530965 0.3985844 0.4136352 0.3920419 0.3623353 0.3774134 0.3725115 0.3833429 0.3662831 0.3694189 0.3469157 0.3356845 0.3667109 0.3817462 0.4167516 0.315035 0.2458936 0.2407533 0.2800223 0.3290462 0.3089314 0.2884908 0.2752866 0.3291438 0.3297915 0.4287792 0.5179489 0.5563862 0.4989082 0.5177269 0.4809689 0.4240643 0.4177322 0.4231821 0.4206012 0.4049589 0.3920965 0.373114 0.363062 0.361356 0.3682827 0.3729591 0.4147584 0.4876871 -9999 0.4448198 0.4560352 0.473077 -9999 -9999 0.5887785 -9999 -9999 -9999 -9999 -9999 -9999 -9999
0.3354155 0.3560978 0.3562446 0.3510305 0.343537 0.3598148 0.3643955 0.3877543 0.3758672 0.3694108 0.390044 0.4282011 0.3975661 0.3713147 0.3747637 0.367377 0.3944446 0.3754957 0.3605648 0.3849829 0.3642822 0.3451603 0.3879486 0.3808921 0.325976 0.251262 0.23765 0.2741368 0.317643 0.3302848 0.3165519 -9999 0.345855 0.4189991 0.4993919 0.5242816 0.5196239 0.5136642 0.4926134 0.3833344 0.3949217 0.4308817 0.4263004 0.4264005 0.395517 0.3938677 0.3856702 0.3768934 0.3816321 0.4072489 0.4511192 0.4732821 0.4349041 0.4251529 0.4352849 0.4393634 -9999 0.4472816 0.5274402 -9999 -9999 -9999 0.6255614 -9999 -9999 -9999 0.6946534
0.3404455 0.3578578 0.3623674 0.3468001 0.3518553 0.3624077 0.361021 0.3848158 0.4020586 0.3527425 0.3902455 0.4167744 0.4016136 0.3906207 0.397509 0.3698682 0.3910131 0.3498795 0.342953 0.3568924 0.3707855 0.3691871 0.4162604 0.3652209 0.3056158 0.2503586 0.2417367 0.2689435 0.3159531 0.3654419 0.3749457 0.3504829 0.347116 0.4254043 0.536347 0.5201579 0.5038916 0.4546418 0.4273013 0.3626499 0.3865183 0.362591 0.3408773 0.3272159 0.3404961 0.3986077 0.4115812 0.4226004 0.4598579 0.4838117 0.4691509 0.439121 0.4186877 0.4203954 0.4387701 -9999 0.4730953 -9999 0.3923481 -9999 0.5227202 -9999 -9999 -9999 0.6071432 -9999 -9999
0.3855057 0.370859 0.350894 0.3475988 0.3496406 0.3586828 0.3606166 0.3787179 0.4227636 0.3550999 0.3788494 0.4397601 0.3733348 0.3778062 0.3707457 0.3561759 0.3928982 0.3577169 0.2955824 0.3447062 0.3820624 0.4039368 0.4066896 0.3531033 0.2854094 0.2395368 0.2420243 0.272439 0.3487902 0.3932747 0.449845 0.4248391 0.4245777 0.5250336 0.5424864 0.5411298 0.4064385 0.3298138 0.3165127 0.3203448 0.3443012 0.3664005 0.3927208 0.3757283 0.4041054 0.4059553 0.4155802 0.4134328 0.4441351 0.4407233 -9999 0.4317844 0.417531 0.4244636 0.435178 -9999 0.5013665 -9999 0.3975819 0.5045555 0.5132653 0.4779663 -9999 -9999 -9999 -9999 -9999
0.3656559 0.3464819 0.3462934 0.3443109 0.3396913 0.3534834 0.3595441 0.3595727 0.4062192 0.3396721 0.3402692 0.3865857 0.3259699 0.401903 0.4112012 0.3420979 0.3809692 0.378225 0.3190514 0.3726116 0.4065676 0.4190012 0.3624875 0.3131232 0.2635504 0.2530812 0.2529205 0.2885396 0.3166046 0.3396587 0.3994043 0.5008223 0.5428877 0.5433066 0.4714579 0.4189175 0.3642271 0.3121836 0.3030428 0.3368079 0.4044051 0.445299 0.45195 0.4452802 0.4435936 0.4430083 0.472649 0.5157414 -9999 -9999 -9999 0.4618951 -9999 0.4880909 0.4708192 0.384764 0.4304035 0.4441537 0.4071318 -9999 0.5061762 0.480467 -9999 -9999 -9999 -9999 -9999
0.3482732 0.3452827 0.3432847 0.3379555 0.3312888 0.3440315 0.3372319 0.3438725 0.3963837 0.3686808 0.2981041 0.3162596 0.3033544 0.3977481 0.394473 0.3724704 0.4048082 0.3922081 0.3405998 0.3541713 0.3606544 0.3968883 0.3628736 0.2973056 0.2504433 0.2704113 0.2841598 0.2824129 0.2933466 0.322044 0.3543987 0.4098971 0.5097029 0.5325188 0.4410453 0.3657429 0.3224759 0.3045703 0.3419093 0.3962332 0.3879745 0.3648155 0.4036292 0.4383931 0.453582 0.5037156 0.5041119 0.4972266 0.4484051 0.4201391 0.4512141 0.4770865 -9999 0.434124 0.4755634 0.4712813 0.4359235 0.3998953 0.4168939 0.4466437 0.4796202 -9999 0.5414807 -9999 -9999 -9999 -9999
0.3451708 0.3430346 0.351212 0.3503412 0.3357919 0.3333699 0.3525787 0.3468675 0.3443109 0.3282675 0.2560294 0.2776902 0.3117462 0.4164359 0.4225103 0.3674405 0.3930642 0.3680878 0.3144764 0.3138522 0.3033965 0.3149931 0.314116 0.308403 0.301056 0.2991627 0.31055 0.3196586 0.3254538 0.354726 0.4330165 0.5033207 0.5192451 0.5189276 0.4618867 0.3854377 0.3091204 0.3124846 0.3098248 0.3074431 0.3252274 0.3365792 0.367865 0.4434255 0.4232559 0.4820408 -9999 -9999 0.4899132 0.4207286 0.5029152 0.4910532 0.4813621 0.4061114 0.4421307 0.4237416 0.4267151 0.4012511 0.4592861 0.5182707 0.4752329 0.5077226 -9999 0.4664965 0.5258972 0.5922616 -9999
0.341638 0.344307 0.3537063 0.3048652 0.3365773 0.3262444 0.3244711 0.3626773 -9999 0.2621747 0.2228163 0.2551939 0.290379 0.366843 0.3426808 0.330903 0.3157443 0.2979589 0.3051101 0.3530318 0.3447634 0.3325633 0.3558067 0.3665594 0.3339491 0.3601202 0.3665516 0.3859671 0.4260613 0.4987192 0.5291383 0.5129945 0.5014655 0.4516045 0.4094895 0.3558343 0.3008619 0.2841417 0.2988944 0.3294283 0.3542716 0.4270463 0.4193838 0.4225905 0.4082646 0.3928665 0.3866778 0.5112516 0.4918283 0.4181856 0.4692737 0.421135 0.4698507 0.4268644 0.3983925 0.3920826 0.4023695 -9999 0.4498443 0.506592 0.4959683 0.5350716 0.4609098 0.4397151 0.4778931 -9999 -9999
0.3383977 0.3384767 0.3333826 0.2921428 0.2929057 0.3036989 0.3071425 0.3198054 0.3869776 0.2917551 0.1958678 0.2415414 0.2328718 0.275347 0.2831351 0.2903103 0.3165622 0.3466088 0.3795633 0.3673429 0.3705643 0.3622166 0.383664 0.4162917 0.4219472 0.4271991 0.4303656 0.466858 0.4920948 0.4912351 0.4405949 0.4843294 0.4796637 0.4317522 0.3556453 0.3447895 0.3257913 0.3338006 0.3596157 0.3711118 0.3821165 0.3928358 0.4080424 0.3920488 0.4271018 0.3791259 -9999 -9999 0.4242167 0.4046775 0.4336716 0.4438178 0.4386228 0.4052177 0.4359613 0.4119559 0.429846 0.4850589 0.5114516 0.4928913 0.4750306 0.4404005 0.4490383 0.4732014 0.578477 -9999 -9999
0.3332983 0.3352998 0.3167823 0.2875563 0.2887156 0.2950614 0.29941 0.3428839 0.3879115 0.2400682 0.1719212 0.2470419 0.2607712 0.3021121 0.3316021 0.3594762 0.3804451 0.3917191 0.3685509 0.3620397 0.3531251 0.3834085 0.3457154 0.3705097 0.4276789 0.4182618 0.4544253 0.4396793 0.4427667 0.4849945 0.3986519 0.4821997 0.4274825 0.3525047 0.3759102 0.4028446 0.3275133 0.3208793 0.3919078 0.4410162 0.4217527 0.410705 0.4115708 0.3863217 -9999 -9999 -9999 -9999 0.4394478 0.4141515 0.4360856 0.4520291 0.3887571 0.3360794 0.4133465 0.4140726 0.4052336 0.4465287 0.5167221 0.5014335 0.4896668 0.4177137 0.3878729 0.5115522 -9999 -9999 -9999
0.3266384 0.324473 0.3001999 0.294298 0.2948728 0.2995345 0.3151456 0.3552672 0.2768354 0.07588159 0.1327513 0.2142909 0.2733631 0.3204542 0.3681122 0.3492635 0.3681158 0.3629956 0.3345698 0.3552828 0.3185088 0.354406 0.349552 0.3557028 0.3745138 0.3767996 0.4378597 0.3858545 0.4283231 0.4626094 0.3724207 0.4329557 0.3723638 0.3379309 0.4016305 0.3895419 0.3871193 0.3686922 0.373108 0.4214594 0.438331 0.4433142 0.467798 0.4322308 0.4762629 -9999 -9999 0.4686401 0.445288 0.4004887 0.4117542 0.4563806 0.4234593 0.3298528 0.4251308 0.4372941 0.4142202 0.4376223 0.5298538 0.4812627 0.4243864 0.4046674 0.4022787 -9999 -9999 -9999 -9999
0.3241063 0.3342618 0.3119852 0.2955791 0.3061541 0.3034041 0.3134948 0.3307332 0.2188772 0.02623995 0.1380718 0.1455502 0.2222393 0.3018374 0.3198072 0.290749 0.3601428 0.3631614 0.3303776 0.3612806 0.3456427 0.3812598 0.3580832 0.3545579 0.3425716 0.3633046 0.3853582 0.3519716 0.4333105 0.4107124 0.3535197 0.363395 0.3319663 0.3216641 0.3287183 0.3809189 0.4049609 0.4223305 0.4454792 0.4557427 0.4421419 0.4180517 -9999 -9999 -9999 -9999 -9999 0.4724415 -9999 0.4135794 -9999 0.3636034 0.3696398 0.3207487 0.4069457 0.4039037 0.4020292 0.4374164 0.4927513 0.4793396 0.405849 0.3865879 0.4509413 0.538059 0.5604491 -9999 -9999
0.3333752 0.3359078 0.3113916 0.2863463 0.307696 0.3284869 0.2926863 0.2029953 0.09689479 0.01443656 0.1698889 0.1211284 0.2019602 0.2909881 0.2738332 0.3053917 0.3828443 0.3516119 0.3375777 0.347766 0.3648683 0.3946924 0.357383 0.3320055 0.3281332 0.3701063 0.3513428 0.345576 0.3968398 0.3401417 0.3119294 0.3549217 0.360106 0.3689664 0.3491783 0.3654168 0.3772606 0.4025877 0.3771292 0.4135549 0.3891632 0.4116872 0.4449711 -9999 -9999 -9999 -9999 0.4430098 0.4735175 0.4301716 0.4268622 -9999 0.3672768 0.3515436 -9999 0.4569672 0.4249894 0.4422835 0.4877112 0.5125225 0.4135689 0.3930101 0.4420452 0.4388138 0.4458683 0.43277 -9999
0.3014053 0.3249087 0.3217182 0.2852429 0.3181084 0.2709147 0.103795 0.02979141 0.01560151 0.03948719 0.2221467 0.116988 0.1452694 0.2518813 0.2854412 0.3578384 0.3416279 0.3293987 0.3005878 0.3134859 0.3740056 0.37555 0.377932 0.3099224 0.3600344 0.3558212 0.3080442 0.3347036 0.3191564 0.2923078 0.2868976 0.3291638 0.3276461 0.3642373 0.3875478 0.3948111 0.3597252 0.3771978 0.349941 0.3382556 0.3078503 0.3760539 0.3947604 0.3858345 0.4100468 0.425527 0.4834835 0.4179878 0.3840173 0.4374095 0.422649 0.4469125 0.430828 0.3446347 0.3316459 0.466645 0.4600569 0.4504678 0.4544122 0.4199533 0.4201876 0.3990064 0.4015501 -9999 0.4569539 0.4606245 -9999
0.3031552 0.318252 0.3140489 0.3111604 0.299677 0.1327419 0.02190427 0.03183281 0.0905064 0.2061939 0.3003163 0.2043759 0.1325487 0.2022419 0.2699149 0.3065015 0.3003193 0.2977846 0.2814993 0.3186428 0.3850782 0.3849698 0.3848978 0.3070023 0.3057828 0.3086266 0.2909875 0.2996177 0.3093241 0.319356 0.3441648 0.3433004 0.3737946 0.3821937 0.3855971 0.3378095 0.3412634 0.3435169 0.3679234 0.2913069 0.3574465 0.4159159 0.4051281 0.4029499 0.4116404 0.4240592 0.421854 0.3821275 0.3682422 0.3966833 0.4195158 0.4471695 0.4268259 0.370114 0.3284519 0.4465862 0.4639626 0.4513997 0.4271446 0.4222392 0.4250543 0.4295396 0.3981502 0.4248062 0.5315199 0.5542602 -9999
0.2987006 0.3195467 0.2972792 0.3159101 0.2009734 0.06046277 0.05232573 0.2243277 0.3697293 0.4844607 0.3729016 0.2768193 0.177204 0.1244315 0.2004586 0.2717679 0.2702736 0.2688599 0.2742696 0.2974009 0.3307491 0.3343343 0.3329018 0.3405173 0.3461418 0.3388745 0.3290464 0.3550906 0.375424 0.3686461 0.407265 0.312466 0.3300656 0.3490843 0.338459 0.3369976 0.3343605 0.3259972 0.3297612 0.3262476 -9999 0.408644 0.3768526 0.3865533 0.4075475 0.3835754 0.3850987 0.3675323 0.3631892 0.4075196 0.4543626 0.4446018 0.4678482 0.4334505 0.3592654 0.4423207 0.4986806 -9999 -9999 -9999 0.4651403 -9999 -9999 -9999 -9999 0.569316 -9999
0.2877586 0.3112105 0.3030055 0.2910601 0.1378646 0.06059183 0.1539412 0.2879807 0.3176735 0.3830573 0.2864957 0.2499742 0.2475282 0.206508 0.2056864 0.2531097 0.2554083 0.2554813 0.2680538 0.2464757 0.3077696 0.3502154 0.3784158 0.4406239 0.3990751 0.4014125 0.3719525 0.4298464 0.4245871 0.4152848 0.427753 0.3333922 0.3268798 0.3096763 0.2835219 0.3340214 0.3094603 0.3284024 0.3230456 0.3198424 0.3209633 0.427929 0.3866905 0.4141142 0.4199519 0.3989606 0.3879917 0.3911996 0.3883764 0.4043811 0.3969671 0.4271368 0.440917 0.4400288 0.3475901 0.4188113 0.4515123 0.4581406 0.3583061 0.4198992 0.4062583 0.4060746 -9999 -9999 0.5188404 0.5243098 -9999
0.2686306 0.2944599 0.2962239 0.2789748 0.1108582 0.03649124 0.1085847 0.2508408 0.2631934 0.28294 0.2310649 0.09903204 0.08349891 0.07580567 0.1702201 0.2189748 0.2439441 0.2343301 0.2156439 0.2349235 0.4068232 0.3916038 0.4363705 0.4510807 0.4138894 0.4281339 0.3882261 0.4265563 0.3978869 0.38114 0.4132984 0.3658864 0.2953228 -9999 0.3348885 0.3174436 -9999 0.2896469 0.2805957 0.290517 0.2862258 0.3450043 0.3696349 0.4162585 0.413206 0.4268725 0.4075442 0.4155408 0.4061407 0.4144019 0.3864267 0.3894008 0.4151049 0.447128 0.4110401 0.3555852 0.353849 0.3995282 0.4056495 0.4134142 0.453811 0.4532194 -9999 0.5571052 0.5724989 -9999 0.5686456
0.2769147 0.2951171 0.3144057 0.3371297 0.2104751 0.06761615 0.1043897 0.2288985 0.23763 0.2493884 0.1774963 0.03090221 0.06083217 0.05849899 0.07381294 0.1075101 0.1698174 0.2173082 0.2989637 0.4058052 0.4608314 0.4351132 0.4326541 0.381798 0.4037953 0.4113209 0.3969662 0.4134778 0.3751032 0.3573554 0.3784107 0.4181916 0.3371984 -9999 0.3140349 0.3005443 0.2931637 0.3019831 0.3583612 0.3379929 0.374509 0.3764753 0.3599032 0.3723205 0.3626974 0.4247636 0.4329515 0.4343223 0.4005989 0.4345406 0.4241633 0.4215251 0.4402886 0.4698924 0.3824427 0.3282842 0.3933989 0.4071828 0.4995319 0.4962325 0.4863286 -9999 0.5782318 0.5495575 0.5655617 0.5741208 -9999
0.2864321 0.2854573 0.3003456 0.28851 0.102158 0.02741862 0.1135468 0.222373 0.2439912 0.2517973 0.139116 0.01725828 0.1774785 0.3141422 0.2627653 0.266824 0.3653125 0.3556031 0.431544 0.5130457 0.4600177 0.4337414 0.431392 0.3956601 0.3769289 0.3762209 0.3894047 0.3871115 0.3517393 0.331046 0.3565214 0.3931135 0.350211 0.3184075 0.2738434 0.299714 0.2934008 0.3662582 0.4515581 0.4316279 0.4320879 0.4394501 0.4299075 0.3891219 0.3691097 0.3985065 0.3794468 0.4096135 0.3976699 0.4693166 0.4603989 0.4250031 0.3961685 0.3838217 0.3300571 0.3777739 0.4087451 0.4641978 0.4987036 0.491776 0.5391738 0.5513618 0.4843346 0.4913844 0.5470929 -9999 -9999
0.2876213 0.3020555 0.2886564 0.1079159 0.01438463 0.04111198 0.2112554 0.2535399 0.2597504 0.2589255 0.1028881 0.02089036 0.2114545 0.4130647 0.3947645 0.4129297 0.445509 0.4739261 0.3921018 0.4700183 0.4339272 0.3928807 0.3855226 0.3859201 0.3518271 0.3468156 -9999 0.3470482 0.3347277 0.3432161 -9999 0.3796441 0.3682984 0.3267775 0.3059364 0.3073696 0.3773804 0.3966514 0.4374503 0.4444878 0.4363834 0.4293971 0.4396144 0.4451728 0.3744264 0.3453408 0.3575319 0.3722214 0.4053507 0.42346 0.3673902 0.3231471 0.307133 0.3043833 0.32864 0.3860357 0.4112316 0.429051 0.4062679 0.4376688 0.5029144 0.4736367 0.4619114 0.4963768 0.6026323 0.6141282 -9999
