projects/spp-inf/Zonation runs/Test data/Species/species3.asc
ncols         649
nrows         555
xllcorner     294205
yllcorner     6283604.6
cellsize      0.200
NODATA_value  -9999
[rows 240 to 269 of 555, columns 67 to 133 of 649]
0.1308041 0.1323903 0.1294022 0.1286827 0.107938 0.1527611 0.16038 0.1506182 0.1375919 0.1448779 0.13978 0.1522752 0.1557405 0.1644061 0.1449703 0.118493 0.1133661 0.1150308 0.1328976 0.1358457 0.1391001 0.143946 0.1196502 0.111209 0.117371 0.1233934 0.1408534 0.1639074 0.1539556 0.1514237 0.1486058 0.1353621 0.1534419 0.1575523 0.1651842 0.1460235 0.1291182 0.1410469 0.158609 0.1479254 0.1427926 0.1414033 0.1330552 0.1375324 0.1816958 0.1449118 0.1324108 0.1323896 0.1387068 0.09476346 0.1609984 0.1407019 0.1389269 0.1168594 0.1182649 0.1271243 0.1552637 0.1492911 0.1415388 0.1645572 0.1598322 0.1516059 0.1761817 0.1339956 0.1363452 0.1445058 0.1527371
0.1280847 0.1378772 0.1397304 0.1214355 0.09626177 0.134579 0.1565948 0.1499841 0.1282517 0.1362538 0.1254901 0.1257726 0.1595941 0.1459131 0.1387683 0.1538208 0.1527419 0.1378347 0.131502 0.137109 0.1351664 0.143329 0.1399066 0.1493725 0.1530883 0.1560667 0.153686 0.1331497 0.1138826 0.129909 0.1348636 0.1549515 0.1575466 0.1432964 0.1338443 0.1359617 0.1335245 0.1537477 0.1559549 0.1283719 0.1348083 0.1287366 0.1521426 0.1339952 0.1909075 0.1127448 0.133423 0.1512434 0.1397454 0.1022009 0.1500063 0.155279 0.1443771 0.1422555 0.1541506 0.1608591 0.1518834 0.1457584 0.1572398 0.171658 0.1515551 0.149357 0.1492499 0.1322421 0.1583121 0.1553557 0.156559
0.1434453 0.1423956 0.130988 0.09132608 0.08920042 0.1272528 0.157019 0.1331211 0.133432 0.1370026 0.1418861 0.1434016 0.1637853 0.1228749 0.1125687 0.1340046 0.1299967 0.1276871 0.1197367 0.1184926 0.1085375 0.08577481 0.07876393 0.09034328 0.1138626 0.1098749 0.0929081 0.08385132 0.1124488 0.1307392 0.1303876 0.1358816 0.1212211 0.1399983 0.132932 0.1577925 0.1472792 0.1552753 0.1621555 0.1295656 0.1502204 0.1479397 0.1705122 0.1735429 0.1504097 0.09244932 0.1313694 0.1176724 0.1266149 0.1198003 0.1465743 0.1448839 0.1410339 0.124329 0.1554773 0.132813 0.1481409 0.1596722 0.1505788 0.1540477 0.1411923 0.1300502 0.1341404 0.1423107 0.1399185 0.142083 0.1705051
0.148012 0.1502039 0.1515468 0.1414763 0.1289368 0.1445836 0.1300717 0.1347437 0.1448584 0.134797 0.1238934 0.1367863 0.1621481 0.1038889 0.1180216 0.1435859 0.1380665 0.1316826 0.09163593 0.06378261 0.06228703 0.1048071 0.1422651 0.1323857 0.1157166 0.1074289 0.1119338 0.131195 0.1145223 0.1107549 0.1213882 0.1281042 0.1417404 0.1412567 0.1328853 0.1557242 0.153879 0.1543549 0.1663123 0.1382191 0.1575897 0.1778433 0.1973604 0.1789054 0.1353096 0.121985 0.1297355 0.1253243 0.1396411 0.1389085 0.140429 0.152817 0.1407777 0.1340298 0.1446075 0.1226516 0.1518237 0.1160118 0.1175463 0.1398381 0.1359592 0.09977564 0.1215802 0.1533618 0.1573112 0.1674456 0.175257
0.120531 0.1202141 0.126164 0.1315658 0.1440787 0.1542784 0.1254067 0.1253752 0.1369272 0.1365258 0.1310247 0.1232307 0.1678625 0.1104227 0.09865485 0.1124904 0.108421 0.1101415 0.124863 0.141441 0.1495276 0.1207186 0.1046582 0.1237187 0.1462233 0.1157097 0.1076463 0.1303017 0.1401219 0.1259682 0.127612 0.1277282 0.1341266 0.1342326 0.1381493 0.1307492 0.1312429 0.1358914 0.1646184 0.147102 0.1604203 0.1800627 0.1724305 0.1829306 0.1389144 0.1176182 0.1312901 0.1417244 0.1561586 0.1265535 0.1561642 0.1532478 0.1337259 0.1287715 0.1305491 0.1041425 0.06892286 0.0523935 0.1212023 0.1610035 0.1627935 0.1367903 0.09528916 0.09278525 0.1087705 0.1330803 0.1561169
0.1427481 0.1190971 0.1097098 0.1012987 0.1297591 0.1650107 0.1475939 0.1515837 0.1488875 0.1303431 0.1220737 0.1407498 0.1702708 0.1519012 0.1346901 0.1265766 0.1339583 0.1580257 0.164611 0.1423639 0.1326412 0.1186691 0.1234183 0.1261037 0.1204318 0.1267905 0.1261879 0.1134479 0.1238048 0.1271635 0.1286374 0.1631279 0.1648021 0.1383709 0.1434339 0.1425993 0.1363139 0.1482097 0.1795314 0.1494933 0.1455321 0.1387851 0.1633472 0.1765243 0.1495186 0.1362706 0.1336767 0.1272461 0.1609849 0.1571018 0.1519497 0.1302376 0.1142662 0.1054568 0.07743479 0.0553764 0.06954663 0.1315542 0.1586146 0.1405687 0.1372484 0.161228 0.1693184 0.1577504 0.152883 0.1733289 0.183388
0.126468 0.1212169 0.1272037 0.09170825 0.1188599 0.1588573 0.1577667 0.1462203 0.1420424 0.1128587 0.1252466 0.1625559 0.1611902 0.1617248 0.1593229 0.1598174 0.160558 0.1601126 0.1576744 0.1430194 0.1359399 0.1393328 0.1369711 0.1377155 0.1454821 0.1533949 0.1596967 0.1513218 0.135802 0.1289604 0.1413799 0.1317156 0.14571 0.1559679 0.1566635 0.1749203 0.1851838 0.1804847 0.2150333 0.1793081 0.1535816 0.1569095 0.1714908 0.169537 0.1462566 0.1305638 0.127614 0.1466243 0.1534086 0.1435637 0.1379565 0.09973134 0.09925347 0.1093465 0.1122598 0.114608 0.1344698 0.1357282 0.1434742 0.1406089 0.1351638 0.1367412 0.1387065 0.1524535 0.1728062 0.1588738 0.1546591
0.1405009 0.1248473 0.09546398 0.07801212 0.1395606 0.1550848 0.1410263 0.1294215 0.1239838 0.1018127 0.1387629 0.1693153 0.16301 0.1501701 0.1465078 0.1482776 0.1514688 0.1535521 0.1412517 0.1356176 0.130884 0.1275066 0.1492101 0.1577783 0.1680946 0.1543126 0.1586593 0.1582132 0.1478977 0.1479873 0.1684206 0.1467994 0.1620696 0.154162 0.1249173 0.1413674 0.1423936 0.1467349 0.1593443 0.1438639 0.1385799 0.1441546 0.1550142 0.1594963 0.1529657 0.1369431 0.1632371 0.1566718 0.1246487 0.1127751 0.118964 0.1198417 0.1213351 0.1061804 0.1054864 0.1192265 0.1305822 0.1220588 0.1392103 0.132066 0.1387466 0.1309414 0.1258746 0.1507592 0.1473899 0.1419275 0.1502219
0.1146381 0.1413705 0.1430179 0.1340095 0.1603836 0.1203027 0.1127447 0.1300635 0.1178792 0.09240377 0.1553178 0.1600531 0.1606793 0.167364 0.1570452 0.1526244 0.1560342 0.1536759 0.1347425 0.1356892 0.144869 0.1402455 0.1353317 0.1344369 0.1330208 0.1198619 0.1179011 0.126376 0.1285063 0.1288647 0.1446054 0.1631438 0.1240476 0.09731518 0.1035052 0.1283331 0.1149958 0.1269904 0.1280382 0.140359 0.1275516 0.1327695 0.1451651 0.154539 0.1629361 0.1645914 0.20775 0.17628 0.1432361 0.1124448 0.1310199 0.119318 0.1268402 0.1379302 0.1327281 0.1216934 0.1325453 0.119086 0.1378258 0.1446242 0.1340724 0.1282501 0.1410155 0.1558082 0.1326209 0.133351 0.1452918
0.1143747 0.1274428 0.1517167 0.1578876 0.1305949 0.08839753 0.1218189 0.1133779 0.1026605 0.1323277 0.1651094 0.1526013 0.1405632 0.14621 0.1507151 0.1396502 0.1166151 0.1268564 0.1398507 0.1420312 0.1443118 0.1414743 0.131083 0.1226013 0.1298167 0.1406804 0.1399706 0.1455419 0.1406092 0.1355155 0.157969 0.1448995 0.0749576 0.127414 0.105767 0.1108894 0.1303242 0.1332133 0.1336695 0.1307488 0.1369875 0.1333968 0.1338016 0.1364173 0.1314103 0.1584288 0.1552897 0.1418876 0.1436305 0.1316187 0.1333615 0.1299552 0.1391984 0.1300848 0.1189494 0.1325542 0.1298833 0.1162337 0.1340556 0.136253 0.1139563 0.1165733 0.1466336 0.1327473 0.1131235 0.1251379 0.1409838
0.1145448 0.1313717 0.1615039 0.148631 0.1022504 0.0941755 0.1037066 0.07278237 0.127647 0.1517205 0.1141835 0.1053709 0.1151817 0.1279967 0.1404129 0.1156211 0.1099031 0.1170838 0.1342054 0.1401636 0.123379 0.1122151 0.1351921 0.1531543 0.157164 0.1423264 0.1440336 0.139463 0.144884 0.1583605 0.139571 0.08457457 0.08346123 0.1728016 0.158777 0.1518574 0.1427944 0.1396326 0.1243674 0.1326318 0.1254764 0.132015 0.1393174 0.1384012 0.1418329 0.1306136 0.1620732 0.1273403 0.1318711 0.1242891 0.131242 0.1304395 0.1350774 0.1258163 0.1164155 0.1332587 0.08891323 0.1017682 0.1265196 0.1217197 0.1090888 0.1227471 0.1398987 0.09603851 0.1178951 0.1240265 0.1311949
0.132935 0.144596 0.1364408 0.110022 0.1125171 0.1150424 0.06495836 0.09063944 0.1259987 0.08294497 0.06193884 0.1061434 0.1314891 0.1382972 0.1419464 0.1358634 0.1341043 0.1121859 0.1045594 0.09807771 0.1274508 0.1681179 0.1610877 0.1401614 0.1273652 0.1222397 0.1462706 0.1467425 0.1556857 0.1291914 0.0942039 0.09786379 0.149427 0.1485585 0.1316485 0.1097817 0.1343334 0.1470712 0.1106995 0.1369029 0.1322384 0.1473775 0.1423157 0.1428681 0.1358029 0.1312362 0.157212 0.147944 0.1286484 0.1353491 0.1350927 0.1297433 0.133292 0.1163875 0.1107054 0.1358629 0.0941803 0.1345355 0.1438109 0.1169563 0.1207252 0.1383771 0.1434861 0.08851764 0.1246279 0.1313899 0.1336685
0.136986 0.1548477 0.1153343 0.09723027 0.1241054 0.1106804 0.08100907 0.1365061 0.08192749 0.09023394 0.1059142 0.122408 0.1306824 0.1263514 0.1280115 0.1266889 0.1126614 0.102302 0.1393617 0.1654679 0.1727876 0.155198 0.1272865 0.1253933 0.1234256 0.1547783 0.1631805 0.1453817 0.1207969 0.09273826 0.11724 0.1464816 0.170925 0.1231838 0.138179 0.137425 0.1399405 0.1102946 0.1153684 0.1624075 0.1623332 0.1457766 0.1384721 0.1407576 0.1371531 0.1500384 0.1491571 0.1318112 0.1386992 0.1286824 0.1469844 0.1577856 0.1331101 0.1041831 0.1205497 0.1112808 0.1139703 0.1095167 0.1341608 0.1299587 0.1128738 0.1424262 0.1335457 0.1126377 0.1071296 0.1443977 0.1482128
0.143233 0.1442923 0.100376 0.1186232 0.1313436 0.07735349 0.09043664 0.144251 0.09542817 0.1032237 0.08926342 0.09239104 0.124103 0.1435573 0.1222841 0.1126468 0.1219219 0.1698936 0.1743 0.171039 0.1534982 0.149694 0.1358675 0.1412882 0.1248505 0.1136612 0.1168845 0.09681056 0.1139445 0.1265187 0.1817398 0.1918949 0.1582804 0.1281638 0.137509 0.1423474 0.1167079 0.1077325 0.1581368 0.1357008 0.142803 0.1436787 0.1443997 0.1431173 0.1402667 0.1379385 0.1374808 0.1620232 0.131988 0.1326515 0.1559498 0.1576125 0.1256336 0.1079829 0.1247438 0.1082481 0.125211 0.1228322 0.1314349 0.1238681 0.08951794 0.1335295 0.1077328 0.1072074 0.1205556 0.1430608 0.1343635
0.1518243 0.1322954 0.1056296 0.1208545 0.117141 0.0700874 0.1038949 0.1496662 0.108786 0.08686164 0.07765086 0.1142621 0.1612707 0.1740717 0.169242 0.1573738 0.1673593 0.1824072 0.1632973 0.1412797 0.1209333 0.1356086 0.1366041 0.106929 0.1072346 0.1268035 0.1315309 0.1232229 0.1582274 0.1794331 0.1964537 0.185213 0.1866906 0.1698206 0.1521784 0.1257589 0.1334379 0.1491359 0.1517378 0.1420881 0.1393099 0.1485437 0.1440397 0.1401833 0.1425409 0.1308848 0.1387303 0.1352912 0.130409 0.1296434 0.1435042 0.1476242 0.143344 0.1229569 0.1230979 0.1102121 0.1539292 0.1277846 0.1350681 0.1160638 0.09390086 0.1351875 0.1156586 0.1278822 0.1294776 0.1403213 0.1306665
0.1534896 0.1338132 0.1108186 0.08230022 0.06799409 0.06016393 0.1118862 0.1639804 0.1589351 0.1653224 0.1695307 0.1746623 0.1743017 0.1725264 0.1728071 0.1813709 0.1797014 0.1783687 0.1508546 0.1290879 0.1260414 0.1463512 0.1147865 0.1319013 0.1730003 0.1518698 0.1408309 0.1209528 0.1451816 0.1942152 0.1874097 0.1459227 0.1515806 0.1345384 0.1276337 0.140419 0.1551322 0.1193022 0.1309439 0.1338135 0.1432409 0.1501425 0.1490516 0.1345963 0.1452099 0.134979 0.1506045 0.1469741 0.141167 0.1504427 0.1480391 0.1567435 0.130461 0.1327288 0.1377866 0.1101316 0.1476761 0.1464618 0.1213101 0.1079232 0.1241483 0.1153452 0.1240116 0.1274231 0.1474939 0.1442669 0.1408628
0.1547408 0.1424986 0.1289881 0.1261181 0.1198077 0.1228615 0.1454232 0.1532451 0.1468253 0.1430247 0.1629147 0.1715395 0.1645663 0.1654341 0.1575513 0.1615468 0.1579654 0.1749808 0.1645148 0.1468719 0.1119143 0.09854314 0.09926201 0.1686202 0.1676544 0.1443022 0.1427056 0.1283336 0.1767189 0.2033767 0.1572982 0.1325609 0.127347 0.1105806 0.1115834 0.1574187 0.1492402 0.1081509 0.1263309 0.1559004 0.155003 0.144482 0.1398656 0.1352677 0.1394322 0.1399544 0.1644928 0.1490107 0.1656632 0.1838509 0.1544254 0.1250922 0.1188146 0.1339053 0.1345549 0.1259888 0.129645 0.1298708 0.1244362 0.1180986 0.1366889 0.1165661 0.1432002 0.1338797 0.1403142 0.1457162 0.1371752
0.1439557 0.1322832 0.1280228 0.1247256 0.1449298 0.1662047 0.1626785 0.1498124 0.1350217 0.1342511 0.1476252 0.1524028 0.1219259 0.1048929 0.0981494 0.1191683 0.1089786 0.1525715 0.181026 0.1868274 0.1678499 0.1458804 0.1650389 0.1809395 0.1759084 0.1522585 0.1421506 0.1505958 0.1921128 0.2005921 0.1466743 0.1525415 0.1813237 0.1749227 0.1758257 0.1904854 0.1869144 0.1669382 0.1732732 0.1627552 0.1510688 0.1407948 0.1388774 0.1404526 0.1343519 0.1378212 0.1485268 0.1408198 0.1504019 0.1526322 0.1493618 0.1359623 0.1405854 0.1490843 0.1319948 0.1340561 0.1345158 0.1430066 0.1414472 0.1338644 0.1374287 0.131858 0.1411678 0.1417605 0.1420218 0.1469927 0.138314
0.1492934 0.132001 0.1313737 0.1360053 0.1315392 0.1597827 0.1564236 0.1668003 0.1477321 0.1288523 0.1370917 0.1340493 0.1056193 0.1245509 0.1417856 0.1371915 0.1124128 0.1549217 0.1645283 0.1760865 0.1872217 0.1801562 0.1821244 0.1726401 0.151847 0.1418589 0.1451587 0.1074263 0.1992158 0.202142 0.205027 0.2061083 0.1906075 0.1904463 0.1736672 0.1836334 0.1690848 0.1740213 0.1371721 0.1418057 0.1560788 0.1557575 0.1468175 0.1305044 0.1270118 0.1339231 0.1254922 0.1327454 0.151928 0.1531258 0.1510308 0.1577424 0.1579084 0.1403084 0.1246802 0.1251192 0.1467433 0.1413258 0.1286393 0.1341002 0.130016 0.131365 0.1422029 0.1399028 0.136273 0.1168061 0.12232
0.1342787 0.1404515 0.1446352 0.1392605 0.1005679 0.1068027 0.1405486 0.149018 0.1569623 0.1431048 0.1457605 0.1375526 0.09217328 0.1027711 0.124013 0.1371685 0.1170971 0.1622969 0.1537665 0.1538384 0.1845725 0.177955 0.1680471 0.1716032 0.1700083 0.1513002 0.1161294 0.1092485 0.1993142 0.1797278 0.1884983 0.1847917 0.1724635 0.1732205 0.1732962 0.169455 0.1516851 0.1512566 0.1592751 0.1523059 0.1523937 0.1468476 0.1501563 0.1383753 0.1471996 0.1359917 0.1401263 0.1291301 0.1334094 0.1430693 0.1535077 0.1562065 0.1439156 0.1257086 0.11713 0.1388723 0.1534516 0.1557052 0.1273578 0.1319586 0.1277426 0.1328014 0.1375767 0.1428734 0.1264569 0.1133042 0.0902238
0.1353426 0.1440857 0.135328 0.1287146 0.09540997 0.07431974 0.1095348 0.1423036 0.1589344 0.1668694 0.1642284 0.1643074 0.1433786 0.1372485 0.1468576 0.1358279 0.1324458 0.1528586 0.1475949 0.1302715 0.1684089 0.1869019 0.183888 0.1687901 0.1740543 0.1410531 0.1401381 0.1827996 0.2053976 0.1542159 0.1506066 0.1611345 0.1510034 0.1546841 0.1560021 0.142614 0.141507 0.1354893 0.1194613 0.1191058 0.1173152 0.1443046 0.144003 0.1489374 0.1517356 0.1355584 0.1380014 0.1358921 0.1200081 0.134089 0.1396551 0.1564154 0.1416332 0.1379889 0.1300519 0.1341502 0.1572164 0.1525572 0.1428892 0.1637101 0.1302339 0.1350946 0.1368662 0.1350518 0.125728 0.1197779 0.1064236
0.1419568 0.1475497 0.142509 0.1256146 0.09703684 0.1174328 0.08588322 0.13376 0.1538521 0.1624525 0.1381596 0.1361888 0.1426145 0.1650923 0.1597646 0.1131766 0.1403503 0.1527424 0.1426929 0.1233286 0.1627363 0.1855718 0.1812731 0.1939413 0.1987383 0.2003055 0.2038197 0.1996078 0.1970042 0.1379921 0.1321871 0.1621182 0.1586969 0.1451489 0.1504796 0.1375596 0.1202091 0.1182385 0.1524509 0.1685487 0.1760318 0.1705105 0.1608012 0.1533211 0.1432367 0.146822 0.140311 0.1301405 0.1314514 0.1239941 0.1402467 0.1666922 0.1740084 0.1647506 0.1667404 0.148459 0.1606956 0.1576936 0.1616878 0.1567307 0.1416045 0.1323728 0.1352806 0.1260076 0.1285118 0.1080696 0.1411495
0.1256346 0.1038074 0.07696725 0.09829891 0.09810934 0.1501015 0.120235 0.1024615 0.1399464 0.1648805 0.1461824 0.1234149 0.1251937 0.1378529 0.1637682 0.1165204 0.1353849 0.1510639 0.1333028 0.1324049 0.1781737 0.1699152 0.1367079 0.1487158 0.1425595 0.1674917 0.1892771 0.1954094 0.2125969 0.188658 0.1819228 0.1753702 0.1497277 0.1344364 0.1547377 0.1589965 0.1720592 0.1951805 0.2055643 0.1739892 0.1816373 0.1462465 0.1308458 0.1400033 0.1351363 0.1364345 0.1379266 0.1349321 0.1287636 0.1100018 0.1324077 0.1488446 0.1582074 0.1655631 0.1416738 0.1583117 0.1452719 0.1278427 0.1388256 0.1666357 0.1573256 0.1375351 0.1207492 0.1154102 0.09917974 0.09746236 0.1470626
0.1025504 0.08905985 0.1024035 0.127302 0.1039363 0.1054428 0.1468526 0.1070313 0.1006682 0.1604633 0.1425615 0.1441062 0.1415384 0.1138668 0.1632334 0.1532134 0.1371766 0.1405199 0.1207012 0.162819 0.1788855 0.1763399 0.1200825 0.1234825 0.1197937 0.1351319 0.1693998 0.164692 0.2051987 0.2055691 0.2166902 0.2174517 0.2185954 0.2179413 0.2256916 0.2178219 0.2149132 0.1817977 0.1632716 0.1784601 0.1576979 0.15612 0.141144 0.1431492 0.130639 0.1366817 0.1300543 0.1391259 0.1225046 0.122974 0.1213311 0.1276112 0.1304124 0.1291114 0.1370612 0.1212099 0.1136963 0.1038819 0.09563722 0.08964548 0.08157301 0.07108644 0.0817892 0.1017174 0.1200574 0.1334469 0.1509676
0.1250582 0.1333636 0.1390144 0.1357258 0.09900099 0.09868938 0.1128474 0.1231941 0.09960124 0.1497209 0.1400407 0.1427715 0.1445648 0.1125713 0.1500005 0.1656479 0.1424165 0.1473342 0.1386115 0.1686351 0.1626633 0.1732569 0.1336813 0.09844828 0.1044917 0.141443 0.142785 0.156563 0.1755206 0.2079206 0.2128347 0.2113343 0.2089206 0.1939167 0.2032699 0.2217162 0.1717062 0.1696568 0.146575 0.1461041 0.1389994 0.1312996 0.132606 0.1412101 0.1357203 0.1404516 0.1288942 0.1330001 0.1341885 0.1371231 0.1267193 0.106698 0.1206844 0.1145967 0.1331727 0.1292642 0.1370898 0.1186796 0.08012386 0.05587161 0.0570158 0.08645868 0.1352545 0.1493611 0.1506038 0.1342531 0.1277883
0.1321631 0.1363697 0.1122707 0.1271278 0.08735545 0.107762 0.07277562 0.1151923 0.106885 0.1000541 0.1235336 0.1398573 0.1452791 0.1192582 0.1518389 0.1516891 0.1476289 0.1492068 0.1394635 0.1284457 0.1370139 0.1773225 0.1795183 0.1509416 0.1586804 0.1775187 0.1604678 0.1550347 0.1600593 0.1856442 0.2001471 0.1908929 0.2056587 0.1625585 0.1620941 0.2180577 0.2031912 0.1454484 0.1382739 0.1437646 0.1445354 0.1372411 0.1330801 0.1270756 0.1332207 0.1418089 0.1423695 0.1402173 0.1387306 0.1364228 0.1186293 0.1179937 0.1286959 0.1244547 0.139356 0.1270423 0.1282881 0.1226779 0.1085637 0.1097839 0.1189474 0.1229842 0.1388912 0.1306733 0.1367581 0.1193166 0.09803335
0.08012305 0.1169828 0.1075635 0.09624621 0.08866757 0.1344113 0.1122149 0.1302092 0.1548759 0.1432239 0.1279367 0.1340015 0.1388631 0.1389432 0.1628561 0.1551954 0.1241837 0.1467725 0.1481206 0.1464399 0.1706246 0.1835878 0.1868285 0.1945248 0.190006 0.1961552 0.207639 0.1786904 0.1632914 0.1547971 0.1657246 0.1647254 0.1865967 0.1649517 0.183722 0.2004967 0.2167228 0.2015004 0.1913334 0.2007048 0.1786648 0.1762154 0.1764719 0.1704592 0.1561067 0.1528004 0.1516957 0.1360544 0.1300347 0.1264674 0.1129744 0.109563 0.1275505 0.1279684 0.1303446 0.1298049 0.1258512 0.1252926 0.08122316 0.1140653 0.1317121 0.08932523 0.08344133 0.09685248 0.133092 0.1220052 0.1154549
0.1383147 0.145417 0.1327466 0.1009674 0.1079983 0.1455186 0.116539 0.1211728 0.1375921 0.1667621 0.1403089 0.1412653 0.1415015 0.146948 0.1400674 0.1602794 0.1507457 0.1415083 0.1387172 0.1442934 0.1524788 0.164262 0.1960499 0.1526415 0.141987 0.1612979 0.1949685 0.2107196 0.2010186 0.150502 0.1710038 0.1688783 0.1795245 0.1618208 0.1720582 0.1861036 0.2145173 0.2064265 0.1958089 0.1858336 0.1304803 0.1265251 0.1513342 0.1577452 0.1298255 0.1279587 0.1372355 0.1253205 0.1191554 0.1170008 0.1092083 0.1165071 0.1295134 0.153597 0.1364372 0.1248728 0.1269799 0.109482 0.06191631 0.1100634 0.08445675 0.09437039 0.1201092 0.1041232 0.132792 0.1184013 0.1189864
0.1158431 0.1348858 0.1530474 0.1407325 0.1399818 0.1488695 0.1444611 0.1212079 0.1388133 0.1383359 0.1415995 0.1674565 0.143158 0.136847 0.1400156 0.1578505 0.1324866 0.1482817 0.1476463 0.1420964 0.1614065 0.1884542 0.1944887 0.1505404 0.160955 0.1589384 0.1598939 0.1634882 0.2048378 0.1914317 0.1699143 0.1731305 0.1819581 0.1770831 0.1718171 0.1867957 0.1849187 0.1985955 0.1622127 0.1852419 0.1382288 0.1397619 0.1297149 0.1500267 0.1321937 0.1435818 0.1273755 0.123077 0.1262509 0.1118374 0.10917 0.1225626 0.125672 0.1636772 0.162077 0.1689127 0.1514263 0.07718629 0.07825749 0.1117799 0.07533137 0.1236085 0.1280928 0.1121442 0.132294 0.1289532 0.1251641
0.1329012 0.1372911 0.1424895 0.1155814 0.1144041 0.1049892 0.1513525 0.1335522 0.1329512 0.1481945 0.1466059 0.1599529 0.1726638 0.1517658 0.1356217 0.1546843 0.1493831 0.149127 0.1559014 0.1406505 0.1603946 0.1797642 0.1950683 0.1668167 0.1423534 0.1627415 0.1603011 0.1645244 0.1780232 0.1723305 0.1782602 0.1891398 0.1743945 0.1715128 0.1631416 0.1617469 0.1578513 0.1868359 0.1642286 0.1613591 0.1561068 0.1444201 0.1369951 0.1575027 0.1458924 0.1457852 0.1420357 0.1358614 0.1288036 0.1129105 0.126884 0.1204596 0.1393766 0.1413448 0.1288502 0.1049885 0.1065631 0.06020122 0.10988 0.1105425 0.09140605 0.1015583 0.1125733 0.1169239 0.1218704 0.13111 0.1171812
