projects/spp-inf/Zonation runs/Test data/Species/species7.asc
ncols         649
nrows         555
xllcorner     294205
yllcorner     6283604.6
cellsize      0.200
NODATA_value  -9999
[rows 240 to 269 of 555, columns 335 to 401 of 649]
0.006651822 0.006614173 0.006266113 0.006626956 0.006256662 0.007219994 0.006843719 0.006070742 0.004789377 0.004066118 0.004283411 0.003578504 0.003182544 0.003293069 -9999 0.003944291 0.004156018 0.003842829 0.003819004 0.002572823 0.003133278 0.003523309 0.004113248 0.004335898 0.006444015 0.00811753 0.01038786 0.01222433 0.01389554 -9999 0.01348486 -9999 -9999 0.01055651 -9999 -9999 -9999 -9999 -9999 -9999 -9999 -9999 -9999 -9999 -9999 -9999 -9999 -9999 -9999 -9999 -9999 -9999 -9999 0.02591058 -9999 -9999 0.05334531 -9999 0.06743484 -9999 -9999 -9999 0.08218572 0.0691185 0.05674452 0.05065653 0.04984157
0.006361694 0.006326312 0.005922623 0.006209263 0.006427873 0.007260765 0.006603723 0.005552886 0.004533916 0.003949332 0.003741142 -9999 -9999 0.003460228 0.003676137 0.003629973 0.003431644 0.003381118 0.003381461 0.002570645 0.003014636 0.003456753 0.004166994 0.005207213 0.005993629 -9999 -9999 -9999 -9999 0.008850332 0.008593068 0.009178026 -9999 -9999 -9999 -9999 -9999 -9999 -9999 -9999 -9999 -9999 -9999 -9999 -9999 -9999 -9999 -9999 -9999 -9999 -9999 -9999 -9999 -9999 -9999 -9999 0.05062228 -9999 0.05866162 0.06131579 0.08054945 0.07404228 0.07056694 0.06412221 0.05207848 0.04356311 0.04055612
0.006294114 0.006503772 0.006459172 0.006099673 0.006204532 0.006927107 0.006572532 0.005441705 0.004982392 0.004292686 0.00507595 -9999 0.004118632 0.003994808 0.00354502 0.00292541 0.002973844 0.002676154 0.002789518 0.002435521 0.002784578 0.003290997 0.003837819 0.004161509 0.004393874 0.005156462 0.006310882 0.007826165 0.008001463 0.007791154 0.007581003 0.007481621 0.009026395 0.009155351 -9999 -9999 -9999 -9999 -9999 -9999 -9999 -9999 -9999 -9999 -9999 -9999 -9999 -9999 -9999 -9999 -9999 -9999 -9999 0.02142701 0.02639379 0.03142887 -9999 0.05576563 0.06077348 0.05980599 -9999 0.06111135 -9999 0.0585249 0.04815672 0.03625758 0.03539418
0.005655895 0.00622685 0.006019152 0.006168311 0.0059182 0.006609149 0.007374575 0.005739341 0.004164834 0.004933009 0.005151366 -9999 0.004046019 0.00376338 0.002918304 0.002328662 0.002078835 0.002087737 0.001803559 0.001906657 0.001819873 0.002358016 0.002815093 0.00337072 0.004017799 0.004832318 0.006146002 0.007253868 0.007890252 0.007485796 0.007065474 0.007569838 0.007599513 0.007639824 -9999 -9999 0.008962692 -9999 0.009243829 -9999 -9999 -9999 -9999 -9999 -9999 -9999 -9999 -9999 -9999 -9999 -9999 -9999 -9999 0.02476704 0.02530251 0.02904969 0.03652679 0.04739915 0.056088 0.0614543 0.06009423 0.06103512 0.06484746 0.05760694 0.04209058 0.03441759 0.0319668
0.004959472 0.006111962 0.005666219 0.005562906 0.00551741 0.0069148 0.007869261 0.006640358 0.005519322 0.004951306 0.004049501 0.003291447 0.003667267 0.003132549 0.002570447 0.001969273 0.001892526 0.001715062 0.001570549 0.001676555 0.001837452 0.002231962 0.002604796 0.003108141 0.004132356 0.005129023 0.006300092 0.007037329 0.007237312 0.007334271 0.00746359 0.007223312 0.008031953 0.008279116 0.008293281 0.008981457 0.008799246 0.009151846 0.008410886 0.008457465 -9999 -9999 -9999 -9999 -9999 -9999 -9999 -9999 -9999 -9999 -9999 -9999 -9999 0.02429336 0.02853452 0.02945447 0.03712327 0.04618135 0.05664062 0.06044389 0.06022621 0.06303453 0.06299395 0.06079262 0.04924214 0.03824652 0.02951455
0.004986973 0.005337229 0.004928192 0.005462071 0.005689157 0.006117092 0.005441023 0.005635882 0.003950209 0.00425777 0.003417087 0.002913768 0.003108066 0.002327261 0.002079598 0.001905454 0.001689817 0.001517412 0.00166976 0.001674448 0.001904646 0.001996757 0.002120449 0.002717604 0.003930656 0.005013081 0.006833426 0.007416163 0.006900702 0.008727322 0.008032899 0.007839741 0.008058321 0.008158485 0.008196766 0.007890284 0.008794119 0.01064129 0.01097867 0.009471218 -9999 0.008972364 -9999 -9999 -9999 -9999 -9999 -9999 -9999 -9999 -9999 -9999 -9999 -9999 0.02738643 0.02814175 0.03399779 0.04331532 0.0529817 0.05588969 -9999 0.06263264 0.06019969 0.05850155 0.05429005 0.03937743 0.02946124
0.004806341 0.004855693 0.004664507 0.004885611 0.005399048 0.006012956 0.005322124 0.004400867 0.003344136 0.003651984 -9999 0.002696298 0.002617568 0.001960941 0.001788977 0.001718497 0.001611028 0.001503653 0.00163877 0.001689149 0.00188514 0.001675176 0.001855019 0.00210313 0.002520425 -9999 0.007706283 0.007318053 0.007785012 0.009284796 0.00811967 0.008565712 0.008838668 0.008003796 0.008306313 0.009819562 0.01063989 0.009043909 0.0118024 0.01155131 0.009341316 0.009865316 0.008285665 -9999 -9999 -9999 -9999 -9999 -9999 -9999 -9999 -9999 -9999 -9999 0.02698714 0.0302617 0.03552671 0.03848827 0.04894178 0.05231753 0.05573519 0.06011833 0.05975103 0.05921918 0.05191923 0.04071266 0.03008556
0.004680823 0.004672301 0.004574345 0.004870235 0.005331011 0.005506489 0.005020637 0.003618821 0.003141871 0.003140672 0.002450493 0.00238461 0.001993754 0.001774839 0.001534336 0.00163891 -9999 0.001556086 0.001647126 0.001630537 0.00166579 0.001582214 0.00175448 0.002040411 0.002326583 0.002760296 0.006580595 0.007555739 0.008324779 0.008427968 0.008985988 0.01024587 0.009446253 0.008554923 0.008702349 0.009503906 0.01061169 0.01091949 0.01007674 -9999 0.01136934 -9999 -9999 -9999 -9999 -9999 -9999 -9999 -9999 -9999 -9999 -9999 -9999 -9999 -9999 0.026684 0.03148654 0.03381265 0.04333613 0.05063603 0.05687496 0.0525922 0.05857086 0.0583536 -9999 0.03209624 -9999
0.004860077 0.004340096 0.004346732 0.004479805 0.004716005 0.004244636 0.004014994 0.003454758 0.003143011 0.002972227 0.002403523 0.00189486 0.001597461 0.001450908 0.001378054 0.001410528 -9999 -9999 0.001467352 0.001654841 0.00173387 0.00176674 0.001925129 0.001953492 0.002174507 0.002893102 0.004232927 0.005156595 0.007101509 0.007712774 0.008557227 0.009388343 0.009403241 0.009598476 0.01039699 0.010446 0.01282854 0.01268051 0.01030119 0.01093199 -9999 0.01013727 -9999 -9999 -9999 -9999 -9999 -9999 -9999 -9999 -9999 -9999 -9999 -9999 0.02712631 0.02285372 0.02347888 -9999 0.03383072 -9999 -9999 0.05017857 0.0493845 0.05206089 0.04038423 -9999 -9999
0.004173248 0.004247635 0.004429469 0.004371154 0.004188566 0.003776937 0.00329075 0.002656007 0.002550926 0.002202443 0.001806161 0.001552115 0.00136179 0.001294035 0.00141244 0.001333778 0.00142041 0.001397336 0.001489954 0.001961372 0.001941397 0.00199433 0.002220549 0.002213264 0.002576604 0.003524826 0.004104817 0.006291404 -9999 0.006719046 0.007591143 0.008576524 0.009902701 0.009156071 -9999 0.01268084 0.01332581 -9999 0.01372292 0.01038345 0.01057418 0.01130058 -9999 -9999 -9999 -9999 -9999 -9999 -9999 -9999 -9999 -9999 -9999 -9999 -9999 0.02111352 0.02255999 0.02488787 0.02883925 0.035926 -9999 -9999 -9999 0.05161374 -9999 -9999 -9999
0.003625411 0.003875328 0.003969501 0.003761038 0.003315023 0.002777703 0.00230903 0.002276368 0.001891573 0.001743061 0.001606425 0.001505716 0.001442955 0.001427251 0.001407279 0.001375684 0.001445801 0.001671953 0.001859211 0.001488805 0.001546277 0.001666623 0.002255778 0.00213654 0.002469058 0.003303801 0.004792663 0.006303891 0.007544352 0.007701435 0.00793856 0.00895736 0.009994598 -9999 -9999 -9999 -9999 -9999 -9999 0.0104134 0.01006489 0.01030548 0.008380253 -9999 -9999 -9999 -9999 -9999 -9999 -9999 -9999 -9999 -9999 -9999 -9999 -9999 0.02320548 0.02567054 0.02459376 -9999 -9999 -9999 -9999 0.04208198 -9999 -9999 -9999
0.003160893 0.003108165 0.002974958 0.002626468 0.002233059 0.001798802 0.001517888 0.00154339 0.001629553 0.001628516 0.001417839 0.001365697 0.001430164 0.001454864 0.001372675 0.001262681 0.001382879 0.001544084 0.001771537 0.001749972 0.001756172 0.001986934 0.001983 0.002038779 0.002156903 0.003401813 0.00437805 0.006319541 0.007635816 0.009036889 0.009690966 -9999 -9999 -9999 -9999 -9999 -9999 -9999 -9999 -9999 0.01119839 0.008642195 0.006867222 0.005233394 -9999 -9999 -9999 -9999 -9999 -9999 -9999 -9999 -9999 -9999 -9999 -9999 -9999 -9999 -9999 -9999 -9999 -9999 -9999 -9999 -9999 -9999 -9999
0.002524541 0.002240521 0.001989638 0.001774905 0.001515241 0.001315351 0.001216886 0.001276674 0.001236852 0.00127092 0.001343629 0.001326713 0.001361274 0.001411997 0.001309692 0.001273456 0.001494687 0.001734259 0.001759885 0.001754447 0.001743285 -9999 0.002010851 0.002534878 0.002744662 0.003694665 -9999 0.007838004 -9999 -9999 -9999 -9999 -9999 -9999 -9999 -9999 -9999 -9999 -9999 -9999 -9999 -9999 0.006639755 0.004171614 0.004310717 -9999 -9999 -9999 -9999 -9999 -9999 -9999 -9999 -9999 -9999 -9999 -9999 -9999 -9999 -9999 -9999 -9999 -9999 -9999 -9999 -9999 -9999
0.001654146 0.001579936 0.001413041 0.001323936 0.001238732 0.001212194 0.001222015 0.001266186 0.001255562 0.001208955 0.001140079 0.001179555 0.001305548 0.001377158 0.001308141 0.001454786 0.001455452 0.001441501 0.001413238 0.001584273 0.001750033 0.002047933 0.002488276 0.00295002 0.003287523 0.003833615 0.005018683 0.006898761 0.009364894 0.01097869 0.01156066 0.01310998 0.01391164 -9999 0.01651457 -9999 -9999 -9999 -9999 -9999 -9999 -9999 0.005237653 0.003782421 0.003306532 0.00368639 -9999 -9999 -9999 -9999 -9999 -9999 -9999 -9999 -9999 -9999 -9999 -9999 -9999 -9999 -9999 -9999 -9999 -9999 -9999 -9999 -9999
0.001371654 0.001288083 0.001295826 0.001296017 0.001266051 0.001291069 0.001238546 0.001212063 0.001218884 0.001122798 0.001176494 0.001152012 0.001156948 0.001117181 0.001160716 0.001193581 0.001080058 0.001099433 0.001150796 -9999 0.002095478 0.002297996 0.002539102 0.002999232 0.003289327 0.004168244 0.003727167 0.005237062 0.007375846 0.008660842 0.01061645 0.01136704 -9999 -9999 0.01633687 0.0169147 -9999 -9999 -9999 -9999 -9999 -9999 -9999 0.003904241 0.003201388 -9999 -9999 -9999 -9999 -9999 -9999 -9999 -9999 -9999 -9999 -9999 -9999 -9999 -9999 -9999 -9999 -9999 -9999 -9999 -9999 -9999 -9999
0.001325811 0.001253521 0.001346569 0.001236794 0.001324352 0.001321625 0.001268298 0.001229777 0.001168655 0.001129678 0.001140025 0.00117638 0.001160167 0.001223418 0.001467736 0.001326685 0.0011777 0.0011116 0.001226562 0.001509677 0.002159914 0.002537339 0.00238017 0.002434053 0.003097572 -9999 -9999 0.00463552 0.005150739 0.005239746 0.006409937 -9999 -9999 -9999 0.01095957 0.01353809 -9999 -9999 -9999 -9999 -9999 -9999 -9999 -9999 0.003302244 0.002759558 -9999 -9999 -9999 -9999 -9999 -9999 -9999 -9999 -9999 -9999 -9999 -9999 -9999 -9999 -9999 -9999 -9999 -9999 -9999 -9999 -9999
0.001325019 0.001264491 0.001276959 0.001213416 0.001266547 0.00128857 0.001184621 0.001226161 0.001218059 0.001203534 0.001232459 0.001222856 0.001243455 0.001292239 0.001231696 0.001298749 0.001371723 0.00116518 0.001386119 0.001833026 0.002300812 0.002425694 0.002456776 0.002673377 -9999 0.004036557 0.004294871 0.004693506 0.004590611 0.004938133 0.005108067 0.005807234 0.005909789 -9999 0.009451844 0.01211669 0.01116755 0.009567494 -9999 -9999 -9999 -9999 -9999 -9999 0.003273545 0.003077984 -9999 -9999 -9999 -9999 -9999 -9999 -9999 -9999 -9999 -9999 -9999 -9999 -9999 -9999 -9999 -9999 -9999 -9999 -9999 -9999 -9999
0.001329718 -9999 0.001311023 0.001293958 0.001241788 0.001180378 0.001148641 0.001141076 0.001127503 0.001234371 0.001157045 0.001128922 0.001160661 0.001217221 0.001096299 0.001180456 0.001431866 0.001527705 0.001834587 0.002186935 0.002478905 0.002537724 0.002544201 0.002811339 0.00316929 0.00382195 0.004615054 0.004626589 0.005041096 0.00537715 0.005148457 0.005309985 0.005601813 -9999 0.009313569 0.01041918 0.01050429 -9999 0.00783884 -9999 -9999 -9999 -9999 -9999 -9999 0.003030118 0.003768401 -9999 -9999 -9999 -9999 -9999 -9999 -9999 -9999 -9999 -9999 -9999 -9999 -9999 -9999 -9999 -9999 -9999 -9999 -9999 -9999
0.001250945 0.001194226 0.001231544 -9999 0.001225757 0.001191465 0.001208997 0.001221948 0.001147573 0.001156586 0.001193455 0.001125924 0.001154525 0.001168043 0.001128572 0.001122176 0.001334034 0.001807804 0.002037775 0.002107208 0.002544614 0.002624047 0.002439641 0.002826347 0.003022125 0.003256044 0.004356526 0.004933923 0.004977421 0.005237529 0.005377766 0.005555005 0.005093011 0.005027271 -9999 -9999 0.008829509 -9999 -9999 -9999 -9999 -9999 -9999 -9999 -9999 0.002878421 0.002903652 -9999 -9999 -9999 -9999 -9999 -9999 -9999 -9999 -9999 -9999 -9999 -9999 -9999 -9999 -9999 -9999 -9999 -9999 -9999 -9999
0.001226909 0.001239324 0.001262845 0.001229584 0.0012293 0.001067638 0.001186347 0.001213723 0.00121632 0.001183098 0.001224839 0.001245623 0.001266735 0.001322645 0.001273742 0.001250179 0.001253056 0.001544824 0.001771234 0.001874266 0.002333785 0.002612471 0.002749806 0.003030797 0.003293834 0.003341314 0.003872714 0.005383534 0.005310655 0.005025141 0.004985903 -9999 -9999 0.004339721 -9999 -9999 -9999 -9999 -9999 -9999 -9999 -9999 -9999 -9999 -9999 0.002797682 0.002552246 0.003077834 -9999 -9999 -9999 -9999 -9999 -9999 -9999 -9999 -9999 -9999 -9999 -9999 -9999 -9999 -9999 -9999 -9999 -9999 -9999
0.001242619 0.001313185 0.00120893 0.001175454 0.001225643 0.001138071 0.001181912 0.001215792 0.001239338 0.001305461 0.001365541 0.001490751 0.001527911 0.001525793 0.001424312 0.001489437 0.001600314 0.001836423 0.002048193 0.002396164 0.002677285 0.002839045 0.003195941 0.00332315 0.003419751 0.003791766 0.004245836 0.005629819 0.006381298 0.00649185 -9999 -9999 -9999 0.005364272 -9999 0.004188692 -9999 -9999 -9999 -9999 -9999 -9999 -9999 -9999 -9999 0.002915944 0.00258569 0.00223918 0.002559076 -9999 -9999 -9999 -9999 -9999 -9999 -9999 -9999 -9999 -9999 -9999 -9999 -9999 -9999 -9999 -9999 -9999 -9999
0.001288161 0.00121206 0.001202885 0.001270952 0.001166105 -9999 0.001286997 0.001333482 0.001469788 -9999 0.001802218 0.001866139 -9999 -9999 -9999 0.001690748 0.001667367 0.002155041 0.002708387 0.002785701 0.003119065 0.003068573 0.003307059 0.003568147 0.003805703 0.003972394 0.004321567 0.005091545 0.006371405 0.006657611 0.006422372 0.006206645 0.006036468 -9999 -9999 -9999 -9999 0.004178028 -9999 -9999 -9999 -9999 -9999 -9999 -9999 -9999 0.002719573 0.002412925 -9999 -9999 -9999 -9999 -9999 -9999 -9999 -9999 -9999 -9999 -9999 -9999 -9999 -9999 -9999 -9999 -9999 -9999 -9999
0.0012965 0.001261322 0.001323123 0.001333358 -9999 0.001333373 0.001424794 0.001613348 -9999 -9999 -9999 -9999 -9999 -9999 -9999 -9999 0.00194549 0.002692816 0.003035027 0.003504773 0.003865086 0.003747338 0.004183105 0.004434763 0.005049022 0.004912168 0.004874624 0.00528358 0.005937685 0.005974501 -9999 0.006216063 0.005417088 -9999 -9999 0.005680456 0.003420926 -9999 -9999 -9999 -9999 -9999 -9999 -9999 -9999 -9999 -9999 -9999 -9999 -9999 -9999 -9999 -9999 -9999 -9999 -9999 -9999 -9999 -9999 -9999 -9999 -9999 -9999 0.005000554 -9999 -9999 -9999
0.00131509 0.001475142 0.001410234 -9999 -9999 0.001461976 0.001726421 0.001893455 -9999 -9999 -9999 -9999 -9999 -9999 -9999 -9999 0.00237394 0.003108476 0.004033787 0.004250631 0.004339022 0.004774445 0.005594553 0.004862042 0.005185022 0.005304831 0.005287573 0.005503336 0.006292893 0.006159835 0.006186222 -9999 0.005513227 -9999 -9999 -9999 -9999 0.003179303 0.002814524 -9999 -9999 -9999 -9999 -9999 -9999 -9999 -9999 -9999 -9999 -9999 -9999 -9999 -9999 -9999 -9999 -9999 -9999 -9999 -9999 -9999 -9999 -9999 -9999 -9999 -9999 -9999 0.006404735
0.001634553 0.001579168 0.001718488 -9999 -9999 -9999 -9999 -9999 -9999 -9999 -9999 -9999 -9999 -9999 -9999 -9999 -9999 0.00341127 0.004798423 0.005717949 0.005717237 0.005851583 0.00715693 0.006378494 0.005345268 0.005923587 0.006254001 0.006447993 0.00664993 0.007486735 -9999 0.006342213 -9999 -9999 -9999 -9999 -9999 0.002691332 0.002448422 -9999 -9999 -9999 -9999 -9999 -9999 -9999 -9999 -9999 -9999 -9999 -9999 -9999 -9999 -9999 -9999 -9999 -9999 -9999 -9999 -9999 -9999 -9999 -9999 -9999 -9999 -9999 -9999
0.002091295 0.001772803 0.001810797 -9999 -9999 -9999 0.002314876 0.002635191 -9999 -9999 -9999 -9999 -9999 -9999 -9999 -9999 -9999 -9999 0.005751871 0.006685657 0.006142731 0.006216628 0.006235052 0.008397095 0.007288639 0.006957525 0.007165402 0.007883368 0.009029812 0.008763605 0.01159181 -9999 -9999 -9999 -9999 -9999 -9999 0.002745506 0.002415864 -9999 -9999 -9999 -9999 -9999 -9999 -9999 -9999 -9999 -9999 -9999 -9999 -9999 -9999 -9999 -9999 -9999 -9999 -9999 -9999 -9999 -9999 -9999 -9999 -9999 -9999 0.01001746 0.01009932
0.002111102 0.001918742 -9999 -9999 -9999 0.002431452 0.002905373 0.003499137 0.003415029 0.003184564 0.003121775 -9999 -9999 -9999 -9999 -9999 -9999 -9999 -9999 0.007121586 0.007253532 0.006967426 0.007057948 0.009884939 0.0105734 0.007892948 0.007862553 0.008217144 0.01092517 0.01084541 0.01312709 0.01258023 -9999 -9999 -9999 -9999 -9999 -9999 0.002442827 -9999 -9999 -9999 -9999 -9999 -9999 -9999 -9999 -9999 -9999 -9999 -9999 -9999 -9999 -9999 -9999 -9999 -9999 -9999 -9999 -9999 -9999 -9999 -9999 -9999 0.01125653 0.01095535 0.01088249
0.002318511 -9999 -9999 -9999 -9999 -9999 0.003365555 0.003736603 0.004190687 -9999 0.004056487 -9999 0.003285715 0.00380469 0.004083436 -9999 -9999 0.006471196 0.007006355 0.007347883 0.009094149 0.007964766 0.007949007 0.01088078 0.01100928 0.01039441 0.009016584 0.007872918 0.01050753 0.01386781 0.01399245 -9999 -9999 -9999 -9999 -9999 -9999 -9999 -9999 -9999 -9999 -9999 -9999 -9999 -9999 -9999 -9999 -9999 -9999 -9999 -9999 -9999 -9999 -9999 -9999 -9999 -9999 -9999 -9999 -9999 -9999 -9999 0.01437189 -9999 0.01263124 0.01194071 0.01173399
-9999 -9999 -9999 -9999 -9999 0.003179085 0.003712303 0.004136122 0.003944118 0.003904638 0.004621072 0.004699117 0.004593428 -9999 -9999 -9999 0.005428878 0.006308864 0.007237386 0.007976023 0.008563444 0.0101043 0.009644177 0.009048704 0.008595139 -9999 0.01017899 0.009122284 0.008696957 -9999 -9999 0.01244541 -9999 -9999 -9999 -9999 -9999 -9999 -9999 -9999 -9999 -9999 -9999 -9999 -9999 -9999 -9999 -9999 -9999 -9999 -9999 -9999 -9999 -9999 -9999 -9999 -9999 -9999 -9999 -9999 -9999 -9999 0.01714142 0.0163391 0.01494765 0.0132351 0.01277647
-9999 -9999 -9999 -9999 0.003676668 0.003888402 0.004247225 0.004350799 0.004609745 0.004878504 0.005015215 0.00486062 0.004717517 0.004834813 0.004668404 0.004713402 -9999 -9999 -9999 -9999 0.01142354 0.009979586 0.009208951 0.0088741 0.008008943 0.00802674 -9999 0.0100447 -9999 0.008461834 0.009214408 -9999 -9999 -9999 -9999 -9999 -9999 -9999 -9999 -9999 -9999 -9999 -9999 -9999 -9999 -9999 -9999 -9999 -9999 -9999 -9999 -9999 -9999 -9999 -9999 -9999 -9999 -9999 -9999 -9999 0.01903916 0.01900974 0.01916342 0.01818196 0.01754585 -9999 -9999
