projects/spp-inf/Zonation runs/Test data/Species/species7.asc
ncols         649
nrows         555
xllcorner     294205
yllcorner     6283604.6
cellsize      0.200
NODATA_value  -9999
[rows 270 to 299 of 555, columns 67 to 133 of 649]
0.4520144 0.4850703 0.4762026 0.3988977 0.370643 0.3633625 0.3892305 0.4054814 0.3501924 0.3500338 0.3486758 0.3452849 0.344299 0.3550155 0.3954668 0.3980928 0.4018752 0.3779559 0.3822653 0.3773972 0.3753914 0.3637016 0.3986148 0.4056236 0.3849173 0.3658527 0.3794833 0.3660069 0.371493 0.36242 0.3645122 0.3567801 0.3440386 0.3276364 0.3288454 0.3277295 0.3219939 0.3172286 0.336753 0.3334605 0.3515925 0.3255221 0.3248488 0.3205817 0.3027718 0.3008482 0.2993798 0.2962056 0.2848766 0.2952636 0.2797207 0.2669059 0.2795224 0.2765523 0.2688881 0.2703029 0.2778767 0.2795212 0.3099424 0.2950914 0.3138031 0.3291863 0.3140114 0.3269956 0.3160536 0.3459339 0.3364923
0.4389171 0.4380725 0.4606093 0.4398711 0.3719468 0.3581049 0.3680118 0.4123906 0.3583551 0.3506624 0.3480142 0.3582837 0.3521581 0.3326667 0.3668149 0.3909094 0.4028653 0.3906283 0.3797861 0.3753303 0.3780367 0.3852376 0.3768137 0.3622074 0.3364545 0.3367692 0.3362959 0.3613477 0.342869 0.3398117 0.3526482 0.3391062 0.3236467 0.3264925 0.3257559 0.3139857 0.3182895 0.3172235 0.306439 0.3224742 0.3263938 0.296009 0.2964566 0.2966528 0.3069934 0.303441 0.3050747 0.2988973 0.2766846 0.2595294 0.281082 0.2888032 0.2720022 0.2664905 0.2638013 0.2712905 0.2728186 0.2760142 0.2927261 0.2643791 0.2788368 0.2931404 0.3057855 0.3033959 0.3039298 0.3080871 0.3052781
0.4484082 0.4393239 0.4314401 0.4307787 0.3904324 0.3642381 0.395865 0.4167525 0.4042611 0.3615161 0.3681037 0.3434288 0.3523684 0.3336047 0.378939 0.3934022 0.3889739 0.3813546 0.3939724 0.369667 0.3658178 0.353308 0.3630966 0.3484151 0.3224785 0.338322 0.3257518 0.3360918 0.3434554 0.3591036 0.354366 0.3337288 0.3186784 0.3121043 0.325148 0.3159402 0.3133147 0.2858915 0.297289 0.3010505 0.3125196 0.3006117 0.2963668 0.2869542 0.2759549 0.2784682 0.2958124 0.2889713 0.2891112 0.2682499 0.2535423 0.2570936 0.2485392 0.2649833 0.2583728 0.2513101 0.2685519 0.2755858 0.2835274 0.2456571 0.2339545 0.2478465 0.2573816 0.245291 0.2337187 0.2518442 0.2547792
0.4688793 0.45424 0.436837 0.4085668 0.4051351 0.375825 0.3697093 0.4132849 0.3983585 0.3647485 0.3565072 0.3490553 0.3424908 0.3371374 0.3677596 0.3858781 0.3861494 0.3664914 0.3788764 0.3734041 0.3546724 0.3250558 0.363873 0.3650689 0.3311454 0.326636 0.3440309 0.3527575 0.3583384 0.3476335 0.314415 0.3220276 0.3424725 0.3117484 0.2986489 0.3044489 0.3009063 0.3063153 0.2872371 0.2867942 0.2974753 0.2957952 0.3071677 0.2884439 0.2908574 0.2793472 0.2834214 0.2946313 0.2825364 0.2653213 0.2488722 0.2503412 0.2395076 0.2436462 0.2263411 0.2221648 0.2329005 0.2299128 0.225961 0.2061335 0.1997214 0.1902168 0.1922581 0.1925554 0.1924357 0.1787817 0.1734797
0.5247187 0.4679846 0.4364533 0.4077616 0.4021928 0.3729283 0.3899336 0.4294646 0.4187032 0.3857867 0.3572434 0.3577132 0.3583751 0.3655384 0.3762013 0.3701891 0.3738523 0.3813598 0.3809415 0.3766709 0.3740689 0.3674862 0.3743748 0.3768702 0.3860351 0.3718005 0.3585786 -9999 0.3845422 0.3558834 0.3265059 0.3243109 0.2993675 0.2800194 0.2753416 0.265462 0.2673383 0.2919096 0.2906012 0.2999893 0.3126875 0.2804942 0.27255 0.2825308 0.2900524 0.2881531 0.2852517 0.2504221 0.249903 0.2518492 0.2472127 0.2243554 0.200041 0.1913707 0.1879252 0.1820419 0.171989 0.1742798 0.1594286 0.1575321 0.1420228 0.1490796 0.1471856 0.1482521 0.1481155 0.1415229 0.123631
0.4897882 0.4719514 0.4367158 0.4355008 0.404163 0.406198 0.3942352 0.3657688 0.4096019 0.4074364 0.3904621 0.3818864 0.3737252 0.3637249 0.389145 0.3771608 0.373925 0.397734 0.3870414 0.3917643 0.3766667 0.36982 0.3414719 0.3911451 0.3754346 0.3494672 0.3626851 0.3492765 0.3574882 0.3240183 0.3222859 0.3099826 0.2995467 0.2605141 0.2660277 0.2639523 0.2795157 0.2616713 0.2860819 0.2718791 0.2659509 0.2732901 0.2691313 0.2765281 0.2871458 0.2698021 0.2718759 0.2517494 0.2534039 0.2312758 0.203061 0.1793413 0.1740932 0.1657734 0.1541944 0.1396646 0.1307077 0.1268947 0.1161565 0.1163674 0.1123391 0.1096001 0.110838 0.1116766 0.1067124 0.1063367 0.09992415
0.4886142 0.4666353 0.4613382 0.4357447 0.4471446 0.4291307 0.393466 0.3715529 0.3780267 0.388029 0.3804394 0.3717854 0.3801502 0.3916915 0.4103445 0.4099306 0.3776014 0.3964932 0.4040467 0.3965087 0.3876736 0.336381 0.3606374 0.3865405 0.3389391 0.3468855 0.3312433 0.3458335 0.3311349 0.3074351 0.3138787 0.3031639 0.2770236 0.2744 0.2604265 0.249236 0.2648289 0.2380423 0.2796309 0.2614911 0.2607374 0.2502249 0.2642475 0.2635256 0.2519745 0.2548473 0.2479011 0.2325864 0.2049607 0.1878159 0.1664604 0.1446734 0.1381734 0.1220727 0.1137569 0.1147291 0.1062904 0.09669413 0.09522285 0.0911878 0.09791958 0.08885619 0.09097964 0.09159929 0.09274466 0.09444362 0.09699585
0.4844998 0.4591352 0.4495295 0.4511503 0.4535572 0.4528078 0.4170628 0.396656 0.3941901 0.3890687 0.3876376 0.3912345 0.4063791 0.4233761 0.4288349 0.4231584 0.3928007 0.4038364 0.4021774 0.396024 0.3758388 0.3743896 0.3555344 0.373637 0.3518916 0.3319021 0.3416774 0.3325933 0.3297279 0.3119551 0.2957764 0.2995752 0.275068 0.2654375 0.259128 0.2583869 0.2441232 0.2435602 0.2600833 0.2813367 0.2676548 0.2668095 0.2572222 0.2556826 0.2466654 0.2293725 0.2147095 0.1965326 0.1632795 0.1514718 0.1380865 0.1173799 0.1045953 0.09202027 0.0876174 0.09218664 0.09179336 0.07872608 0.07603461 0.0840189 0.08392662 0.08587077 0.08678847 0.08822304 0.09466419 0.09511046 0.09176651
0.4741907 0.4895033 0.4743015 0.4565449 0.4724488 0.4739183 0.4279223 0.4298447 0.4200215 0.4235585 0.4137286 0.4052396 0.4246119 0.429483 0.4181724 0.4480014 0.4419931 0.4137175 0.4273885 0.4261914 0.3973249 0.3827251 0.3569542 0.357684 0.3538917 0.3334446 0.3388653 0.3210088 0.3232638 0.3024129 0.2813892 0.2701517 0.272329 0.2558544 0.2490219 0.2402542 0.2442643 0.2351822 0.2534725 0.2469313 0.2412807 0.2436408 0.2404062 0.2458316 0.2230172 0.2067327 0.1818695 0.1628335 0.1469266 0.1305471 0.1170668 0.102457 0.08500881 0.08146933 0.08094958 0.08540229 0.08381638 0.07703654 0.07371281 0.08256656 0.08182327 0.08510292 0.08592843 0.09151343 0.08371967 0.09006679 0.08974466
0.5301858 0.5242423 0.4935191 0.4823275 0.5107205 0.5113871 0.4859878 0.4720104 0.4499614 0.4486032 0.4781058 0.4396302 0.4495053 0.4743448 0.4631432 0.4494379 0.4452132 0.4493253 0.4475184 0.4384189 0.4412548 0.3946298 0.3778127 0.3669864 0.3680213 0.3480456 0.3424321 0.3228346 0.3152185 0.2891957 0.2776203 0.273765 0.2564258 0.252714 0.2460526 0.2448112 0.2327516 0.2416476 0.2467654 0.2603452 0.2537397 0.2478746 0.2485479 0.2340692 0.2128295 0.1795074 0.1490265 0.1418127 0.1248728 0.1113503 0.09071742 0.08272754 0.07249256 0.08082985 0.08635674 0.08182424 0.0735639 0.07454855 0.08141744 0.0927257 0.09282663 0.09839097 0.09548974 0.09966883 0.09704131 0.09952653 0.09548846
0.557395 0.5363091 0.4913771 0.4881946 0.5007936 0.5485475 0.5183303 0.4750496 0.4592091 0.4817605 0.5122015 0.5239652 0.524498 0.4884959 0.4794107 0.4570531 0.4692605 0.4720818 0.4814444 0.4533813 0.4788471 0.4298155 0.3949265 0.3785404 0.3526888 0.3905489 0.3524047 0.3252506 0.3187131 0.292758 0.2837207 0.2652909 0.2701725 0.2564678 0.2553298 0.2390561 0.2333391 0.2409792 0.2446771 0.2534207 0.2516688 0.2660034 0.2542705 0.2186996 0.1726379 0.1494807 0.1200385 0.1145093 0.1056163 0.08740223 0.07635588 0.07434265 0.06811617 0.08161402 0.07533182 0.07591202 0.07746863 0.08180473 0.09661447 0.1003408 0.09183817 0.1073069 0.1135661 0.1103718 0.1170626 0.1169747 0.1051802
0.5718205 0.5360049 0.4911995 0.5013637 0.5518381 0.5674689 0.4999916 0.5089515 0.4773961 0.5013477 0.5405274 0.5205823 0.5023573 0.4961178 0.4938486 0.4978023 0.494387 0.4890352 0.51792 0.4927443 0.4986096 0.4461464 0.405661 0.3799463 0.3779213 0.3936254 0.3501505 0.3307008 0.3309236 0.3368213 0.3137555 0.279568 0.2612652 0.256002 0.2476669 0.2542963 0.247744 0.2445833 0.2374584 0.2480702 0.2579998 0.2574866 0.2286757 0.1895698 0.1429931 0.1303475 0.1068003 0.09885424 0.09156898 0.08708367 0.0843851 0.07509533 0.06870479 0.08095238 0.07945574 0.08178455 0.08515105 0.09777551 0.1161392 0.1135065 0.1101607 0.1139033 -9999 0.1213397 -9999 -9999 -9999
0.5711451 0.558408 0.5245419 0.543362 0.583706 0.5571858 0.5340647 0.5109307 0.5308132 0.5256203 0.5634601 0.5300153 0.5048943 0.4897725 0.488237 0.5269219 0.5356656 0.5092254 0.5084251 0.5494731 0.5317927 0.4849918 0.436905 0.4106009 0.4191973 0.4236391 0.3787765 0.382502 0.3719767 0.3405426 0.2951318 0.279139 0.2656507 0.2613644 0.2530075 0.2463204 0.2473756 0.2387951 0.2445628 0.2622427 0.2512299 0.2377399 0.1826124 0.1578632 0.1200304 0.1132658 0.1053824 0.09404898 0.08893636 0.08151748 0.07576957 0.07913328 0.07460959 0.08287478 0.08598983 0.09246574 0.09832082 0.1085068 0.1275268 0.1272518 0.1263891 -9999 -9999 -9999 -9999 -9999 -9999
0.5916093 0.5455189 0.5314239 0.5828308 0.5898917 0.5657545 0.5377223 0.5322789 0.5815523 0.5886949 0.5796695 0.5661495 0.5337375 0.5111755 0.5013935 0.5262747 0.5518341 0.5066433 0.5119249 0.5520387 0.5334463 0.4914758 0.4757955 0.4503841 0.451349 0.4535168 0.4266469 0.3868906 0.3474 0.350224 0.3222829 0.3067417 0.2938316 0.3009657 0.2780021 0.2582754 0.2659502 0.2635864 0.2700987 0.2596868 0.2313581 0.2012849 0.157984 0.133651 0.1094093 0.09961122 0.09135161 0.08900616 0.08435705 0.08679178 0.08162193 0.0808735 0.0769845 -9999 -9999 -9999 0.1110612 0.1255234 0.1221523 -9999 -9999 -9999 -9999 -9999 -9999 -9999 -9999
0.5894137 0.5566551 0.5714491 0.6158898 0.5766039 0.5758771 0.5353662 0.5241141 0.5801973 0.5975357 0.5584717 0.5239134 0.5236689 0.5229361 0.5175853 0.549968 0.5628611 0.5082117 0.5132391 0.57378 0.5544505 0.5443373 0.5084882 0.5156538 0.5248506 0.4634387 0.4354609 0.4235332 0.3733306 0.3777119 0.3511477 0.3204776 0.3124867 0.3034206 0.2988478 0.295166 0.2866287 0.255672 0.246396 0.2495458 0.2323349 0.1843057 0.151468 0.1261181 0.1018012 0.09231012 0.08649117 0.08761536 0.08529878 0.09116676 0.09093387 0.09017034 -9999 -9999 -9999 -9999 -9999 -9999 -9999 -9999 -9999 -9999 -9999 -9999 -9999 -9999 -9999
0.6859758 0.6514608 0.6492777 0.6162853 0.556651 0.5452372 0.5356067 0.5418863 0.5989544 0.6285363 0.5394901 0.534034 0.5604669 0.5863174 0.5254427 0.5516412 0.5817642 0.533822 0.5276262 0.5741405 0.5709081 0.5531698 0.5522546 0.5571317 0.5533147 0.5050964 0.4768407 0.4574674 0.4361497 0.4174932 0.3908785 0.361044 0.3363852 0.3220116 0.2977495 0.2965595 0.2948462 0.2851218 0.2761211 0.2354819 0.2143811 0.1757714 0.1385588 0.1065404 0.09235905 0.08261611 0.08451458 0.08525921 0.08743614 0.09420488 0.1014593 -9999 -9999 -9999 -9999 -9999 -9999 -9999 -9999 -9999 -9999 -9999 -9999 -9999 -9999 -9999 -9999
0.604726 0.6458572 0.6930633 0.6096171 0.555331 0.5494753 0.565968 0.5981684 0.6486356 0.6036693 0.5455184 0.554617 0.5952201 0.6031637 0.5588574 0.6086642 0.6134703 0.556515 0.5486958 0.5822663 0.601039 0.5654966 0.5686131 0.5317032 0.5256065 0.5142529 0.4950701 0.4874887 0.4809183 0.4477068 0.42518 0.395577 0.3762296 0.3512484 0.3383031 0.3277713 0.3156518 0.2937554 0.2839869 0.2316182 0.1819251 0.1521575 0.1178755 0.09305658 0.09032797 0.07824057 0.08113056 0.08703752 0.0942574 0.09166862 0.1030749 -9999 -9999 -9999 -9999 -9999 -9999 -9999 -9999 -9999 -9999 -9999 -9999 -9999 -9999 -9999 -9999
0.5595382 0.5937181 0.6469742 0.686551 0.656191 0.6172485 0.6515503 0.6758702 0.6994238 0.634582 0.6065183 0.5974292 0.6314014 0.6092415 0.6387957 0.6582112 0.6576731 0.6222191 0.6011308 0.6359512 0.5760043 0.5834621 0.5614516 0.5445861 0.5486432 0.5619339 0.5635164 0.5326998 0.5109156 0.4405344 0.4209455 0.4115246 0.3948486 0.3789805 0.3681567 0.3471909 0.3257098 0.3102771 0.2841817 0.2343964 0.176028 0.1315414 0.1099065 0.08831574 0.08193105 0.08093907 0.07876643 0.09316231 0.102766 0.1041824 -9999 -9999 -9999 -9999 -9999 -9999 -9999 -9999 -9999 -9999 -9999 -9999 -9999 -9999 -9999 -9999 -9999
0.5485312 0.5796062 0.6306714 0.6796937 0.6512187 0.696088 0.6799607 0.6349272 0.63363 0.6699278 0.6849405 0.6925012 0.6719987 0.6714932 0.6426783 0.6587498 0.6367509 0.6432313 0.6564204 0.6061178 0.5626854 0.585333 0.60159 0.6050833 0.6037633 0.5916876 0.5425236 0.51121 0.4952943 0.47187 0.4455345 0.4276274 0.4174015 0.3871179 0.3880723 0.3640674 0.3421928 0.3058333 0.2650244 0.219541 0.1738838 0.1348549 0.09781297 0.08412819 0.07622982 0.07687423 0.07899942 0.09350086 0.1037162 -9999 -9999 -9999 -9999 -9999 -9999 -9999 -9999 -9999 -9999 -9999 -9999 -9999 -9999 -9999 -9999 -9999 -9999
0.5706611 0.6207345 0.6236562 0.656997 0.5872452 0.6140227 0.6196359 0.5661254 0.5854943 0.57995 0.6318598 0.6689335 0.600246 0.6171182 0.6172054 0.6293023 0.6217387 0.6131886 0.6090611 0.6202075 0.5980572 0.5743845 0.5902222 0.6136589 0.5904217 0.5381103 0.5343426 0.5227525 0.5140195 0.4900793 0.4614497 0.4372756 0.4009133 0.4105311 0.3800849 0.3669299 0.3339182 0.3183177 0.2737283 0.2075046 0.1635333 0.1238682 0.09894158 0.08274274 0.07184753 0.07859351 0.0863848 0.1025014 -9999 -9999 -9999 -9999 -9999 -9999 -9999 -9999 -9999 -9999 -9999 -9999 -9999 -9999 -9999 -9999 -9999 -9999 -9999
0.5486004 0.5583947 0.6111919 0.6293077 0.5565109 0.5710206 0.611719 0.5678307 0.5452205 0.5661492 0.6191549 0.650385 0.5684786 0.593197 0.616474 0.6096509 0.565923 0.5608007 0.5747362 0.613981 0.6246039 0.5739458 0.5637289 0.6141257 0.5859641 0.5580506 0.5452933 0.5668451 0.5387791 0.5038165 0.4664195 0.4450539 0.4445339 0.4076768 0.3648834 0.3415347 0.3359438 0.3190813 0.2579965 0.1938258 0.1510462 0.1224032 0.08976059 0.084769 0.08133387 0.09247112 0.09870067 0.1042715 -9999 -9999 -9999 -9999 -9999 -9999 -9999 -9999 -9999 -9999 -9999 -9999 -9999 -9999 -9999 -9999 -9999 -9999 -9999
0.5382321 0.575 0.6162287 0.6065313 0.5422785 0.560267 0.5937866 0.5638652 0.52455 0.5402177 0.6111846 0.6448142 0.5713146 0.5541947 0.5811358 0.6243508 0.5604602 0.5519767 0.5899985 0.6081692 0.6250436 0.605767 0.5678611 0.5756561 0.6001448 0.5933542 0.5788606 0.5502822 0.4994881 0.5007153 0.4831923 0.4813426 0.4356503 0.4016651 0.3711464 0.3638734 0.3365937 0.3050602 0.2489393 0.1885013 0.1436327 0.1134123 0.09748184 0.08997317 0.08712585 0.09784389 0.1057494 0.1094702 -9999 -9999 -9999 -9999 -9999 -9999 -9999 -9999 -9999 -9999 -9999 -9999 -9999 -9999 -9999 -9999 -9999 -9999 -9999
0.5220692 0.5777794 0.6066458 0.5577587 0.5322323 0.5443811 0.5437837 0.5278795 0.5259417 0.5503846 0.6164776 0.6110171 0.5580592 0.5409795 0.5512372 0.5755793 0.5404397 0.5486711 0.562764 0.5718781 0.5989481 0.6053768 0.5887455 0.5359568 0.5490203 0.5513103 0.5755171 0.5573428 0.5426445 0.5372651 0.5163054 0.4707819 0.4019525 0.3907155 0.3723631 0.3480116 0.3486698 0.30197 0.2267025 0.1789731 0.1369274 0.110517 0.09167801 0.09292977 0.09239095 0.1083657 0.1108214 -9999 -9999 -9999 -9999 -9999 -9999 -9999 -9999 -9999 -9999 -9999 -9999 -9999 -9999 -9999 -9999 -9999 -9999 -9999 -9999
0.4961413 0.5726277 0.5880203 0.5413502 0.5258845 0.5203524 0.510371 0.5073951 0.5147578 0.533455 0.5795198 0.6058429 0.5417701 0.5359658 0.5578732 0.5402081 0.5581257 0.5590132 0.5661446 0.5451941 0.5575126 0.5795592 0.580811 0.5341873 0.5159042 0.5371155 0.5391986 0.5445077 0.5330254 0.4891187 0.4988167 0.4714532 0.4243337 0.415709 0.3896816 0.3618518 0.3418088 0.290498 0.2169454 0.1723748 0.1301887 0.1080206 0.0991194 0.08596784 0.09640361 0.1144924 0.1170035 -9999 -9999 -9999 -9999 -9999 -9999 -9999 -9999 -9999 -9999 -9999 -9999 -9999 -9999 -9999 -9999 -9999 -9999 -9999 -9999
0.4572658 0.5230568 0.5256289 0.5585633 0.5102444 0.5007249 0.4740033 0.5054533 0.530006 0.5198942 0.5650888 0.5746574 0.5861439 0.5888141 0.5703304 0.5280582 0.5673322 0.5730026 0.5377645 0.5075598 0.5319453 0.5618824 0.5740979 0.5204479 0.4788089 0.4849149 0.4832548 0.5116095 0.5348849 0.508162 0.4755088 0.4628591 0.4539385 0.4298508 0.3731775 0.3659438 0.3350779 0.2942935 0.2309954 0.1668018 0.1257242 0.1127117 0.09572012 0.09558535 0.1046725 0.1134996 0.1185353 -9999 -9999 -9999 -9999 -9999 -9999 -9999 -9999 -9999 -9999 -9999 -9999 -9999 -9999 -9999 -9999 -9999 -9999 -9999 -9999
0.3623434 0.4342165 0.4471714 0.5012285 0.4921038 0.4842125 0.4801102 0.4871995 0.5437192 0.5588571 0.5637754 0.5119617 0.5371764 0.5817296 0.5815434 0.5887451 0.5885413 0.5683809 0.528361 0.5112982 0.5411569 0.5690956 0.5638613 0.5224462 0.4726543 0.4556698 0.4580645 0.4559446 0.4956751 0.524258 0.5024893 0.4847744 0.4658461 0.4174941 0.3654706 0.3672333 0.3552176 0.2930657 0.2186269 0.1566643 0.1284439 0.1058052 0.09516812 0.09935115 0.1096632 0.1244718 -9999 -9999 -9999 -9999 -9999 -9999 -9999 -9999 -9999 -9999 -9999 -9999 -9999 -9999 -9999 -9999 -9999 -9999 -9999 -9999 -9999
0.3055333 0.3236894 0.3826385 0.4227716 0.4623179 0.4438362 0.5091413 0.5306675 0.5481607 0.5168775 0.4686691 0.4757301 0.5252917 0.5686883 0.5356507 0.5648036 0.5073414 0.5137156 0.5111468 0.5005882 0.5218453 0.5137962 0.54048 0.5328913 0.501454 0.4897174 0.4514861 0.4497969 0.4427326 0.4702722 0.4932815 0.4552598 0.4500969 0.4285292 0.4058013 0.3892976 0.3778842 0.3093134 0.2275327 0.1697117 0.1249739 0.1030374 0.09484264 0.09655263 0.1143383 0.1312186 -9999 -9999 -9999 -9999 -9999 -9999 -9999 -9999 -9999 -9999 -9999 -9999 -9999 -9999 -9999 -9999 -9999 -9999 -9999 -9999 -9999
0.2399088 0.2745221 0.3185604 0.3423459 0.4020398 0.4321779 0.4427823 0.5094671 0.4734419 0.4815931 0.4255493 0.4284377 0.48452 0.5313051 0.4872674 0.5424929 0.5098076 0.5109942 0.4761452 0.4742281 0.4818208 0.4991843 0.533563 0.4897631 0.5193378 0.5041929 0.4980072 0.4819079 0.440773 0.4338396 0.4247331 0.4023754 0.4057936 0.3758603 0.3917438 0.3756378 0.3132702 0.2802924 0.208692 0.151576 0.1147763 0.09691408 0.09806132 0.1085029 0.1132295 0.1240269 -9999 -9999 -9999 -9999 -9999 -9999 -9999 -9999 -9999 -9999 -9999 -9999 -9999 -9999 -9999 -9999 -9999 -9999 -9999 -9999 -9999
0.1992709 0.2200245 0.2409754 0.2708159 0.3458883 0.4023746 0.4612758 0.4856567 0.4489211 0.4171054 0.4030329 0.3983332 0.4781109 0.4692263 0.4486603 0.5057446 0.5268174 0.4717307 0.4475996 0.4582763 0.4859883 0.5081031 0.4651482 0.4414673 0.4878751 0.453659 0.4218464 0.4424791 0.4529869 0.4137434 0.3986872 0.383144 0.3525884 0.3442319 0.3143024 0.2859893 0.2824654 0.2248502 0.1777303 0.1338745 0.1134523 0.102332 0.103814 0.104868 0.1115905 0.1362246 0.1324866 -9999 -9999 -9999 -9999 -9999 -9999 -9999 -9999 -9999 -9999 -9999 -9999 -9999 -9999 -9999 -9999 -9999 -9999 -9999 -9999
0.1756219 0.1675815 0.1852011 0.2092087 0.2561646 0.3138267 0.3533307 0.4036282 0.4243959 0.3933138 0.3729168 0.4280967 0.4604594 0.4241167 0.4135247 0.4412716 0.516849 0.4766469 0.4290963 0.4055167 0.4042397 0.4556384 0.3894119 0.3745322 0.3682493 0.3957601 0.3648961 0.3459787 0.3948338 0.3662202 0.3395157 0.2966786 0.2747179 0.2565114 0.2630378 0.2473726 0.2199396 0.18017 0.149112 0.1189928 0.1032324 0.107483 0.1079961 0.1161187 0.1318176 0.1506018 0.1462486 -9999 -9999 -9999 -9999 -9999 -9999 -9999 -9999 -9999 -9999 -9999 -9999 -9999 -9999 -9999 -9999 -9999 -9999 -9999 -9999
