projects/spp-inf/Zonation runs/Test data/Species/species3.asc
ncols         649
nrows         555
xllcorner     294205
yllcorner     6283604.6
cellsize      0.200
NODATA_value  -9999
[rows 480 to 509 of 555, columns 201 to 267 of 649]
0.4654195 0.467967 0.4476921 0.4311672 0.4392183 0.4324578 0.3639244 0.3378526 0.4160186 0.4690694 0.3068042 0.3939682 0.4783852 0.4877108 0.4958363 0.4858787 0.477443 0.4811491 0.46503 0.4824354 0.4860966 0.5025792 0.4839727 0.5114611 0.5005592 0.4802397 0.4970717 -9999 0.4587661 0.4495785 0.4510132 -9999 -9999 -9999 -9999 -9999 0.531608 0.5257381 0.5406998 0.5205308 0.5111976 0.5115545 0.4281853 0.4948216 0.5178101 0.5186049 -9999 0.5136842 0.5324675 0.5529402 -9999 0.6165368 -9999 -9999 -9999 -9999 0.6508819 -9999 -9999 -9999 0.617087 0.6306357 -9999 -9999 -9999 -9999 -9999
0.4753843 0.4667291 0.4421117 0.4377459 0.439667 0.4054294 0.3646477 0.327882 0.262356 0.4099937 0.3948162 0.4246499 0.4599446 0.489558 0.4926286 0.4811207 0.4598802 0.4546015 0.4882482 0.4889183 0.4688647 0.5133365 0.4825152 0.5130991 0.4989865 0.4904369 0.5092107 0.4861296 0.4621271 0.4528784 0.4477028 -9999 0.5105134 -9999 -9999 -9999 0.5622548 0.5411627 0.5368525 0.5221107 0.5165644 0.5270697 0.42898 0.3675884 0.4278752 0.4711277 0.4854853 0.5058319 0.5241255 0.5639473 -9999 0.6406361 -9999 -9999 -9999 -9999 -9999 -9999 -9999 -9999 -9999 -9999 -9999 -9999 -9999 -9999 -9999
0.4593447 0.4796115 0.4558382 0.4484416 0.4768332 0.4479561 0.3184413 0.3273729 0.3027115 0.3280525 0.3872537 0.4367293 0.4526223 0.512574 0.4920106 0.4991842 0.5022572 0.4603861 0.4412999 0.4340357 0.4695391 0.5200988 0.509612 0.5149775 0.5073372 0.4978823 0.5256321 0.5213241 0.4773659 0.4328791 -9999 -9999 -9999 -9999 -9999 -9999 -9999 0.5903992 -9999 -9999 -9999 0.5405011 0.5150688 0.4960132 0.5009317 0.5062057 0.514074 0.5219273 0.5182238 0.5834963 0.6509697 -9999 -9999 -9999 -9999 -9999 -9999 -9999 -9999 -9999 -9999 0.6653957 -9999 -9999 -9999 -9999 -9999
0.4357834 0.4874516 0.4551595 0.4782593 0.4925286 0.4673511 0.3400071 0.2047548 0.3892955 0.4005616 0.4012795 0.4521339 0.4783463 0.5289881 0.4742289 0.4574204 0.4653479 0.5094712 0.4921867 0.5048662 0.5089108 0.465839 0.5107072 0.5174499 0.5048741 0.4868938 -9999 -9999 0.5180506 0.4511493 -9999 -9999 0.46775 -9999 -9999 -9999 -9999 0.6120775 0.5868404 0.5785818 0.5435174 0.5205345 0.5135422 0.5200472 0.527082 0.5009366 0.5112601 0.5121024 0.5208466 -9999 -9999 -9999 -9999 -9999 -9999 -9999 -9999 -9999 -9999 -9999 -9999 -9999 -9999 -9999 -9999 -9999 -9999
0.4639356 0.4859667 -9999 0.4088856 0.4339651 0.4742169 0.4151019 0.2195554 0.3608711 -9999 0.5062173 -9999 0.5048622 0.4546406 0.3744763 0.3997712 0.4029169 0.4053116 0.3905956 0.4033915 0.4535812 0.4888448 0.5193156 0.5199797 -9999 -9999 -9999 -9999 -9999 0.5146632 0.5113014 0.4925599 -9999 -9999 -9999 0.5852402 0.6418114 0.5913813 0.5742249 0.571597 0.5526978 0.5132986 0.432933 0.407733 0.4672344 0.5032205 0.524994 0.5364983 0.5382093 0.5813505 -9999 -9999 -9999 -9999 -9999 -9999 -9999 -9999 -9999 -9999 -9999 -9999 -9999 -9999 -9999 -9999 -9999
0.4897952 0.4736975 0.431651 0.4406171 0.4534106 0.4779031 0.4546422 0.3141499 0.3543729 0.4812607 0.478556 0.4839848 0.5106678 0.3924867 0.4059308 0.4788782 0.4860568 0.4832904 0.4721453 0.4755416 0.490068 0.5058272 0.5188823 0.5109202 0.5087786 -9999 -9999 -9999 -9999 0.5275817 0.5262682 0.5248938 0.5313821 0.5869232 0.6063368 0.5880104 0.6561446 0.6340078 0.5799896 0.5697238 0.5592043 0.5143725 0.5081446 0.4717091 0.4579563 0.5071623 0.5277627 -9999 0.5598961 -9999 -9999 -9999 -9999 -9999 -9999 -9999 0.7552097 -9999 -9999 -9999 -9999 -9999 -9999 -9999 -9999 -9999 -9999
0.4768791 0.4774585 0.4685071 0.4981103 0.4886754 0.4647495 0.4395716 0.2848136 0.3802611 0.4838927 0.5013725 0.487364 0.461615 0.4000621 0.4668776 0.4382676 0.4678086 0.4970717 0.4965799 0.4862566 0.4885688 0.4762323 0.5143561 0.517257 0.508332 -9999 -9999 -9999 -9999 0.4952495 0.4967432 0.503553 -9999 -9999 -9999 -9999 -9999 0.6632711 0.6282507 0.5719986 0.5411551 0.4517858 0.5124167 -9999 -9999 0.5721269 -9999 -9999 -9999 -9999 -9999 -9999 -9999 -9999 -9999 -9999 -9999 -9999 -9999 -9999 -9999 -9999 -9999 -9999 -9999 -9999 -9999
0.4575955 0.4704896 0.4581288 0.466257 0.4419801 0.4241404 0.3383289 0.2637363 0.4698442 0.4560647 0.433363 0.473596 0.4793185 0.4730874 -9999 -9999 0.4486624 0.487789 0.4927866 0.4788213 0.4414922 0.4483955 0.498346 0.5321978 0.543653 -9999 -9999 -9999 -9999 -9999 -9999 0.5409884 0.5342864 0.5595638 0.5939084 0.6258491 0.6444566 0.655678 0.6343426 -9999 0.5682826 0.4337485 0.3748242 -9999 -9999 -9999 -9999 -9999 -9999 -9999 -9999 -9999 -9999 -9999 -9999 -9999 -9999 -9999 -9999 -9999 -9999 -9999 -9999 -9999 -9999 -9999 -9999
0.4376779 0.4091609 0.4113946 0.3783515 0.3544091 0.3295534 0.3669373 0.4015595 0.5006981 0.4304515 0.4132513 0.4658625 0.485066 0.4736521 0.4819885 -9999 0.4744929 0.4843735 0.5038252 0.4796123 0.4250137 0.4499643 0.4816341 0.5389075 0.5455911 0.4810522 0.4667947 -9999 -9999 -9999 0.5310618 0.5554627 0.562455 0.5574533 0.5371895 0.567002 0.6100891 0.6239132 -9999 -9999 -9999 0.5793614 0.4893993 0.5383407 -9999 -9999 -9999 -9999 -9999 -9999 -9999 -9999 -9999 -9999 -9999 -9999 -9999 -9999 -9999 -9999 -9999 -9999 -9999 -9999 -9999 0.6299262 0.6178585
0.4299769 0.3854794 0.3379497 0.3385785 0.4068137 0.4053763 0.4444622 0.4357095 0.3352118 0.3166038 0.4215592 0.478004 0.4440159 0.4370588 0.4769122 0.5198543 0.5242947 0.5417176 0.511931 0.4971301 0.4922531 0.5097592 0.5062151 0.5206329 0.5415327 0.4972081 0.4517543 0.4344326 -9999 0.4981297 0.542587 0.588913 0.6166566 -9999 0.5109483 -9999 -9999 -9999 -9999 -9999 0.6011087 0.591509 0.5468833 0.5160021 -9999 -9999 -9999 -9999 -9999 -9999 -9999 -9999 -9999 -9999 -9999 -9999 -9999 -9999 -9999 -9999 -9999 -9999 -9999 -9999 -9999 0.6270438 0.6181092
0.3936853 0.3706935 0.3621273 0.4007962 0.4696594 0.5057046 -9999 0.3089688 0.253491 0.4097804 0.4735281 0.4703338 0.4897377 0.5011993 0.510157 0.5430623 0.5726504 0.5797867 0.5484703 0.5022519 0.4653586 0.5134876 0.5364273 0.5301964 0.5289774 0.518694 0.4880192 -9999 0.4518866 0.4874807 0.5352009 0.5786691 0.5832686 0.5688611 -9999 -9999 -9999 -9999 -9999 -9999 0.6081222 0.5634046 0.5376133 0.5013533 -9999 -9999 -9999 -9999 -9999 -9999 -9999 -9999 -9999 -9999 -9999 -9999 -9999 -9999 -9999 -9999 -9999 -9999 -9999 -9999 -9999 0.6293633 0.6564984
-9999 0.3588583 0.2871757 0.2360108 0.2858863 0.4516746 0.4662427 0.2962021 0.3868486 0.4704436 0.4410322 0.4390453 0.4568406 0.4512827 0.492771 0.5290378 0.5302171 0.520784 0.5249202 0.5356137 0.5326869 0.6264912 0.5838876 0.5472046 0.4998558 0.4874158 -9999 -9999 -9999 0.512535 0.5649925 0.5592701 0.5545726 0.568568 0.567053 -9999 -9999 -9999 -9999 -9999 0.5988953 0.5680618 0.5650831 0.5717348 -9999 -9999 -9999 -9999 -9999 -9999 -9999 -9999 -9999 -9999 -9999 -9999 -9999 -9999 -9999 -9999 -9999 -9999 0.6386254 0.6716554 0.6219833 0.6510714 0.6547385
0.4951177 -9999 0.4472747 0.3303244 0.2281851 0.4327229 0.4585143 0.3191417 0.4459062 0.4360563 0.4442852 0.4465452 0.4761683 0.483209 0.5275992 0.5621765 0.5400436 0.4667628 0.4691849 0.5110133 0.5019964 0.5517513 0.5284923 0.5152572 0.4848944 0.4584385 0.4927767 0.47546 0.4916229 0.5444629 0.588612 0.5545983 0.5283043 0.5513309 0.5740178 0.5844622 0.6064363 0.6155786 0.6043301 0.6048462 0.5860677 0.5825468 0.5388106 -9999 -9999 -9999 -9999 -9999 -9999 -9999 -9999 -9999 -9999 -9999 -9999 -9999 -9999 -9999 -9999 -9999 -9999 -9999 -9999 0.6813564 0.6325185 0.6502039 0.6149268
0.4687088 0.5025542 0.5022088 0.3253845 0.1744321 0.407387 -9999 0.3392904 0.4561779 0.4314848 0.4482139 0.4482703 0.5029744 0.4936147 0.5405078 0.564841 0.521657 0.4516898 0.4075939 0.4475957 0.4708968 0.5169768 0.5132891 0.4873526 0.4761693 0.449723 0.4967425 0.4969786 0.502376 0.55089 0.5862466 0.5871471 0.5454679 0.5528545 0.5604095 0.5761656 0.5883033 0.620708 0.6105744 0.6066009 0.6008376 0.5852722 0.5414615 0.4779839 -9999 -9999 -9999 -9999 -9999 -9999 -9999 -9999 -9999 -9999 -9999 -9999 -9999 -9999 -9999 -9999 -9999 -9999 -9999 0.6690111 0.6381755 0.6261202 0.5925259
0.466597 0.446249 0.3552644 0.195519 0.193033 0.4212348 0.409358 0.3283209 0.4622238 0.4529034 0.4574668 0.4659534 -9999 0.4819101 0.493861 0.4928804 0.487198 0.4311031 0.3999369 0.4076207 0.4516098 0.4916252 0.5052899 0.4929938 0.4884988 0.4550937 0.4948091 0.5070389 0.5135344 0.5334162 0.5554496 0.5591449 0.5441523 0.558064 0.5643567 0.5852646 0.5476162 0.6089137 0.6259814 0.618618 0.5835697 0.5790306 0.5269988 0.465147 0.430765 -9999 -9999 -9999 -9999 -9999 -9999 -9999 -9999 -9999 -9999 -9999 -9999 -9999 -9999 -9999 -9999 -9999 -9999 -9999 -9999 0.5509974 0.5378269
0.4763157 0.4734963 0.435147 0.332801 0.3067879 -9999 0.3860327 0.3217745 0.4447112 0.479177 0.4762135 -9999 0.4890406 0.4564362 -9999 0.4528691 0.4742567 0.4452804 0.3968835 0.3930609 0.4910054 0.4996989 0.5074357 0.5023735 0.4956745 0.4517978 0.4566255 0.4646609 0.472889 0.5146505 0.5325697 0.5518847 0.5463594 0.5527834 0.5716561 0.5860994 0.5669349 0.5748751 0.6244645 0.5617718 0.5072477 0.5337434 0.4314634 0.516902 0.4279181 0.4557323 -9999 -9999 -9999 -9999 -9999 -9999 -9999 -9999 -9999 -9999 -9999 -9999 -9999 -9999 -9999 -9999 -9999 -9999 -9999 -9999 -9999
0.4931621 0.4813818 0.4503918 0.3953929 0.4975813 0.5261363 -9999 0.359056 0.3821235 0.4489203 0.4818029 -9999 -9999 -9999 -9999 0.4593428 0.4738892 0.4206045 0.4129238 -9999 0.4941774 0.499175 0.5084476 0.4947684 0.4739579 0.4503274 0.4404991 0.4576949 0.4744011 0.5074866 0.5364946 0.5664145 0.5349998 0.5444673 -9999 0.587177 0.5953045 0.5541676 -9999 0.5805818 0.5560538 0.5812882 0.3821927 0.4861157 0.4966449 0.4125682 -9999 -9999 -9999 -9999 -9999 -9999 -9999 -9999 -9999 -9999 -9999 -9999 -9999 -9999 -9999 -9999 -9999 -9999 -9999 -9999 -9999
0.4586982 0.4528147 0.4707786 0.396957 0.4706238 0.5071626 -9999 0.5155318 0.4865364 0.4982027 0.4942911 0.4989537 0.4966069 0.4876442 0.480524 0.4675528 0.4555197 -9999 -9999 0.474699 0.4761418 0.5059637 0.5108204 0.5005246 0.4805098 0.496323 0.5029173 0.5103593 0.5138212 0.5246262 0.5461205 0.5808169 0.5261734 0.4640899 0.565167 0.6036911 0.6145446 0.546833 0.5230491 -9999 0.4213882 -9999 0.3811119 0.4064945 0.5014058 0.4025091 -9999 -9999 -9999 -9999 -9999 -9999 -9999 -9999 -9999 -9999 -9999 -9999 -9999 -9999 -9999 -9999 -9999 -9999 0.6392009 0.6651563 0.679714
0.3148381 0.337046 0.4420907 0.407578 0.468615 0.4996636 -9999 0.5190075 0.4718053 0.4809244 0.4874511 0.4914015 0.4966923 0.4900054 0.4881538 0.4883656 0.4863524 0.4732898 0.4880901 0.4952859 0.4924797 0.4959273 0.4996889 0.4995045 0.5105867 0.5144089 0.5150497 0.5161491 0.5271586 0.530918 0.5466694 0.5920349 0.5972375 0.4950286 0.5272633 0.5930302 0.5611295 0.5701751 0.4491975 0.4334974 0.3973516 0.4210311 -9999 0.4014419 0.4171961 0.4301878 0.3462145 -9999 -9999 -9999 -9999 -9999 -9999 -9999 -9999 0.7413917 -9999 -9999 -9999 -9999 -9999 -9999 -9999 -9999 -9999 0.6889449 0.700079
0.4138474 0.4325519 0.4254935 0.4048275 0.4984124 0.5219042 -9999 0.5119964 0.4729071 0.4862651 0.4828224 0.4860677 0.4883448 0.4887308 0.4981711 0.4901243 -9999 0.5114685 -9999 0.4885975 0.4944307 0.4908805 0.4833978 0.5064799 0.5186266 -9999 -9999 -9999 -9999 -9999 0.5576246 0.5277013 0.5934293 -9999 -9999 -9999 0.5481763 0.5330839 0.551549 0.3663733 0.411357 0.4415849 -9999 0.396036 0.3431298 0.5193418 0.4376953 0.5354359 -9999 -9999 -9999 -9999 -9999 -9999 0.699614 -9999 0.8408843 0.8160068 0.8054483 -9999 -9999 -9999 -9999 -9999 -9999 0.700399 0.6821327
0.5023522 0.4845412 0.4735443 0.4390088 -9999 -9999 -9999 0.5134538 0.4865561 0.4924951 0.4956839 0.4870889 0.4962019 0.5093397 0.5087027 0.4951656 -9999 0.467389 0.4876813 0.4918831 0.4907628 0.5059777 0.5104785 0.4930428 0.5003542 -9999 -9999 -9999 -9999 0.5322511 0.5584685 0.5232471 0.542036 0.6095488 0.613025 0.6184863 0.6056514 0.5471075 0.583549 -9999 0.4698896 0.4593647 -9999 0.4685696 0.3730792 0.5067548 0.5071615 0.5492215 0.6229812 -9999 -9999 -9999 -9999 -9999 0.7058787 -9999 0.8402483 0.8204313 0.8108498 0.8100106 -9999 -9999 -9999 -9999 0.7071847 0.7268526 0.7059535
-9999 0.5045829 -9999 -9999 -9999 0.5191799 0.4832664 0.4277274 0.4170185 0.4583607 0.5041781 0.5011715 0.4945716 0.4960894 0.5166077 0.5008464 0.4951809 0.5001595 0.4978484 0.5001819 0.4690751 0.4738322 0.4798857 0.4340823 0.5006536 0.5379313 -9999 0.5425069 0.5356933 0.5400862 0.5633321 0.576681 0.5825713 0.5975879 -9999 -9999 -9999 0.5562775 0.5104532 0.5589329 -9999 -9999 -9999 -9999 0.4571329 0.5060769 0.5452231 0.5649894 -9999 -9999 -9999 -9999 -9999 -9999 -9999 -9999 -9999 0.8402606 0.8363436 -9999 0.7813973 -9999 -9999 -9999 0.7312385 -9999 -9999
-9999 -9999 0.534089 0.5144892 0.5625025 0.5175881 0.4218573 0.3513331 0.3939591 0.427559 0.4781369 0.4965284 0.5034979 0.5120322 0.5170451 -9999 0.5059121 0.5171245 0.5012967 0.4980071 0.4638205 0.4534578 0.4452512 0.4914157 0.5495762 0.5612873 0.5520376 0.5579577 0.5745921 0.5656703 -9999 -9999 0.6040619 0.60491 -9999 -9999 -9999 0.6121715 0.5717251 0.5570457 0.6456249 -9999 -9999 -9999 -9999 0.5489098 0.5968649 -9999 -9999 -9999 -9999 -9999 -9999 -9999 -9999 -9999 -9999 0.8378221 0.8371971 -9999 -9999 -9999 0.7833812 0.7692254 0.7497754 -9999 -9999
0.3900392 0.4749346 0.465743 0.4472058 0.4430054 0.4563758 0.4188729 0.3894096 0.5031745 0.5090291 0.5060755 0.5093138 0.5135095 0.5170029 0.5159708 -9999 -9999 0.5167499 0.5145074 0.5130187 0.4763573 0.4516277 0.4261506 0.4741697 0.5436003 0.5604751 0.5896099 -9999 0.5575937 0.5748562 0.5560142 -9999 0.5577617 0.5744165 0.569592 0.566598 -9999 0.6033596 0.6011856 0.5898287 0.5897171 0.5460896 -9999 -9999 -9999 -9999 -9999 -9999 -9999 -9999 -9999 -9999 -9999 -9999 -9999 -9999 -9999 0.8511344 -9999 -9999 -9999 -9999 -9999 -9999 -9999 -9999 -9999
0.4011377 0.4258322 0.443724 0.4470664 0.4306309 0.3676543 0.4009418 0.4381496 0.5042471 0.4883612 0.5174538 0.5283462 0.5176961 0.5291203 0.5273712 0.488724 0.4973035 0.5054319 0.5123295 0.5160955 0.4736897 0.4687608 0.4349558 0.4478476 0.4862948 0.5431244 0.5643145 0.5526942 0.5507563 0.5718287 0.5780975 -9999 0.5161639 0.5481933 0.5529319 0.5600247 0.5741512 0.6056821 0.6044081 0.5805506 0.5359751 0.513996 0.5554108 -9999 -9999 -9999 -9999 -9999 -9999 -9999 -9999 -9999 -9999 -9999 -9999 -9999 -9999 -9999 -9999 -9999 -9999 -9999 -9999 -9999 -9999 -9999 -9999
0.4741027 0.4849311 0.4892421 0.4920009 0.4970889 0.4573791 0.4673421 0.4996548 0.5075158 0.4721245 0.4828681 0.5351293 0.5228814 0.5232855 0.5289156 0.5055099 0.4956958 0.5095181 0.5183005 0.4612941 0.439246 0.5505222 0.5533304 0.5338807 0.5179727 0.526384 0.5606802 0.5707604 0.5583623 0.5524668 0.5697387 -9999 -9999 -9999 0.5673258 0.5820503 0.5809516 -9999 0.589849 0.5634144 0.5659179 0.5383788 0.5612643 0.5599943 0.5828404 0.6069192 -9999 -9999 -9999 -9999 -9999 -9999 -9999 -9999 -9999 -9999 -9999 -9999 -9999 -9999 -9999 -9999 -9999 -9999 -9999 -9999 -9999
0.4807083 0.4883736 0.4728439 0.4876063 0.5098052 0.5176103 0.5074591 0.5014653 0.5005631 0.5123256 0.5049831 0.5279155 0.5090956 0.5231005 0.5188632 0.5222932 0.5118291 0.5227882 0.460711 0.3152228 0.4419641 0.5179806 0.4381337 0.4782625 0.535598 0.5492726 0.5544308 0.5605908 -9999 0.5354638 0.554667 -9999 -9999 -9999 -9999 0.605344 0.6019318 0.5886134 0.5794076 0.5690761 0.5730813 0.5505078 0.6105483 0.5857725 0.5847641 0.6118129 -9999 -9999 -9999 -9999 0.6261451 -9999 -9999 -9999 -9999 -9999 -9999 -9999 -9999 -9999 -9999 -9999 -9999 -9999 -9999 -9999 -9999
0.4656806 0.4481853 0.4410166 0.4826133 0.5086041 0.5281893 0.5240723 0.5127367 0.51733 0.5227796 0.5354932 -9999 0.4533079 0.4764955 0.5047026 0.5208765 0.5112954 0.5339371 0.4058017 0.368742 0.5729121 0.4928743 0.5006933 0.5482975 0.5474606 0.5604284 0.5614582 0.5521443 -9999 0.5294669 0.5515078 -9999 0.6117494 0.6205052 -9999 0.611854 -9999 0.5904196 0.5816991 0.581608 0.5732352 0.5505582 -9999 -9999 -9999 -9999 0.545665 0.5398522 -9999 -9999 -9999 -9999 -9999 -9999 -9999 -9999 -9999 -9999 -9999 -9999 -9999 -9999 -9999 -9999 -9999 -9999 -9999
0.480581 0.4436409 0.42204 0.4557804 -9999 0.5131401 0.5579305 0.5275227 0.5189404 0.5205969 -9999 -9999 0.4155466 0.3602066 0.4841504 0.5083639 0.5256498 0.4809112 0.4347163 0.4074735 0.5473604 0.4852047 0.5370564 0.5505089 0.5623545 0.5674711 0.5809238 0.5586812 0.5476347 0.5391801 0.5455201 -9999 0.6070882 0.6249422 0.5678118 0.5986722 0.6046388 0.5915268 0.5910364 0.598112 0.5674983 0.5397966 0.5930933 -9999 -9999 -9999 -9999 -9999 -9999 -9999 -9999 -9999 -9999 -9999 -9999 -9999 -9999 -9999 -9999 -9999 -9999 -9999 -9999 -9999 -9999 -9999 -9999
0.4580603 0.4231709 0.3996898 0.411973 0.4920245 0.5337892 0.5503174 0.5218571 0.5247949 0.520123 0.5179292 0.5473176 0.4121592 0.3075567 0.40345 0.4402025 0.4603392 0.4417714 0.539392 -9999 0.5464995 0.4992294 0.5478187 0.5709226 0.5759011 0.5736268 0.5925977 0.5935141 0.5813997 -9999 0.5631662 0.5961432 0.6035163 0.5944129 0.5177812 0.5082086 0.5981215 0.5757867 0.5930638 0.6069974 0.5522186 0.5554786 -9999 -9999 -9999 -9999 -9999 -9999 -9999 -9999 -9999 -9999 -9999 -9999 -9999 -9999 -9999 -9999 -9999 -9999 -9999 -9999 -9999 -9999 -9999 -9999 -9999
