projects/spp-inf/Zonation runs/Test data/Species/species7.asc
ncols         649
nrows         555
xllcorner     294205
yllcorner     6283604.6
cellsize      0.200
NODATA_value  -9999
[rows 210 to 239 of 555, columns 67 to 133 of 649]
0.08885084 0.100479 0.09503194 0.08621548 0.08838738 0.0992078 0.1180401 0.1049361 0.1080693 0.1003049 0.1123273 0.1475007 0.1328943 0.1344287 0.126211 0.1250356 0.1253532 0.1306604 0.1322636 -9999 -9999 -9999 -9999 -9999 -9999 -9999 -9999 -9999 -9999 -9999 -9999 0.09347671 0.1071469 0.09428278 0.114785 0.1325003 0.1464638 0.1419017 0.1844851 0.2367834 0.2574125 0.3672579 0.4907566 0.5201661 0.5208589 0.592605 0.6081297 0.5948805 0.5402488 0.519187 0.5404409 0.5980364 0.5742033 0.6076595 0.592949 0.6169562 0.5962675 0.5548056 0.5209016 0.5039361 0.5377192 0.5220543 0.5409607 0.5408887 0.5451956 0.5894165 0.6151171
0.08852754 0.1020878 0.09455708 0.09198877 0.08661133 0.1061016 0.1209759 0.1195702 0.1079843 0.1073563 0.1044115 0.1323694 0.1178342 0.1204513 0.1294021 0.1274661 0.1339369 0.1347809 0.1297943 -9999 -9999 -9999 -9999 -9999 -9999 -9999 -9999 -9999 -9999 -9999 -9999 0.1004101 0.1018802 0.1012067 0.1094447 0.109875 0.1408934 0.1328245 0.1876128 0.2616096 0.291944 0.4025416 0.4778841 0.4863359 0.5061641 0.5736163 0.5879073 0.5402388 0.5034106 0.5355017 0.5655424 0.5486852 0.5543551 0.5685644 0.5587143 0.6033557 0.562558 0.5392702 0.5184829 0.4917968 0.5157621 0.5235709 0.5360041 0.5348963 0.5497012 0.5812645 0.5937898
0.0930761 0.1024911 0.1137813 0.1171959 0.1016387 0.1055038 0.1152457 0.1328949 0.1200355 0.1171337 0.1102874 0.1240119 0.1332734 0.1141183 0.1174326 0.1273708 0.1417897 0.1337937 0.1309836 0.1321297 0.136092 0.132466 -9999 -9999 -9999 0.09970656 -9999 -9999 -9999 -9999 0.1033107 0.09786531 0.09402958 0.09494883 0.09465816 0.1216112 0.1399638 0.1455076 0.2193013 0.2781204 0.3206005 0.4226573 0.4464113 0.4472879 0.494054 0.5562539 0.582919 0.5561831 0.5200384 0.5202444 0.5218458 0.5147772 0.5087692 0.5117273 0.5177224 0.5716423 0.5901451 0.5514002 0.504943 0.4692101 0.4949387 0.474256 0.5119197 0.5541985 0.5903813 0.574607 0.5467746
0.1029702 0.109487 0.1276932 0.1487351 0.1397219 0.1247857 0.1218963 0.1314105 0.1577995 0.1314071 0.1141908 0.1292725 0.1252069 0.1164146 0.1221219 0.1440286 0.1293506 0.1277113 0.1334633 0.1349698 0.1287679 0.1167827 -9999 -9999 0.112007 0.1178354 0.09402085 0.09120078 0.09465729 0.09003176 0.08699638 0.08014543 0.08160173 0.0964179 0.1192314 0.1431676 0.1461732 0.1712247 0.2254104 0.2714738 0.3391716 0.4048927 0.4145001 0.446948 0.5055547 0.5593908 0.5625642 0.5665596 0.5686275 0.5205314 0.5053222 0.482617 0.4593375 0.4844935 0.5337356 0.5366772 0.5287951 0.5504376 0.52053 0.474143 0.4737049 0.4861891 0.5116342 0.546559 0.5636655 0.5530087 0.4819459
0.1571492 0.1384072 0.1579946 0.1803192 0.2193886 0.1772151 0.1699133 0.1699519 0.1935482 0.174188 0.1414982 0.14259 0.1537094 0.1316777 0.1408332 0.1282829 0.1303357 0.1370516 0.1500488 0.1402063 0.1279016 0.1085092 0.1031808 0.09293145 0.1091352 0.1130868 0.1080206 0.1006104 0.09796481 0.08427372 0.08047751 0.08067671 0.1010328 0.1112778 0.1372558 0.1368314 0.1532123 0.1886252 0.2537373 0.2913956 0.3913397 0.4499733 0.4644245 0.4795252 0.5316734 0.5409952 0.5167328 0.5376822 0.5585725 0.5185077 0.506091 0.4936233 0.4665011 0.4970844 0.509709 0.4978177 0.494979 0.5448486 0.5007942 0.4692354 0.4622972 0.4862733 0.5317417 0.5343248 0.5027456 0.5423676 0.4822639
0.2017274 0.2045273 0.2016713 0.2278144 0.2526191 0.2761832 0.2296111 0.2252342 0.2611619 0.2458726 0.1785141 0.1752397 0.1918164 0.1848374 0.1763269 0.1447186 0.1398014 0.1602287 0.1455673 0.1315358 0.1263489 0.11207 0.1096905 0.1089127 0.09796117 0.115876 0.1083573 0.09575926 0.09411235 0.08798984 0.09624425 0.1016198 0.1071624 0.1209349 0.1370273 0.1438857 0.1683614 0.2309499 0.2844016 0.3074066 0.3956746 0.439847 0.4781418 0.5200024 0.5003211 0.5261376 0.5125295 0.4860481 0.5323518 0.559711 0.5178588 0.4875085 0.4485115 0.4749842 0.4539343 0.4489975 0.4667989 0.5131156 0.4504621 0.427179 0.4208605 0.4272964 0.4316795 0.453235 0.4461536 0.5256953 0.4893911
0.2354779 0.2749187 0.2713107 0.2643836 0.2737373 0.3145225 0.3343311 0.3439043 0.3406093 0.3303054 0.2436287 0.2253737 0.2577889 0.2187677 0.1868293 0.1725739 0.1751684 0.1762806 0.1543448 0.1402256 0.1363099 0.1135243 0.1251538 0.1118819 0.1045579 0.1249847 0.1134136 0.1100836 0.1029199 0.0958606 0.09445037 0.1161176 0.1200049 0.1269735 0.1608402 0.1892444 0.2003834 0.2534899 0.2963113 0.3772811 0.4356715 0.4615909 0.4868202 0.4951477 0.456437 0.5095844 0.4963694 0.4705403 0.4953712 0.5402089 0.4862365 0.4514985 0.4261777 0.4306813 0.4244608 0.4282555 0.4362814 0.4654022 0.4388329 0.3830924 0.3516494 0.3881776 0.4095747 0.4540725 0.4847106 0.4952884 0.4395692
0.2545478 0.2667962 0.3171846 0.3168569 0.2928157 0.3125091 0.3528178 0.3604286 0.3474954 0.4055169 0.3859853 0.3382589 0.3382321 0.2905992 0.2233877 0.2066855 0.2213386 0.2047369 0.1670259 0.1679207 0.1602754 0.1400203 0.1486234 0.1324891 0.1220041 0.1348819 0.1134278 0.107989 0.1100187 0.09971409 0.09705722 0.1328526 0.1259499 0.1369268 0.1888591 0.1992505 0.2299357 0.2749878 0.3315602 0.3772783 0.4399467 0.4440586 0.4818066 0.4535539 0.4417869 0.4822749 0.4535645 0.4348343 0.4548201 0.5035415 0.4819777 0.4614063 0.4474894 0.4090975 0.403027 0.4170268 0.424762 0.425536 0.3709432 0.3341626 0.3371188 0.3694292 0.4062209 0.4666865 0.4435236 0.4634806 0.3985177
0.2256138 0.2572903 0.3200373 0.3413549 0.3365614 0.3368062 0.3455853 0.3582485 0.3685498 0.3930075 0.4442621 0.4322839 0.4083021 0.3483361 0.2732409 0.2522674 0.2975387 0.2368732 0.2180598 0.2277744 0.1921428 0.1752051 0.1781127 0.1535209 0.1641127 0.1424283 0.1271822 0.1244155 0.1173454 0.1163714 0.1223617 0.142532 0.147114 0.1639091 0.1982246 0.225894 0.2743106 0.2962452 0.3640966 0.3968179 0.4089717 0.3974825 0.4313257 0.4103589 0.4081751 0.4627992 0.4593271 0.4164832 0.4308071 0.4800411 0.4234993 0.4135078 0.4160469 0.3788756 0.384366 0.3714031 0.353787 0.3927315 0.3505028 0.3292691 0.3059 0.3269686 0.3643489 0.4336673 0.3949625 0.4299666 0.3985023
0.2624299 0.2758334 0.3111381 0.3800874 0.3394749 0.3434665 0.340882 0.3388207 0.3674698 0.4119522 0.4131665 0.4178649 0.4772412 0.4376603 0.3624634 0.3285451 0.3606933 0.3118472 0.3193303 0.2957141 0.2420926 0.2283598 0.2469988 0.2353682 0.2208566 0.1783196 0.1648444 0.1517572 0.149441 0.1540475 0.1691426 0.1705995 0.2059414 0.2023769 0.2366261 0.2712965 0.3054932 0.3387979 0.3481047 0.3813038 0.3753777 0.3834354 0.3948571 0.3764222 0.3885006 0.4445807 0.4268146 0.4072178 0.427161 0.4670578 0.40177 0.3648841 0.345818 0.3547398 0.3363116 0.3447894 0.3317425 0.3641477 0.3438079 0.3131793 0.307874 0.3241892 0.3670506 0.4137001 0.3713682 0.3791918 0.4022223
0.3132752 0.3408068 0.3627297 0.3980252 0.3576295 0.3503788 0.3300706 0.3451668 0.3690453 0.3947056 0.412189 0.4289521 0.4968782 0.4931487 0.4336829 0.448927 0.4525222 0.4209904 0.3866019 0.335761 0.3023474 0.3254327 0.3232613 0.2574085 0.2525342 0.2353949 0.2083371 0.1914003 0.1891475 0.2193011 0.2092452 0.2337742 0.2496198 0.2472812 0.271165 0.3019252 0.3140556 0.3524026 0.3409522 0.3693912 0.3553729 0.364074 0.3658776 0.3536987 0.396481 0.4439209 0.3988424 0.3931104 0.4114071 0.4599738 0.4120142 0.359285 0.3191445 0.3495344 0.3224936 0.2954985 0.3170776 0.3413485 0.3210297 0.3250867 0.3254256 0.3533101 0.3734415 0.3906528 0.3521818 0.35551 0.375519
0.2822135 0.3232374 0.3287379 0.3780465 0.3910681 0.3616975 0.3588862 0.3738431 0.380363 0.3653298 0.4170035 0.4682066 0.508821 0.5264667 0.4910682 0.5117577 0.5225645 0.4498633 0.4086483 0.3923095 0.395676 0.434864 0.381308 0.3182052 0.2908216 0.2804267 0.2610316 0.2534347 0.2933289 0.3009638 0.3023257 0.2974776 0.2894316 0.2863263 0.2583444 0.2697286 0.3071445 0.3240524 0.317578 0.3467846 0.3354603 0.317556 0.3267841 0.3356729 0.3935869 0.4364042 0.4028283 0.3989893 0.3961 0.426508 0.3882409 0.3519297 0.3355463 0.3326789 0.2944039 0.2912992 0.308778 0.3178037 0.2936189 0.2897944 0.2987166 0.3276119 0.3282582 0.3726145 0.3331409 0.336202 0.3402505
0.2725901 0.2911156 0.3050907 0.3547517 0.3861159 0.3557561 0.3405928 0.3639674 0.4078164 0.4001604 0.4246513 0.4447446 0.5014796 0.5502155 0.5562803 0.5549517 0.5516242 0.501514 0.4731812 0.4991687 0.504507 0.4914737 0.4376338 0.3863343 0.3589436 0.3503134 0.3583974 0.3683508 0.3639959 0.331868 0.3320928 0.3597592 0.3216429 0.2956365 0.2735194 0.3039939 0.3093512 0.3172581 0.3120207 0.340423 0.3601484 0.336891 0.3209408 0.3532712 0.3979883 0.4105957 0.3884325 0.3789209 0.38558 0.4128095 0.3554067 0.315072 0.3045991 0.3054674 0.2886165 0.2800449 0.2863685 0.2903419 0.2789875 0.2694947 0.2908849 0.2890619 0.3134269 0.3562504 0.3162949 0.3225312 0.3076794
0.2659157 0.2621931 0.305431 0.3324377 0.4077344 0.3795663 0.3472027 0.3485315 0.4121822 0.4562679 0.4750124 0.5056608 0.5405208 0.5539523 0.5573262 0.5670879 0.5647131 0.5557097 0.562584 0.5483331 0.5260026 0.5076472 0.4953854 0.4991197 0.4803244 0.4540127 0.4176786 0.3866743 0.3676986 0.3570194 0.3313912 0.3514555 0.3369741 0.3131908 0.2748797 0.3124585 0.3128012 0.3030326 0.3214388 0.3312863 0.3412857 0.356658 0.3429801 0.3837851 0.3749401 0.3925142 0.3922536 0.3659478 0.3778143 0.3664422 0.3402308 0.3240384 0.3066731 0.2930544 0.2708854 0.2904642 0.2818488 0.2683777 0.2802265 0.2752823 0.286311 0.3007725 0.3250757 0.299512 0.295977 0.3064213 0.2913679
0.326644 0.3050561 0.3204746 0.372937 0.4075901 0.3935708 0.3461193 0.3485794 0.370961 0.4016175 0.4315443 0.4696451 0.4859666 0.5445651 0.5248324 0.5349672 0.5825999 0.5867027 0.5914063 0.5497293 0.4931013 0.493195 0.4929121 0.4894606 0.4784687 0.4301859 0.4009509 0.3886673 0.3779503 0.3755584 0.3688431 0.3212325 0.3286934 0.3093841 0.2805743 0.3053575 0.2957994 0.3269764 0.3260692 0.3089242 0.3427393 0.3579332 0.3616129 0.3790529 0.3843384 0.3586777 0.3443993 0.3450678 0.3707975 0.3516804 0.3258134 0.3209576 0.329925 0.2807633 0.2647095 0.2818064 0.2683367 0.2641021 0.2825146 0.2825643 0.3099709 0.2730026 0.3305327 0.30044 0.2775125 0.2702624 0.2696126
0.3390939 0.3599361 0.367375 0.3754639 0.3557075 0.3991227 0.3882727 0.3992043 0.3706452 0.3860523 0.416431 0.4462768 0.4746026 0.5155849 0.504155 0.5316622 0.5829486 0.5717965 0.5619627 0.5123346 0.5075547 0.4932195 0.4870011 0.4791445 0.465198 0.438896 0.4312996 0.4256421 0.4356533 0.4143591 0.376995 0.3750198 0.3326856 0.2958014 0.2773004 0.2837217 0.3020134 0.3353625 0.3078112 0.2904179 0.3421658 0.3621178 0.3409618 0.3704738 0.3645516 0.3564818 0.3234897 0.3414691 0.3554863 0.335988 0.291813 0.2819555 0.3123805 0.2782782 0.2834009 0.2673899 0.2806917 0.2798396 0.270341 0.2760926 0.2808922 0.2657087 0.2663202 0.2791108 0.2839454 0.2779014 0.2813848
0.3114038 0.3068309 0.3277016 0.3281385 0.3258413 0.3662994 0.4015542 0.3793611 0.3734412 0.4296471 0.4483308 0.4536953 0.432901 0.5022376 0.5096142 0.5514237 0.6013108 0.5869669 0.5371263 0.542087 0.5235053 0.5102472 0.5046592 0.4982852 0.4870978 0.4886435 0.4719425 0.4426318 0.4075744 0.4027407 0.3842809 0.361534 0.3493848 0.315326 0.3342291 0.3199515 0.3032763 0.3003597 0.3056532 0.3413194 0.3504875 0.338133 0.31553 0.3362556 0.3756884 0.3535366 0.3145038 0.3283097 0.3339317 0.2841437 0.2684776 0.2566592 0.2608539 0.25202 0.2849151 0.2752776 0.2568145 0.2764466 0.2530973 0.2594291 0.2374311 0.2519339 0.2727244 0.2532237 0.2676548 0.2776574 0.2964002
0.2949854 0.3060082 0.3106523 0.3164588 0.3131354 0.3277201 0.3947451 0.4059883 0.3876921 0.4641752 0.4713178 0.4540536 0.4695325 0.5001723 0.5333757 0.5659813 0.6131615 0.606503 0.5793496 0.5917534 0.5949747 0.5748004 0.5762914 0.5649178 0.5550284 0.4923869 0.4509219 0.4492829 0.4315175 0.3817216 0.394486 0.3756057 0.3422986 0.3368306 0.3694415 0.3526891 0.3127262 0.3173848 0.2983595 0.3320902 0.3227825 0.3204888 0.3045504 0.3316297 0.3396492 0.3462452 0.3172117 0.2994564 0.3059588 0.2646571 0.2781033 0.2763065 0.250195 0.2386574 0.256403 0.243944 0.2513546 0.2418841 0.2444162 0.218569 0.2007375 0.217519 0.2227222 0.2219775 0.2318563 0.2508954 0.2652455
0.2895065 0.3035191 0.3165128 0.3127987 0.3547181 0.3899197 0.3811575 0.4159142 0.4457799 0.4831282 0.4760147 0.4738371 0.4883 0.5054746 0.5826457 0.5938418 0.6230455 0.6140717 0.6212812 0.6184028 0.6175406 0.6114201 0.5789912 0.5877607 0.5434717 0.4893491 0.4633694 0.4453877 0.4154801 0.3933623 0.3978734 0.3765723 0.3604304 0.3431245 0.3433168 0.352451 0.3427463 0.3427001 0.3129118 0.2975118 0.2886301 0.303151 0.3025933 0.2954836 0.307608 0.3186702 0.3030945 0.2848363 0.274075 0.2802339 0.2937745 0.2830876 0.2350166 0.2286386 0.2351005 0.2269693 0.2315686 0.2311384 0.2160618 0.2114185 0.1894368 0.1947347 0.2069363 0.1955595 0.20453 0.2156428 0.2217428
0.2912717 0.3041269 0.3379179 0.3569295 0.3719652 0.3693996 0.3445525 0.4003133 0.4420804 0.4883046 0.5094687 0.525139 0.5465078 0.5161506 0.5400971 0.6179259 0.6203573 0.5942329 0.6062108 0.60976 0.5963132 0.5941421 0.5769246 0.5487392 0.5651282 0.5573636 0.5185775 0.4900445 0.4640168 0.4362032 0.3904704 0.3753121 0.3701744 0.3685561 0.3312935 0.3343538 0.3485577 0.3416474 0.3325192 0.2973233 0.3109089 0.3189973 0.2992368 0.3520937 0.3055812 0.3138731 0.3159529 0.3090552 0.3067663 0.3239851 0.2960857 0.2675237 0.2190348 0.2262289 0.2195579 0.2019571 0.2189683 0.2131625 0.1942879 0.1837227 0.1838521 0.1866319 0.1833712 0.19195 0.1896583 0.1916187 0.2107332
0.3156103 0.3178175 0.3252452 0.330027 0.3459009 0.3547146 0.3522591 0.3675911 0.4337874 0.4533618 0.5204862 0.5458828 0.5579935 0.5692002 0.5740367 0.6148339 0.5994145 0.585333 0.5537987 0.5549658 0.5626879 0.5486371 0.5585727 0.535009 0.5370047 0.5373834 0.479235 0.4744524 0.4306343 0.408161 0.394953 0.3872947 0.3772109 0.3649747 0.350345 0.3461869 0.334388 0.3419587 0.314428 0.2903439 0.3273336 0.3428962 0.3338118 0.333966 0.3022936 0.3081219 0.3290662 0.3441312 0.3434551 0.3460202 0.3033849 0.2719482 0.2216259 0.2119988 0.1934573 0.2117263 0.2077768 0.2041347 0.1821858 0.1809133 0.1854773 0.1760927 0.1740515 0.1761652 0.180923 0.203295 0.2105015
0.3821267 0.3415414 0.336792 0.3234681 0.3397716 0.3579485 0.351485 0.3802261 0.415076 0.4187874 0.4851841 0.539205 0.5744835 0.5675179 0.5955008 0.5995959 0.579486 0.5427729 0.5569102 0.5446615 0.5408354 0.5325743 0.5302688 0.5229123 0.5022565 0.4794827 0.4460656 0.4299347 0.4195984 0.3880368 0.3755698 0.3764198 0.3946337 0.3697894 0.3658286 0.3396531 0.3412976 0.3345605 0.3108688 0.3040688 0.3126936 0.3446483 0.3436091 0.3367339 0.3073177 0.3203335 0.323129 0.3331525 0.3594446 0.3193944 0.2718767 0.2642334 0.2478515 0.2516097 0.2198952 0.2054903 0.1924576 0.1876908 0.1789901 0.1904413 0.1857842 0.1819506 0.1678804 0.1783643 0.1780166 0.2139314 0.2039749
0.4268192 0.3953894 0.3591608 0.3562997 0.3826317 0.3888275 0.3827118 0.3755491 0.4038438 0.4373962 0.4501042 0.4892984 0.5492688 0.5635571 0.6169581 0.5891778 0.5421965 0.5389562 0.5538452 0.559874 0.5457997 0.5296085 0.528979 0.5267251 0.4664623 0.4381713 0.4051327 0.4151705 0.4094745 0.4046693 0.3924124 0.4137586 0.3614871 0.3713635 0.3676793 0.3483689 0.3459458 0.357983 0.3339632 0.3222209 0.3022587 0.3274443 0.3603062 0.3192586 0.3280433 0.3197946 0.3179879 0.3171081 0.3687728 0.3268932 0.2814424 0.2647018 0.2602225 0.2658036 0.2343266 0.2142319 0.1980065 0.2084417 0.1893808 0.1723535 0.1724899 0.1673705 0.1861335 0.1813707 0.1906034 0.185442 0.1834889
0.4426596 0.4073038 0.3980215 0.3756357 0.4404524 0.4056847 0.4023041 0.3797541 0.3956273 0.4444089 0.4440531 0.4567371 0.4916624 0.5571405 0.5976591 0.578379 0.5702759 0.5906622 0.5874376 0.5771817 0.5556278 0.5544935 0.5296847 0.5052562 0.4766559 0.4503052 0.4352116 0.4540959 0.475668 0.4589675 0.4222184 0.3952571 0.3859918 0.3692777 0.3782254 0.3450105 0.3364882 0.3635554 0.3719132 0.351092 0.3411589 0.3452746 0.3770287 0.3322867 0.3475494 0.3580742 0.3493115 0.3369057 0.3621813 0.3492754 0.305743 0.2966437 0.278387 0.2889078 0.2605128 0.2413383 0.2359333 0.2295395 0.1916671 0.1992815 0.214042 0.1975658 0.2093075 0.2140325 0.1816111 0.188809 0.1954176
0.4590009 0.4399502 0.4479967 0.4476958 0.4631559 0.4159454 0.4298244 0.4186124 0.43709 0.5013143 0.4811106 0.4697483 0.4892053 0.5482778 0.597644 0.5762324 0.5644767 0.5814983 0.5951331 0.5692134 0.5717691 0.5302734 0.533824 0.527385 0.5037329 0.4804352 0.4879847 0.4723451 0.4338082 0.4331804 0.4048031 0.3950706 0.3702728 0.3695777 0.3693076 0.3653279 0.3511601 0.3542734 0.3469151 0.384301 0.3907061 0.3755236 0.3594027 0.3772214 0.387347 0.3905954 0.3833275 0.3921914 0.3968138 0.3802786 0.355902 0.3185183 0.2698129 0.2977324 0.2921385 0.2686957 0.2423405 0.2691676 0.2209675 0.2295754 0.2425006 0.2209254 0.2350661 0.2256183 0.2009833 0.2189672 0.231894
0.4589129 0.4615523 0.4501946 0.470922 0.4651372 0.4812374 0.4634324 0.4391018 0.4532962 0.4897268 0.5352225 0.5225568 0.5236914 0.5493817 0.5973635 0.5667259 0.553751 0.5278114 0.5405088 0.5355833 0.563235 0.5530081 0.5589752 0.534813 0.5171584 0.5078514 0.4791687 0.4631237 0.47567 0.4457487 0.4398042 0.4093286 0.3788215 0.3644067 0.3669742 0.3656407 0.3762117 0.3644477 0.3371347 0.3506705 0.3411643 0.3542555 0.335476 0.3571537 0.3684987 0.3553306 0.3515388 0.3789348 0.3567142 0.377417 0.3951038 0.3556434 0.3148563 0.3191871 0.3274554 0.2874377 0.2565499 0.2786142 0.2677552 0.2680025 0.2759224 0.2594796 0.2535684 0.2420007 0.2237119 0.2576205 0.2589129
0.4696091 0.4766131 0.4570489 0.4962602 0.4970992 0.5047823 0.5012982 0.474344 0.46473 0.5084662 0.5482324 0.542718 0.5609071 0.5862114 0.6059498 0.5799563 0.5837904 0.5836369 0.5860529 0.596514 0.5949847 0.6030022 0.5897316 0.5663835 0.5493491 0.4919714 0.4543659 0.4450644 0.429204 0.4451036 0.4273885 0.4085499 0.4081094 0.3882015 0.3862259 0.3686275 0.3767399 0.3599311 0.3385895 0.3506979 0.3505185 0.3365268 0.3380648 0.3236901 0.335902 0.3467997 0.3389508 0.340287 0.3399346 0.3538554 0.3812753 0.3772692 0.390456 0.3849156 0.3518263 0.345286 0.2919505 0.3014713 0.3058393 0.2902268 0.2964336 0.2865061 0.2762099 -9999 0.2757359 0.2751145 0.2444454
0.481969 0.4792264 0.4800824 0.5025668 0.5274988 0.4921364 0.4733664 0.4749669 0.4766164 0.4830675 0.5237724 0.5206155 0.5688916 0.6115979 0.5750072 0.5709862 0.5686499 0.5698205 0.575589 0.5761282 0.5860682 0.5879506 0.5495143 0.5014653 0.4937738 0.4809543 0.4647038 0.4184254 0.4062821 0.4048004 0.4305139 0.396835 0.3991871 0.388008 0.3769236 0.3551228 0.3699296 0.3525479 0.3662162 0.3772166 0.3808395 0.3719529 0.3731479 0.3670428 0.3628529 0.3662499 0.3642705 0.3630562 0.3806186 0.3747272 0.3960463 0.4238354 0.3766981 0.3535216 0.3318948 0.3362657 0.3233764 0.3248492 0.3051466 0.3055049 0.2792867 0.3001871 0.2882198 0.2675792 -9999 0.2803595 0.2635264
0.4730915 0.4821151 0.4907863 0.506256 0.5108566 0.5205572 0.5119947 0.5156394 0.5049717 0.4820066 0.4912426 0.5156323 0.5763391 0.608855 0.5606416 0.5132745 0.5590579 0.5430059 0.5390844 0.5348207 0.5044332 0.5581552 0.5616187 0.4871604 0.4649464 0.4536998 0.4392025 0.4304361 0.4037361 0.3902552 0.4116938 0.4006142 0.3711287 0.3813452 0.3979445 0.3670178 0.3595437 0.3796799 0.3683115 0.3778966 0.3723429 0.3638766 0.3944662 0.3806859 0.4015417 0.4069449 0.4198345 0.4387854 0.4396204 0.4423245 0.4386764 0.4033537 0.3711792 0.3430835 0.3349189 0.3307033 0.321679 0.3113881 0.2899254 0.2848185 0.2953509 0.2974665 0.2798718 0.2853163 0.2877814 0.2830142 0.2745058
0.4370391 0.4538004 0.4661372 0.4952741 0.5234251 0.5626162 0.5302408 0.5125157 0.4947926 0.4882077 0.5019467 0.5272902 0.5838735 0.6119928 0.5638137 0.5075074 0.4892153 0.4910904 0.4879838 0.4962905 0.4953904 0.498384 0.5050119 0.500779 0.4598159 0.4417207 0.40325 0.4248064 0.4067473 0.3973926 0.3782175 0.3922142 0.4070843 0.3922847 0.3799961 0.4013034 0.3949423 0.399038 0.3958189 0.4158333 0.3900127 0.3898971 0.3950228 0.3619967 0.3764786 0.377002 0.4074777 0.3905827 0.4377879 0.4048871 0.3921199 0.3917742 0.359453 0.3412646 0.3373213 0.3250746 0.3181211 0.3294738 0.33648 0.3271116 0.3238962 0.3168713 0.3134429 0.2909971 0.275306 0.2649162 0.251986
