projects/spp-inf/Zonation runs/Test data/Output/out_missingSp7.prop.asc
ncols        649
nrows        555
xllcorner    294205.000000000000
yllcorner    6283604.599999999600
cellsize     0.200000000000
NODATA_value     -1
[rows 26 to 51 of 555, columns 406 to 463 of 649]
0.0225129 0.0205354 0.0240232 0.0200563 0.0225129 0.0210223 0.0261107 0.0386090 0.0467486 0.0574803 0.0763205 -1.0000000 0.2544591 0.2493621 0.3082211 -1.0000000 0.3962899 0.4507731 0.4754084 0.5486941 0.7589631 -1.0000000 -1.0000000 -1.0000000 0.3695006 0.4912592 0.5612141 -1.0000000 -1.0000000 -1.0000000 0.8437685 -1.0000000 -1.0000000 -1.0000000 -1.0000000 -1.0000000 -1.0000000 0.6038115 -1.0000000 0.1915690 0.1961520 -1.0000000 0.1572840 0.1460261 0.1460261 0.1511943 0.1793687 0.2158071 0.2004901 0.1947712 0.2028030 0.1655408 0.1606541 0.1772017 0.1786361 0.1847443 0.1961520 0.2004901
0.0316945 0.0266501 0.0195502 0.0195502 0.0195502 0.0200563 0.0205354 0.0299526 0.0429279 0.0339625 0.0467486 0.0677140 0.0962267 0.1539655 0.2284824 0.3298270 0.2586165 0.3685313 0.3378751 0.4034262 0.6212459 -1.0000000 -1.0000000 -1.0000000 0.6447966 -1.0000000 -1.0000000 -1.0000000 -1.0000000 0.8295237 -1.0000000 0.8295237 0.8051894 0.3750437 0.2409959 0.1683956 0.1728871 0.1750602 0.1819664 0.1626728 0.1300080 0.1307395 0.1343439 0.1300080 0.1475055 0.1497496 0.1728871 0.1606541 0.1655408 0.2035717 0.2028030 0.1662662 0.1497496 0.1633782 0.1826685 0.1793687 0.1854594 0.1954725
0.0677140 0.0305285 0.0190633 0.0190633 0.0200563 0.0200563 0.0200563 0.0205354 0.0311171 0.0368162 0.0422698 0.0581070 0.0712099 0.1336646 0.1954725 0.1876600 0.2190503 0.2058142 0.2158071 0.2166033 0.4707789 -1.0000000 0.7436341 0.7634070 -1.0000000 -1.0000000 -1.0000000 -1.0000000 -1.0000000 -1.0000000 -1.0000000 -1.0000000 -1.0000000 0.3210585 0.1826685 0.1691707 0.1691707 0.1698591 0.1778945 0.1234896 0.1227361 0.1219980 0.1143769 0.1127748 0.1183043 0.1227361 0.1249518 0.1424406 0.1728871 0.1460261 0.1350518 0.1314647 0.1403140 0.1706659 0.1869220 0.1800492 0.1800492 0.1826685
0.0339625 0.0200563 0.0195502 0.0185518 0.0195502 0.0195502 0.0200563 0.0240232 0.0305285 0.0404341 0.0386090 0.0500734 0.0805167 0.1518976 0.1539655 0.1121040 0.1056167 0.1035253 0.1084638 -1.0000000 0.2892205 -1.0000000 0.7196072 0.7634070 0.7655324 -1.0000000 -1.0000000 0.8142885 -1.0000000 -1.0000000 -1.0000000 -1.0000000 0.5782577 0.4438741 0.1698591 0.1698591 0.1706659 0.1721486 0.1743432 0.1655408 0.1445748 0.1350518 0.1190578 0.1049340 0.1028088 0.1049340 0.1077384 0.1152140 0.1234896 0.1167871 0.1227361 0.1249518 0.1321953 0.1525952 0.1862078 0.1876600 0.1813557 0.1899642
0.0170875 0.0175583 0.0180584 0.0185518 0.0190633 0.0195502 0.0220129 0.0225129 0.0235063 0.0282609 0.0299526 0.0422698 0.0812567 0.1063090 0.0969864 0.0906056 0.0977331 0.1035253 0.0954732 0.1175354 -1.0000000 -1.0000000 0.6899599 0.7571551 0.7655324 -1.0000000 -1.0000000 0.8051894 -1.0000000 -1.0000000 -1.0000000 -1.0000000 -1.0000000 0.4438741 0.3396581 0.3025669 0.2493621 0.2730976 0.1772017 0.1489599 0.1190578 0.1021226 0.0933937 0.0863572 0.0913149 0.0927153 0.0992200 0.1167871 0.1160126 0.1167871 0.1278184 0.1264021 0.1278184 0.1363387 0.1585979 0.1840533 0.1876600 0.1819664
0.0271573 0.0175583 0.0180584 0.0185518 0.0299526 0.0733972 0.0593343 0.0441990 0.0422698 0.0282609 0.0282609 0.0410563 0.0617223 0.0712099 0.0777397 0.0819752 0.0741007 0.0574803 0.0561951 0.0841458 0.1152140 0.2679360 -1.0000000 -1.0000000 -1.0000000 -1.0000000 -1.0000000 0.7885948 -1.0000000 -1.0000000 -1.0000000 -1.0000000 0.6406839 0.4832557 0.3971140 0.2610666 0.2468207 0.2900536 0.1947712 0.1396121 0.1314647 0.1077384 0.0812567 0.0763205 0.0784106 0.0812567 0.0985126 0.1249518 0.1369932 0.1403140 0.1403140 0.1271607 0.1285472 0.1489599 0.1626728 0.2351719 0.2644849 0.2035717
0.0229982 0.0368162 0.0190633 0.0185518 0.0549078 0.0683837 0.0454565 0.0339625 0.0261107 0.0220129 0.0261107 0.0316945 0.0410563 0.0487180 0.0356875 0.0362561 0.0392197 0.0429279 0.0422698 0.0467486 0.1056167 -1.0000000 -1.0000000 -1.0000000 -1.0000000 -1.0000000 0.7700322 -1.0000000 -1.0000000 0.7634070 0.7196072 0.6922017 0.6512406 0.5583962 0.4585622 0.2948736 0.2468207 0.2459462 0.2182462 0.1525952 0.1431514 0.1105859 0.0841458 0.0733972 0.0812567 0.0920242 0.0913149 0.0992200 0.1403140 0.1633782 0.1525952 0.1525952 0.1606541 0.2261277 0.2593470 0.2577736 0.3326629 0.2749327
0.0150837 0.0410563 0.0350940 0.0229982 0.0339625 0.0322311 0.0316945 0.0220129 0.0215205 0.0215205 0.0215205 0.0277055 0.0293877 0.0255587 0.0255587 0.0311171 0.0379884 0.0429279 0.0410563 0.0441990 0.0863572 0.1028088 0.6601981 0.8118002 0.8098115 0.8051894 -1.0000000 0.6383617 0.5632777 0.5380242 0.5528765 0.5251930 0.5592419 0.5466050 0.4576703 0.4034262 0.3236881 0.3025669 0.2501984 0.1438774 0.1167871 0.0884341 0.0726689 0.0812567 0.0906056 0.0985126 0.1014492 0.1063090 0.1489599 0.1961520 0.2158071 0.2586165 0.2035717 0.2104555 0.2230703 0.2306513 0.3123274 0.2844061
0.0599319 0.0726689 0.0542516 0.0494199 0.0705114 0.0784106 0.0985126 0.0587247 0.0215205 0.0210223 0.0210223 0.0311171 0.0311171 0.0210223 0.0225129 0.0277055 0.0327876 0.0373929 0.0398251 0.0429279 0.0784106 0.1028088 -1.0000000 0.7589631 -1.0000000 0.7284815 0.5908867 0.5403141 0.4774811 0.4361939 0.4361939 0.4507731 0.4707789 -1.0000000 0.4201683 0.3865119 0.3584226 0.3448908 0.3065137 -1.0000000 0.1389475 -1.0000000 -1.0000000 -1.0000000 -1.0000000 -1.0000000 0.1612819 0.1961520 0.2602613 0.2758403 0.2518951 0.2784165 0.2042963 0.2042963 0.2065451 0.2073480 0.2402563 0.2740689
0.0985126 0.1105859 0.0891368 0.1007132 0.1264021 0.1382384 0.1579313 0.1389475 0.0617223 0.0350940 0.0205354 0.0205354 0.0205354 0.0205354 0.0205354 0.0255587 0.0299526 0.0345202 0.0379884 0.0454565 0.0848697 0.1014492 -1.0000000 0.8051894 0.7962519 0.7009734 -1.0000000 0.4657724 0.4350168 0.4350168 0.4350168 0.4350168 0.4616776 0.4744336 0.4418868 0.3874043 0.3440785 0.3534541 0.3944634 0.3835660 0.3010212 0.2987360 0.3665350 0.2749327 0.2253616 0.2535858 0.2800710 0.2995282 0.3341961 0.2916786 0.2424894 0.2417750 0.2050355 0.2081369 0.2721841 0.2433050 0.2104555 0.2104555
0.0195502 0.0726689 0.1021226 0.1482468 0.1271607 0.1105859 0.1219980 0.1467566 0.1662662 0.1460261 0.0658529 0.0200563 0.0200563 0.0200563 0.0200563 0.0235063 0.0299526 0.0339625 0.0368162 0.0392197 0.0756062 -1.0000000 0.5296103 -1.0000000 -1.0000000 -1.0000000 0.5549405 0.4546943 0.4342285 0.4342285 0.4342285 0.4342285 0.4487734 0.4707789 0.4566337 0.3944634 0.3432452 0.3637603 0.4137440 0.4127620 0.3413868 0.3065137 0.2987360 0.2314000 0.2402563 0.2892205 0.2610666 0.2366459 0.2602613 0.3001801 0.3288497 0.3244655 0.2291747 0.2238558 0.2569588 0.2291747 0.1892142 0.1968542
0.0111544 0.0175583 0.0633939 0.1175354 0.1175354 0.1098713 0.1321953 0.1676365 0.1676365 0.1321953 0.0628152 0.0195502 0.0195502 0.0195502 0.0200563 0.0266501 0.0282609 0.0460915 0.0487180 0.0392197 0.0645816 -1.0000000 -1.0000000 -1.0000000 -1.0000000 0.6987531 0.6015028 0.4813780 0.4332594 0.4332594 0.4332594 0.4342285 0.4735306 -1.0000000 0.5014781 -1.0000000 0.3592341 0.3722150 0.4061719 0.3874043 0.3244655 0.2749327 0.2793208 0.2314000 0.2687936 0.1743432 0.1539655 0.1691707 0.1750602 0.1819664 0.2626989 0.3550534 0.2800710 0.2409959 0.2150460 0.2035717 0.1892142 0.1884115
0.0106603 0.0116417 0.0386090 0.0870319 0.0977331 0.0920242 0.1234896 0.1819664 0.2042963 0.1467566 0.0441990 0.0190633 0.0190633 0.0195502 0.0240232 0.0467486 0.0404341 0.0611568 0.0856187 0.0587247 0.0791141 0.0969864 0.2035717 -1.0000000 -1.0000000 -1.0000000 0.5845687 0.4963606 0.4459100 0.4322274 0.4332594 0.5151738 0.5233111 0.5886840 0.5612141 0.4537494 0.3466136 0.3279594 0.3334754 0.3341961 0.3440785 0.4098398 -1.0000000 -1.0000000 0.1417232 0.1460261 0.1518976 0.1300080 0.1363387 0.1389475 -1.0000000 0.3457940 0.3115385 0.2182462 0.2019946 0.1947712 0.1892142 0.1884115
0.0121442 0.0101803 0.0180584 0.0322311 0.0416666 0.0416666 0.1028088 0.1376307 0.1314647 0.1190578 0.0339625 0.0185518 0.0215205 0.0271573 0.0379884 0.0522093 0.0712099 0.0891368 0.0977331 0.1028088 0.0933937 0.0969864 0.3646318 0.6105248 0.8173636 -1.0000000 -1.0000000 0.6710923 -1.0000000 0.5111072 0.5528765 0.5698652 0.7806053 0.7806053 -1.0000000 0.3574693 0.2758403 0.2501984 0.2081369 0.2351719 0.3163396 0.4626563 0.4016650 -1.0000000 -1.0000000 0.1105859 0.1105859 0.1113236 0.1438774 0.1363387 0.1511943 -1.0000000 0.2626989 0.2028030 0.2050355 0.2088789 0.1892142 0.1884115
0.0101803 0.0097008 0.0097008 0.0097008 0.0097008 0.0190633 0.0368162 0.0271573 0.0339625 0.0677140 0.0240232 0.0180584 0.0180584 0.0185518 0.0277055 0.0422698 0.0542516 0.0812567 0.1410352 0.1292192 -1.0000000 -1.0000000 -1.0000000 0.7634070 -1.0000000 -1.0000000 -1.0000000 0.7885948 -1.0000000 -1.0000000 0.6856362 0.7139185 -1.0000000 -1.0000000 -1.0000000 0.1612819 0.1403140 0.1417232 0.1438774 0.1460261 0.2065451 0.4070817 0.2441398 0.1475055 0.1256647 0.1098713 0.1167871 0.1424406 0.1647831 0.1585979 0.1757491 0.1982629 0.2238558 0.2112386 0.2518951 0.2450602 0.1892142 0.1892142
0.0101803 0.0097008 0.0092092 0.0185518 0.0175583 0.0092092 0.0097008 0.0101803 0.0106603 0.0111544 0.0195502 0.0175583 0.0200563 0.0185518 0.0200563 0.0235063 0.0322311 0.0392197 0.0748551 0.0770189 -1.0000000 -1.0000000 -1.0000000 -1.0000000 -1.0000000 -1.0000000 0.7571551 -1.0000000 0.7916223 0.7806053 0.8051894 -1.0000000 -1.0000000 -1.0000000 0.1363387 0.1271607 0.1264021 0.1190578 0.1198626 0.1350518 0.1606541 0.3787977 0.2238558 0.1553447 0.1559723 0.1460261 0.1467566 0.1714168 0.1869220 0.1947712 0.1982629 0.2459462 0.2875051 0.2602613 -1.0000000 0.3098709 0.2058142 0.1899642
0.0101803 0.0097008 0.0092092 0.0087162 0.0087162 0.0121442 0.0116417 0.0131058 0.0150837 0.0131058 0.0116417 0.0180584 0.0311171 0.0467486 0.0299526 0.0327876 0.0373929 0.0368162 -1.0000000 0.0467486 0.0726689 -1.0000000 0.4192390 -1.0000000 0.8257915 0.7865447 -1.0000000 -1.0000000 -1.0000000 -1.0000000 -1.0000000 -1.0000000 -1.0000000 -1.0000000 0.1357194 0.1183043 0.1183043 0.1190578 0.1198626 0.1307395 0.1546536 0.3194903 0.3369125 0.4227565 -1.0000000 0.1743432 0.1721486 0.1735811 0.1862078 0.3326629 0.3448908 0.4294317 -1.0000000 -1.0000000 0.5111072 0.3988686 0.2450602 0.2321783
0.0111544 0.0097008 0.0092092 0.0087162 0.0082274 0.0077631 -1.0000000 0.0322311 0.0392197 0.0185518 0.0156065 0.0277055 0.1234896 0.2058142 0.2104555 0.1728871 0.1525952 0.0933937 0.1256647 0.1098713 0.1300080 0.0763205 0.1585979 -1.0000000 0.7719483 -1.0000000 0.7226361 0.7095325 -1.0000000 -1.0000000 -1.0000000 0.8698448 -1.0000000 -1.0000000 0.1300080 0.1175354 0.1183043 0.1190578 0.1278184 0.1256647 0.1518976 0.2409959 -1.0000000 -1.0000000 -1.0000000 -1.0000000 0.2696947 0.2402563 0.2593470 0.5677012 -1.0000000 -1.0000000 -1.0000000 -1.0000000 0.5677012 0.4707789 0.3499686 0.3236881
0.0140802 0.0097008 0.0092092 0.0087162 0.0106603 0.0101803 -1.0000000 -1.0000000 0.0954732 0.0791141 0.0305285 0.0322311 0.1091714 0.1389475 0.1539655 0.1599815 0.2019946 0.2096460 -1.0000000 0.1698591 0.1445748 0.0777397 0.0863572 -1.0000000 -1.0000000 0.6693300 0.7284815 -1.0000000 -1.0000000 0.8579390 0.8658340 -1.0000000 -1.0000000 -1.0000000 0.1167871 0.1175354 0.1190578 0.1350518 0.1329626 0.1424406 0.1467566 0.2908615 -1.0000000 -1.0000000 -1.0000000 -1.0000000 -1.0000000 0.7032263 -1.0000000 -1.0000000 -1.0000000 -1.0000000 -1.0000000 -1.0000000 0.6298016 0.5466050 0.5080159 0.4596415
0.0210223 0.0126210 0.0092092 0.0135932 0.0160940 0.0121442 0.0288053 0.0645816 -1.0000000 0.1504765 0.0920242 0.0322311 0.0350940 0.0356875 0.0933937 0.1566226 0.1876600 0.2253616 0.2476750 0.2662195 0.1728871 0.1007132 0.1098713 0.1750602 -1.0000000 -1.0000000 0.7756172 0.7473843 0.8833042 -1.0000000 -1.0000000 -1.0000000 0.7436341 0.4264678 0.2035717 0.1206243 0.1190578 0.1706659 0.2028030 0.1735811 0.1997094 0.3475462 -1.0000000 -1.0000000 -1.0000000 -1.0000000 -1.0000000 -1.0000000 -1.0000000 -1.0000000 -1.0000000 -1.0000000 -1.0000000 -1.0000000 -1.0000000 0.6624370 0.6363349 0.5192386
0.0229982 0.0205354 0.0170875 0.0180584 0.0175583 0.0205354 0.0549078 0.1511943 -1.0000000 -1.0000000 0.1923707 0.1460261 0.0898646 0.0368162 0.0362561 0.0473657 0.1227361 0.1923707 -1.0000000 0.2835256 0.1847443 0.1475055 0.1706659 0.2336375 -1.0000000 -1.0000000 -1.0000000 -1.0000000 -1.0000000 -1.0000000 -1.0000000 -1.0000000 -1.0000000 -1.0000000 0.4264678 -1.0000000 0.4795150 0.4034262 -1.0000000 0.3750437 0.5572050 0.7328783 -1.0000000 -1.0000000 -1.0000000 -1.0000000 -1.0000000 -1.0000000 -1.0000000 -1.0000000 -1.0000000 -1.0000000 -1.0000000 0.8492264 -1.0000000 -1.0000000 -1.0000000 -1.0000000
0.1091714 0.0719337 0.0514981 0.0628152 0.0784106 0.0622393 0.1300080 0.1840533 0.2577736 0.2387715 0.2158071 0.2284824 0.1876600 0.0870319 0.0487180 0.0658529 0.1014492 0.1445748 0.2042963 0.2561982 0.1961520 0.1518976 0.1940103 0.2450602 -1.0000000 -1.0000000 -1.0000000 -1.0000000 -1.0000000 -1.0000000 -1.0000000 -1.0000000 -1.0000000 -1.0000000 -1.0000000 -1.0000000 -1.0000000 -1.0000000 0.5734638 -1.0000000 -1.0000000 -1.0000000 -1.0000000 -1.0000000 -1.0000000 -1.0000000 -1.0000000 -1.0000000 -1.0000000 -1.0000000 -1.0000000 -1.0000000 -1.0000000 -1.0000000 -1.0000000 -1.0000000 -1.0000000 0.5424266
0.1862078 0.1572840 0.1559723 0.1793687 0.2019946 0.2081369 0.2166033 0.2450602 0.2535858 0.2441398 0.2402563 0.2939656 0.2253616 0.2610666 -1.0000000 0.2721841 0.2012091 0.2476750 0.2359420 0.2644849 0.2269183 0.1683956 0.1533007 0.2284824 0.3542068 0.4497539 0.6799544 -1.0000000 -1.0000000 -1.0000000 -1.0000000 -1.0000000 -1.0000000 -1.0000000 -1.0000000 -1.0000000 -1.0000000 -1.0000000 -1.0000000 -1.0000000 -1.0000000 -1.0000000 -1.0000000 -1.0000000 -1.0000000 -1.0000000 -1.0000000 -1.0000000 -1.0000000 -1.0000000 -1.0000000 -1.0000000 0.1923707 0.1989913 -1.0000000 0.3769568 0.3962899 0.4813780
0.2527067 0.2687936 0.2535858 0.2704702 0.2835256 0.2892205 0.3178800 0.3307126 0.3526374 -1.0000000 0.3558280 0.4302681 0.4606181 -1.0000000 -1.0000000 0.3856010 0.4275437 0.3656044 -1.0000000 0.2610666 0.2035717 0.1833385 0.1539655 0.1840533 0.3131781 0.3944634 -1.0000000 -1.0000000 -1.0000000 -1.0000000 -1.0000000 -1.0000000 -1.0000000 -1.0000000 0.9046716 0.9046716 0.9074404 -1.0000000 0.9074404 -1.0000000 -1.0000000 -1.0000000 -1.0000000 -1.0000000 -1.0000000 -1.0000000 -1.0000000 -1.0000000 -1.0000000 -1.0000000 0.1620069 0.1669459 0.1606541 0.1504765 0.1793687 -1.0000000 0.2818539 0.2979063
0.2687936 0.2844061 0.2687936 0.3123274 0.3326629 0.3457940 -1.0000000 0.4137440 0.3759977 0.3759977 -1.0000000 0.4537494 0.5317507 -1.0000000 -1.0000000 -1.0000000 -1.0000000 0.5654784 -1.0000000 -1.0000000 0.1793687 0.2019946 0.1546536 0.2104555 0.3253615 0.4183768 0.5251930 -1.0000000 0.8698448 -1.0000000 -1.0000000 -1.0000000 -1.0000000 -1.0000000 -1.0000000 -1.0000000 -1.0000000 -1.0000000 0.9101406 -1.0000000 -1.0000000 -1.0000000 -1.0000000 -1.0000000 -1.0000000 -1.0000000 -1.0000000 -1.0000000 -1.0000000 -1.0000000 0.1424406 0.1321953 0.1329626 0.1438774 0.1612819 0.1706659 0.1728871 0.1467566
0.2535858 0.2687936 0.2535858 0.3334754 0.3131781 -1.0000000 -1.0000000 0.3695006 0.3685313 0.4034262 0.4043005 -1.0000000 0.5677012 -1.0000000 0.5080159 -1.0000000 0.5172068 -1.0000000 0.5251930 -1.0000000 0.3041500 0.2704702 0.2387715 0.2867814 0.4043005 0.4963606 0.5971004 -1.0000000 -1.0000000 -1.0000000 0.8698448 -1.0000000 -1.0000000 -1.0000000 -1.0000000 -1.0000000 -1.0000000 -1.0000000 -1.0000000 -1.0000000 -1.0000000 -1.0000000 -1.0000000 -1.0000000 -1.0000000 -1.0000000 -1.0000000 -1.0000000 -1.0000000 -1.0000000 0.1314647 0.1321953 0.1633782 0.1800492 0.1579313 0.1417232 0.1271607 0.1105859
