projects/spp-inf/Zonation runs/Test data/Output/out_missingSp4.rank.asc
ncols        649
nrows        555
xllcorner    294205.000000000000
yllcorner    6283604.599999999600
cellsize     0.200000000000
NODATA_value     -1
[rows 390 to 415 of 555, columns 174 to 231 of 649]
0.5678986 0.4848389 0.5699026 0.6639071 0.7521445 0.8268893 0.8551713 0.7565333 0.6166192 0.5445766 0.5348380 0.4158612 0.3058251 0.2422154 0.3028690 0.2369743 0.2595074 0.3134963 0.3067772 0.3013275 -1.0000000 -1.0000000 0.2989427 0.4845668 0.5765764 0.6030359 -1.0000000 0.6432328 -1.0000000 0.4914129 -1.0000000 -1.0000000 0.3948242 0.2844889 0.3031229 0.2304909 0.2238443 0.3306070 0.5338133 0.6557552 0.5992365 0.4606826 0.5937868 0.7330208 0.9849114 0.9920658 0.9939519 0.9819100 0.9782739 0.9611904 0.9657877 0.9813841 0.9905697 0.9950128 0.9807675 0.9756080 0.9570556 0.9530930
0.4958742 0.4176747 0.3907619 0.4843311 0.6082588 0.5752797 0.7129087 0.6753777 0.6384451 0.5018498 0.4195880 0.3267079 0.3331913 0.2453075 0.2728823 0.2382256 0.2382800 0.2849422 0.3108304 0.3419869 0.4064580 -1.0000000 -1.0000000 -1.0000000 0.6176530 -1.0000000 -1.0000000 0.5369235 0.5329156 -1.0000000 -1.0000000 -1.0000000 0.3086814 0.2890046 0.2708602 0.2242161 0.2245969 0.3163526 0.4740121 0.6643242 0.6708620 0.7063437 0.5811918 0.7219673 0.9342232 0.9923378 0.9951035 0.9792351 0.9785822 0.9804864 0.9826264 0.9822455 0.9929272 0.9964999 0.9825720 0.9752453 0.9657696 0.9696868
0.4030123 0.3269165 0.2951071 0.4618886 0.5246459 0.3881504 0.5345024 0.6082044 0.6440307 0.5862335 0.5572532 0.5796413 0.2442556 0.2507118 0.2391777 0.2386155 0.2386518 0.2724742 0.3129069 0.3784480 -1.0000000 -1.0000000 -1.0000000 -1.0000000 0.6574781 -1.0000000 0.4407156 0.4285650 0.4535645 0.4682994 -1.0000000 -1.0000000 0.3034221 0.3084094 0.2298018 0.2255944 0.2251047 0.2253314 0.3352859 0.7333835 0.6624563 0.7990696 0.9116901 0.7060354 0.8794454 0.9920567 0.9952848 0.9860086 0.9786184 0.9785368 0.9851291 0.9934078 0.9972797 0.9975154 0.9855552 0.9799242 0.9706389 0.9746287
0.2955967 0.2944814 0.2947353 0.4807493 0.6186231 0.3681834 0.3684645 0.6067445 0.5622858 0.5150070 0.4509077 0.3512540 0.2530603 0.2400573 0.2401571 0.2394588 0.2396765 0.2402387 0.3166337 0.3151920 -1.0000000 0.6433870 -1.0000000 0.6195118 0.5690321 0.4774578 0.4384396 0.4292632 0.4292269 0.4687347 -1.0000000 0.5204657 0.3175223 0.3234889 0.2434305 0.2376090 0.2829020 0.2915888 0.2967030 0.6300847 0.8125895 0.8409079 0.8439274 0.9218096 0.8780490 0.9859995 0.9923016 0.9784008 0.9783102 0.9784280 0.9859905 0.9882846 0.9957291 0.9987124 0.9937977 0.9926189 0.9842404 0.9873143
0.2935021 0.2945812 0.2949892 0.4174661 0.4507082 0.3681380 0.3843147 0.4021962 0.4229521 0.3832811 0.3738325 0.3291290 0.3336356 0.2411817 0.2403837 0.2407283 0.2405016 0.2513103 0.3006384 -1.0000000 0.4799605 0.6110063 0.7017827 0.5960719 0.5910756 0.5122141 0.4633848 0.4306777 0.4424475 0.5495095 -1.0000000 -1.0000000 0.3327197 0.3382329 0.3434831 0.3519251 0.3645019 0.3725903 0.3391759 0.4431639 0.5632470 0.7447906 0.9141293 0.8624436 0.8969914 0.9704666 0.9877768 0.9781197 0.9783645 0.9842948 0.9864892 0.9862625 0.9930179 0.9984313 0.9985673 0.9983134 0.9967447 0.9938884
0.2932301 0.2943001 0.2952159 0.2965126 0.3441813 0.4322464 0.3279139 0.3038121 0.3030322 0.3516530 0.3016630 0.3007472 0.3000490 0.3192452 0.2415081 0.3120183 0.3611469 0.3300267 0.3206416 0.3114380 -1.0000000 0.6308917 -1.0000000 -1.0000000 0.6075243 -1.0000000 0.4676284 0.4299342 0.4291997 0.4114361 -1.0000000 0.3546907 0.4329265 0.3495312 0.3700604 0.3560236 0.3664877 0.3565496 0.3082552 0.3449339 0.3105221 0.3692443 0.6330135 0.8966559 0.8249397 0.9335068 0.9778477 0.9805771 0.9909868 0.9960374 0.9967538 0.9954571 0.9917485 0.9944687 0.9978600 0.9984494 0.9981865 0.9985039
0.2980903 0.3222194 0.2952522 0.2961227 0.2972198 0.2980178 0.3316860 0.3686277 0.3037032 0.3027602 0.3179757 0.3003845 0.3007381 0.3558060 0.2659001 0.2713679 0.4059774 0.3956584 0.3222738 0.3126439 -1.0000000 -1.0000000 -1.0000000 -1.0000000 0.6378103 0.6111514 0.5621679 0.5133294 0.5256252 0.5245461 -1.0000000 0.3585535 0.4377052 0.4380588 0.4122069 0.3618723 0.3641120 0.2777334 0.2775430 0.3097604 0.3110027 0.3131064 0.3585082 0.6120945 0.8470286 0.8733248 0.9569739 0.9814113 0.9937796 0.9976515 0.9986671 0.9989935 0.9968082 0.9918119 0.9918663 0.9920477 0.9967356 0.9989391
0.4050253 0.4028672 0.3183928 0.2959141 0.2972743 0.2974828 0.2989155 0.3573112 0.3820388 0.3881413 0.3397835 0.3016449 0.3011824 0.3621715 0.3588346 0.2671515 0.3419053 0.3789104 0.3896465 0.3096063 0.4589779 -1.0000000 -1.0000000 -1.0000000 -1.0000000 0.7030431 0.6686586 0.5404962 0.4902160 0.5138463 0.4731144 0.3648646 0.4871330 0.5727408 0.4467093 0.4485320 0.3726628 0.2774705 0.3064417 0.4453492 0.5180628 0.5894162 0.6820334 0.8813406 0.8194628 0.8204150 0.8794545 0.9677282 0.9845215 0.9906512 0.9963366 0.9992383 0.9984131 0.9926643 0.9918754 0.9919207 0.9968535 0.9988937
0.3958942 0.3954680 0.3100052 0.3243684 0.2965488 0.2978183 0.2988339 0.3468925 0.3857474 0.3799169 0.3439274 0.3022977 0.3019985 0.3026876 0.3620718 0.3561053 0.3487514 0.3886672 0.4709925 0.4527937 0.5437696 0.7035691 -1.0000000 -1.0000000 -1.0000000 0.5403965 0.5523295 -1.0000000 0.3863913 0.3778042 0.3927930 0.3994305 0.4358463 0.5088772 0.4443155 0.4049800 0.3743857 0.3798807 0.2698174 0.3828911 0.3865363 0.4583613 0.5100288 0.8036760 0.8251029 0.8670046 0.8780037 0.9384578 0.9550788 0.9533287 0.9900075 0.9974157 0.9986217 0.9972343 0.9956657 0.9973885 0.9986489 0.9986852
0.3731706 -1.0000000 0.3824468 0.3869081 0.3635861 0.3754284 0.3639851 0.3913331 0.3915145 0.3820841 0.3479081 0.3030050 0.3035581 0.3034493 0.3035219 0.3595782 0.4438077 0.4857184 0.4796703 0.5185524 -1.0000000 0.7416532 -1.0000000 0.5573983 0.5143360 0.4569377 0.4076186 0.2446183 0.2882066 0.3807421 0.3656263 0.3564680 0.3674852 0.3851399 0.4319381 0.3637856 0.3744945 0.3615187 0.2659546 0.2327850 0.2477376 0.2484630 0.3557063 0.7641501 0.8057706 0.6308464 0.8188916 0.8388495 0.7183312 0.8371266 0.9658512 0.9943509 0.9978238 0.9981321 0.9972706 0.9979598 0.9971437 0.9951941
0.3380606 0.3587984 0.3644838 0.3838432 0.3872708 -1.0000000 0.3920948 0.3958851 0.3942076 0.3851852 0.3374893 0.3041566 0.3044740 0.3043652 0.3043742 0.3315863 0.3708856 0.4096679 0.3957128 0.5511507 0.6159663 0.6399685 -1.0000000 0.5264866 0.4063764 0.2440380 0.2356142 0.2239169 0.2427051 0.2381803 0.3671860 0.3582996 0.3433924 0.3434377 0.4214650 0.3583631 0.3637946 0.3661160 0.2284235 0.2265646 0.2966577 0.4427649 0.6039336 0.7019278 0.7007399 0.6297129 0.7131354 0.8029869 0.6318438 0.7240075 0.9279212 0.9833699 0.9928275 0.9969623 0.9991114 0.9975880 0.9961009 0.9906694
0.3294373 0.3385593 0.3565858 0.3777226 0.3932555 0.3950872 -1.0000000 -1.0000000 0.3959123 0.4081174 0.3817033 0.3052901 0.3055168 0.3280680 0.3696524 0.3783573 0.4376779 0.3718014 0.4418219 0.6108068 0.6398959 -1.0000000 -1.0000000 0.5234852 -1.0000000 -1.0000000 0.2327397 0.1487731 0.2361491 0.2348162 0.2447997 0.3251845 0.3425763 0.3974810 0.4322011 -1.0000000 0.3554614 0.3546454 0.3210950 -1.0000000 0.2872001 0.4216826 0.5891079 0.6696741 0.6628461 0.6291598 0.6748155 0.6693023 0.5723600 0.6553290 0.8060517 0.8844961 0.9808310 0.9948767 0.9984857 0.9970440 0.9920386 0.9667851
0.3144937 0.3452241 0.3722910 0.3738053 0.3873706 0.3965198 0.3961299 0.3949420 0.3921946 0.4967085 0.4101939 0.3142943 0.3501659 0.3683919 0.4295443 0.4660870 0.4987668 0.4873053 0.3896647 0.3916414 -1.0000000 -1.0000000 -1.0000000 0.2972380 0.2444098 0.2223391 0.1925427 0.1483379 0.2251501 0.2287590 0.2974738 -1.0000000 -1.0000000 0.4606645 -1.0000000 0.4950037 0.5072451 -1.0000000 0.3562776 -1.0000000 0.3164614 0.3005295 0.5933878 0.6921619 0.6913821 0.6277996 0.6694021 0.5718794 0.5862970 0.6570973 0.7221668 0.8751292 0.9841951 0.9966722 0.9958198 0.9945594 0.9828621 0.9488765
-1.0000000 0.3312598 0.3443082 0.3238606 0.3711032 0.3389946 0.2799006 0.3745670 0.3930832 -1.0000000 0.3776591 0.3917321 0.5111804 0.5077891 0.5057036 -1.0000000 -1.0000000 0.4824269 0.3089262 0.2987251 -1.0000000 0.2989699 0.3963929 0.2268185 0.2250685 0.2241073 0.1788506 0.1338206 0.2258846 0.2293484 0.2421429 0.3317132 0.5288624 -1.0000000 -1.0000000 0.6248889 0.5584048 -1.0000000 -1.0000000 -1.0000000 0.3680564 0.3849041 -1.0000000 -1.0000000 0.4418763 0.5042437 0.4975517 0.4620427 0.6784425 0.6313179 0.7945812 0.9539453 0.9767596 0.9959468 0.9944415 0.9923106 0.9687710 0.9634120
0.1889066 0.2879436 0.3438548 0.2512740 0.2881431 0.2548739 0.2817867 0.2949257 0.3672313 0.3896737 -1.0000000 0.4084257 0.5122414 0.5101830 0.5003627 0.4902523 0.3404091 0.3195535 0.3072215 0.2904010 0.2800729 0.2645400 0.2892494 0.2607406 -1.0000000 0.2366841 0.1282258 0.0993362 0.2246785 -1.0000000 0.2860394 0.3597958 0.4733683 -1.0000000 -1.0000000 0.6599627 -1.0000000 0.4765601 -1.0000000 -1.0000000 -1.0000000 0.4562485 0.3938267 0.3948151 0.3221559 0.3445440 0.3449067 0.4640830 0.6751147 0.6321884 0.6322428 0.6567618 0.8934731 0.9837508 0.9920839 0.9875229 0.9714822 0.9767687
0.1867667 -1.0000000 -1.0000000 0.2017374 0.1969496 0.2202082 0.2839085 0.3427395 0.3996572 0.3938721 0.3840518 0.4715638 0.5167208 0.5155692 0.5068642 -1.0000000 -1.0000000 -1.0000000 0.3576558 0.2793203 0.2708057 0.2638237 0.2580476 0.2543207 0.2493063 0.1826046 0.0980758 0.0993635 0.1635353 0.2256216 0.2217406 0.3242868 0.4277035 0.6034167 -1.0000000 -1.0000000 0.6050398 0.3360385 0.2387244 0.3086451 0.3864729 0.3908707 0.4191074 -1.0000000 0.3946156 0.3950055 0.3450155 0.6022288 0.8336356 0.8688272 0.8210950 0.7292215 0.8283582 0.9668940 0.9888649 0.9860358 0.9893999 0.9738489
0.2022542 0.1681145 0.1606064 0.1632361 0.1914184 0.2688562 0.3613736 0.4052973 0.4049256 0.4588600 0.5965706 -1.0000000 -1.0000000 -1.0000000 -1.0000000 -1.0000000 0.4776845 0.4527393 0.3975717 0.2679676 0.2595800 0.2239259 -1.0000000 0.2406014 0.1372209 0.0976587 0.0986290 0.1497252 0.2193105 0.2271268 0.2252045 0.3724996 0.4892820 -1.0000000 -1.0000000 -1.0000000 -1.0000000 -1.0000000 0.2476469 0.2651475 0.3344879 0.3913603 0.3929381 -1.0000000 0.3941169 0.3950509 0.3456774 0.6118224 0.8628697 0.8281315 0.7350248 0.8043017 0.8470376 0.9148546 0.9813660 0.9833246 0.9881395 0.9877224
0.2180501 0.1854246 0.2005586 0.1727118 0.2434577 0.3314231 0.4066212 0.4095410 0.4106654 -1.0000000 0.5577701 -1.0000000 -1.0000000 -1.0000000 -1.0000000 -1.0000000 0.4766598 0.4329990 0.3594512 0.2524256 0.2335558 0.1523821 0.2382891 0.1660470 0.0895613 0.1080593 0.1088392 0.2036506 0.2386972 -1.0000000 0.2895123 0.3882229 0.4071380 0.5166029 -1.0000000 -1.0000000 -1.0000000 0.2572496 0.2528336 0.2468218 0.2430496 0.2808799 -1.0000000 0.3701511 0.3885856 0.4481330 0.4705573 0.6244627 0.8360204 0.7803903 0.8540197 0.9449774 0.9672204 0.9581074 0.9158158 0.9751999 0.9880851 0.9875773
0.2678497 0.2357592 0.1769645 0.2167353 0.2782140 0.3716019 0.4150995 0.4160969 -1.0000000 0.5331695 0.5867050 -1.0000000 -1.0000000 -1.0000000 -1.0000000 -1.0000000 -1.0000000 -1.0000000 0.2535318 0.2348525 0.1349631 0.1348633 0.2023993 0.1357611 0.0549863 0.0563011 0.0848643 0.1737818 0.2393772 0.3100778 0.4322646 0.4577266 0.4540995 0.5526650 -1.0000000 0.4911953 0.3237609 0.2666165 0.2603417 0.2318148 0.2474384 0.3450880 0.2845251 0.2655284 0.2902378 0.3896919 0.5164759 0.6733102 0.7944361 0.8407356 0.7543570 0.4973522 0.4982409 0.5141093 0.8036488 0.8557516 0.9242759 0.9887924
0.3031864 0.2170617 0.2090278 0.2606228 0.2980813 0.4026042 0.4217189 -1.0000000 -1.0000000 -1.0000000 -1.0000000 0.3876879 0.3798444 0.3651820 0.3402096 0.3562050 -1.0000000 -1.0000000 0.4051613 0.2284054 0.2196097 0.0803758 0.1045411 0.0900147 0.0403874 0.0514590 0.1229303 0.1827315 -1.0000000 -1.0000000 -1.0000000 -1.0000000 0.4500644 0.5266136 0.4518870 0.4503545 -1.0000000 0.2783773 0.2662266 0.2305725 -1.0000000 0.2527883 0.2510926 0.2491250 0.2653289 0.4505812 0.5705736 0.6584121 0.6925972 0.5341669 0.4960737 0.6158847 0.7606590 0.7839448 0.8333273 0.7853956 0.9277398 -1.0000000
0.2879527 0.2098620 0.2327578 0.2854772 0.2983261 0.3871620 -1.0000000 -1.0000000 -1.0000000 0.4789177 0.5124862 -1.0000000 0.3783392 0.3584628 0.3367005 0.3085363 0.3972453 -1.0000000 0.4705301 0.2721568 0.2329029 0.0972598 0.0481312 0.0529098 0.0392086 0.0418110 0.1803921 0.2270180 -1.0000000 -1.0000000 -1.0000000 -1.0000000 -1.0000000 0.4259535 -1.0000000 0.4414501 0.4381948 0.2870822 0.2766907 0.2090368 0.2229920 0.2560889 0.1908652 0.2489436 0.3720825 0.3393301 0.4781107 0.5138100 0.4600660 0.4953120 0.6641973 0.7689197 0.7712229 0.8192180 0.7969388 0.7975191 0.7636242 0.8939990
0.2148764 0.2108504 0.2561615 0.3350955 0.3485066 -1.0000000 0.4154531 0.5614062 -1.0000000 0.4287372 0.5304311 0.4081718 0.3788923 0.3615005 0.2949439 0.3173410 -1.0000000 0.4799151 0.5069186 -1.0000000 0.2205346 0.1217787 0.0381749 0.0387461 0.0397345 0.0597015 0.2022451 0.2316244 0.2807983 0.4057688 0.4127872 0.4202499 0.4222448 0.4357556 0.4442883 0.4439074 0.4421574 0.2963584 0.2865200 0.2153207 0.1933407 0.2010482 0.1536787 -1.0000000 -1.0000000 0.3829455 -1.0000000 0.4205763 0.5164669 0.6410294 0.7485900 0.8269527 0.8476814 0.8607298 0.6134909 0.7058450 0.7064707 0.7927495
0.2257485 0.2575397 0.3629967 0.3940353 0.3964473 0.4089607 -1.0000000 -1.0000000 -1.0000000 0.4057416 0.3972362 0.3881776 0.3764984 0.3000671 0.2399122 0.3162529 -1.0000000 -1.0000000 0.5179358 -1.0000000 -1.0000000 0.1559638 0.0375220 0.0383743 0.0392539 0.1141800 0.2315518 0.2435393 0.2878348 0.4096135 0.4215919 0.4282748 0.4313578 -1.0000000 0.4462197 0.4486045 0.3719465 0.2983624 0.2550371 0.1658748 0.1440852 0.1350900 0.1646688 -1.0000000 -1.0000000 -1.0000000 0.3858653 0.3864638 0.5359805 0.5985202 0.6353167 0.5988103 0.6101812 0.6133639 0.5598919 0.7866379 0.7392049 0.7469578
0.3469288 0.3647921 0.3809053 0.3860104 0.3913785 -1.0000000 0.4754357 0.5126766 -1.0000000 -1.0000000 -1.0000000 -1.0000000 -1.0000000 0.2623003 0.2385158 0.2722022 0.2950708 0.3319762 0.4324640 -1.0000000 0.2158920 -1.0000000 0.0474239 0.0384741 0.0390998 0.1088029 0.2111949 0.2634247 -1.0000000 -1.0000000 0.4421664 -1.0000000 -1.0000000 0.4721079 -1.0000000 0.4500100 0.3781487 0.3054261 -1.0000000 0.2886146 -1.0000000 0.1422172 0.1790591 -1.0000000 -1.0000000 0.3868900 0.3885221 0.3914510 -1.0000000 0.4456575 0.4271504 0.3556609 0.3340890 0.5593116 0.8262545 0.8692171 0.7406830 0.8493226
0.3693531 0.3795542 0.3879781 0.3933099 0.3910339 0.3881232 -1.0000000 -1.0000000 0.4013892 0.4026224 -1.0000000 -1.0000000 0.3906440 0.2469669 0.2377360 0.2956511 0.2840173 0.2401389 0.1755500 -1.0000000 -1.0000000 0.1103807 0.0521119 0.0380933 0.0386827 0.0721877 0.2001959 0.2797102 -1.0000000 -1.0000000 0.5337861 0.5068370 -1.0000000 0.6248527 0.5706190 0.5208465 -1.0000000 -1.0000000 0.3016358 -1.0000000 -1.0000000 0.1311184 0.1534158 0.2533052 0.3215756 0.3931285 0.3975354 -1.0000000 0.4990751 -1.0000000 0.3382057 0.3053717 0.5145082 0.7799731 0.9274406 0.9092236 0.9249923 0.9317659
0.3701964 0.3910702 0.3990497 0.4022687 0.4013529 -1.0000000 -1.0000000 -1.0000000 0.4060590 0.4083259 0.4133675 -1.0000000 0.4016249 0.3829274 0.2200631 0.2665349 0.2820678 0.2260568 0.1475581 0.0515134 0.1080865 0.1321068 0.0482037 0.0374676 0.0376943 0.1288787 0.2266825 -1.0000000 -1.0000000 0.6213616 -1.0000000 -1.0000000 0.6212709 0.6636894 0.6545855 0.6086125 -1.0000000 -1.0000000 -1.0000000 -1.0000000 0.1262309 0.1422716 0.1591012 0.2598701 0.3094884 0.4034566 0.4056963 -1.0000000 -1.0000000 -1.0000000 -1.0000000 0.4110734 0.5177817 0.7150759 0.8947607 0.9358916 0.8969823 0.6678515
