projects/spp-inf/Zonation runs/Test data/Output/out_missingSp4.rank.asc
ncols        649
nrows        555
xllcorner    294205.000000000000
yllcorner    6283604.599999999600
cellsize     0.200000000000
NODATA_value     -1
[rows 234 to 259 of 555, columns 174 to 231 of 649]
0.3249034 0.3923668 0.4895540 0.4889374 0.5081337 0.5061116 0.5612430 0.6023286 0.5658131 0.5788252 0.5901688 0.6390163 0.6986362 0.6525272 0.6058015 0.5757241 0.5812463 0.6007417 0.4986489 0.4985038 0.5039353 0.5415208 0.5578970 0.5757422 0.6077692 0.6229485 0.5502893 0.4989844 0.4854555 0.5290528 0.4981865 0.4837145 0.4963457 0.5211186 0.4544894 0.5151158 0.5545511 0.4313215 0.4336338 0.4326907 0.6125841 0.6610961 0.7130085 0.5065287 0.4274315 0.4237228 0.2243884 0.2767723 0.0085417 0.0076622 0.0068824 0.0056945 0.0052502 0.0039988 0.0035092 0.0039807 0.0679893 0.2519722
0.2717307 0.3661613 0.4586242 0.5125950 0.5425092 0.5333509 0.6081681 0.5951198 0.5733030 0.5785350 0.6242995 0.6605248 0.6851073 0.6607969 0.5737836 0.5486299 0.5462451 0.5041530 0.5202209 0.5128942 0.4992293 0.5203750 0.5770751 0.6009322 0.6006420 0.5205473 0.5179268 0.4965815 0.4843946 0.5161314 0.5093216 0.4673564 0.4934985 0.4691246 0.4535192 0.5354273 0.5755427 0.4443880 0.4316480 0.4327089 0.4342504 0.6282349 0.4831342 0.6148148 0.5914927 0.4102845 0.4001378 0.4000744 0.0229956 0.0974864 0.0064652 0.0062748 0.0046064 0.0042346 0.0042527 0.0069912 0.1959522 -1.0000000
0.2312073 0.2897300 0.3395024 0.4194338 0.4795706 0.5230681 0.5144357 0.4949946 0.5188879 0.5604088 0.5702653 0.5720063 0.6738724 0.6028273 0.5407047 0.5283908 0.4959830 0.4812662 0.4852650 0.5367422 0.5277652 0.5163127 0.5245099 0.6080956 0.6101902 0.5455378 0.5164306 0.5177998 0.4728333 0.5239568 0.4858635 0.4666129 0.4501550 0.4515515 0.4937070 0.6264667 0.4337245 0.4331169 0.4333073 0.4501823 0.5252444 0.4347038 0.5408498 0.6634537 0.8210497 0.7505667 0.6842368 0.3740230 0.1715692 0.3393210 0.0065559 0.0054769 0.0054225 0.0048149 0.0048331 0.0140549 -1.0000000 -1.0000000
0.2146225 0.2252679 0.2389148 0.2747230 0.3242143 0.3824196 0.4014889 0.4243213 0.5133023 0.5445403 0.5972869 0.6040061 0.6185597 0.5403783 0.5059665 0.4793529 0.4802597 0.5050325 0.5100651 0.5005894 0.5269037 0.5202028 0.5217624 0.5222339 0.5883099 0.5749805 0.5156689 0.4769953 0.4749279 0.4720081 0.4586333 0.4491395 0.4639016 0.5433706 0.6423804 0.5429444 0.4338423 0.4468363 0.4334434 0.4343048 0.5562467 0.4716091 0.7532598 0.7322863 0.6391886 0.8015542 0.6847899 0.4531927 0.4958198 0.3705682 0.0255889 0.0060572 0.0058124 -1.0000000 0.0206743 0.0894253 -1.0000000 -1.0000000
0.2031882 0.2054551 0.2330843 0.2477467 0.2441015 0.2806895 0.3243503 0.3652001 0.4602383 0.5082062 0.5268856 0.5546417 0.5330607 0.5042527 0.4498196 0.4264975 0.4071290 0.4322918 0.4994922 0.5173101 0.4947135 0.5097659 0.5129396 0.5248817 0.6783246 0.5590758 0.5483760 0.4865980 0.6004788 0.6421447 0.4750367 0.4407519 0.4802325 0.4409060 0.6154223 0.4346947 0.4347944 0.4352206 0.4347854 0.4430369 0.4508261 0.5780000 0.5106454 0.5771114 0.6827316 0.8197258 0.7597160 0.6063818 0.8263089 0.6419996 0.3609293 0.0946120 0.0081518 0.0073176 0.0359714 0.1527085 -1.0000000 -1.0000000
0.2024628 0.2219038 0.2085744 0.2052284 0.2119113 0.2424693 0.2591266 0.2868918 0.4017247 0.4250104 0.4435357 0.4090241 0.4194066 0.4765420 0.3993762 0.3975082 0.3964110 0.3915961 0.4293538 0.4751002 0.4914311 0.5110716 0.5145808 0.5133476 0.5323716 0.5662755 0.5438331 0.5883644 0.5471337 0.5278196 0.6134455 0.5818266 0.4402441 0.4401262 0.5755336 0.4814566 0.4356377 0.4356468 0.4357284 0.4356649 0.4362181 0.5038175 0.5968245 0.5952830 0.5684518 0.6551387 0.5957092 0.6342286 0.6068624 0.6264032 0.3581636 0.1383997 0.0148075 0.0083967 0.0180446 -1.0000000 0.0556936 -1.0000000
0.2073503 0.2015107 0.1768557 0.1769736 0.1773907 0.1764477 0.1788415 0.3165703 0.3560871 0.3693894 0.3292106 0.2800548 0.3020620 0.3039571 0.3008651 0.3431838 0.3802525 0.3907981 0.4065124 0.4815382 0.4912497 0.4717542 0.5184436 0.5236303 0.5349286 0.5593841 0.5330788 0.5322809 0.4728786 0.4427921 0.4481964 0.4413776 0.4405252 0.4391197 0.5528463 0.4774669 0.4367802 0.4362725 0.4362543 0.5836310 0.6457446 0.4371158 0.5662846 0.5675994 0.5685152 0.5713625 0.6482472 0.6350901 0.6382546 0.9159246 0.6536969 0.3127890 0.0947208 0.0112258 0.0080249 -1.0000000 0.0209644 0.0086778
0.1994523 0.1778894 0.1771187 0.1761031 0.1868483 0.1776718 0.1756316 0.1772547 0.2447816 0.2703705 0.2996953 0.1972126 0.2194374 0.2262291 0.2099617 0.2728641 0.3458316 0.3780399 0.3632506 0.4295352 0.4622150 0.5247819 0.5608078 0.6029724 0.5914655 0.5850365 0.5480767 0.5105639 0.4440707 0.4429644 0.4420576 0.4410058 0.4406340 0.4391106 0.4388205 0.4376961 0.4371430 0.4377686 0.4676466 0.5588129 0.5716164 0.4388386 0.7773708 0.7466857 0.6557280 0.5771840 0.6415553 0.6136088 0.6873832 0.9030213 0.9092055 0.7756842 0.3532490 0.1031809 0.1130647 0.6135815 0.5440235 0.4188898
0.1793765 0.1786239 0.1775539 0.1766290 0.1753505 0.1749243 0.1749787 0.1746251 0.2905370 0.2717941 0.2665621 0.1646597 0.2241164 0.4050344 0.1789413 0.1938304 0.2715856 0.3489146 0.3605756 0.5006801 0.6042237 0.5812372 0.5793148 0.5442321 0.5327615 0.5336047 0.5130121 0.4825266 0.5972960 0.6805825 0.7501496 0.7110045 0.6704177 0.4898896 0.5582688 0.5756968 0.6885983 0.4388023 0.4682269 0.5409133 0.5790156 0.6642789 0.6987178 0.6635807 0.7129178 0.6537785 0.5780635 0.5316461 0.7514735 0.5643804 0.6483560 0.8925663 0.7334288 0.9139479 0.8060971 0.4997098 0.4197603 0.6461798
0.1791952 0.1779257 0.1774270 0.1768013 0.1751056 0.1747883 0.1738362 0.1732105 0.1785513 0.2590722 0.1955804 0.1634084 0.2193740 0.3454870 0.1741626 0.1773272 0.1817704 0.3424494 0.3366551 0.5134745 0.5051867 0.5620863 0.5514408 0.5567726 0.4312853 0.4235505 0.4824722 0.4435447 0.4359460 0.4066031 0.4056238 0.4051885 0.4967175 0.5341760 0.4915127 0.5543334 0.7675595 0.5336320 0.5470430 0.5607170 0.5588582 0.5292614 0.4847482 0.4959196 0.7281243 0.5086959 0.5248907 0.5305218 0.6114779 0.6699915 0.4932446 0.8670318 0.8703596 0.6186866 0.4212655 0.4205673 0.4201139 0.4206489
0.1791680 0.1777987 0.1887253 0.1767469 0.1752507 0.1745978 0.1740629 0.1731017 0.2016648 0.2046844 0.1796213 0.1630638 0.1807457 0.2580929 0.1523095 0.1520466 0.1535155 0.4202046 0.3153915 0.4353657 0.4212020 0.3930741 0.4241490 0.4272411 0.4137303 0.3904082 0.4897626 0.3834896 0.5243014 0.6368763 0.6746976 0.5768938 0.3000308 0.2589996 0.2658548 0.3265991 0.4220000 0.5785531 0.5227417 0.3804973 0.2340999 0.4425564 0.9010627 0.7861573 0.7599608 0.5447670 0.4799695 0.4811211 0.4995013 0.4920023 0.4965996 0.5821802 0.4965633 0.4222357 0.5272483 0.7317604 0.7370650 0.7734898
0.2551731 0.2730817 0.2754575 0.1761394 0.1758310 0.1747792 0.1887162 0.1886346 -1.0000000 -1.0000000 0.2209608 0.1615313 0.1615676 0.1506864 0.1511307 0.1595365 0.1528082 0.3544912 0.3067681 0.3808600 0.3901997 0.3727535 0.3562503 0.3717651 0.3674761 0.3804882 0.3889665 0.3625977 0.3983878 0.3244319 0.2377995 0.5328884 0.3378067 -1.0000000 0.2491159 0.2383617 0.2053644 0.2539580 0.1817250 0.1857964 0.4748916 0.7315972 0.7537585 0.4771042 0.4780290 0.4795524 0.4798607 0.4811846 0.4819372 0.4828531 0.4839684 0.5773109 0.4438621 0.7566420 0.7944723 0.4193159 0.3872073 0.4079269
-1.0000000 0.2821947 0.2813787 0.2779783 0.2131536 0.1756406 0.1910738 -1.0000000 -1.0000000 0.1704993 0.1481293 0.1576504 0.1517201 0.1497887 0.1509131 0.1933679 0.1833753 0.2418074 0.3173319 0.3424312 0.3364375 0.3639397 0.3358753 0.3405542 0.3469379 0.3376254 0.3704684 0.3239513 0.3079378 0.2369199 0.2368201 0.4596852 0.3045556 0.3283491 0.5634646 0.2445458 -1.0000000 -1.0000000 -1.0000000 0.1857873 0.4901888 0.4759072 0.4761611 0.4776391 0.4785278 0.4955115 0.4797791 0.4995648 0.4823634 0.4830979 0.4842041 0.5117698 0.6969315 0.8949149 0.5861610 0.3863006 0.3868084 0.3876426
-1.0000000 0.1958887 0.2008215 0.2608767 0.2774886 0.1981556 0.1893781 -1.0000000 -1.0000000 0.1416188 0.1454544 0.1467239 0.1490089 0.1503509 0.1511398 0.1945014 -1.0000000 0.2674779 0.2490706 0.3103861 0.3422680 0.3030594 0.3235342 0.3207142 0.3155637 0.3217660 0.3522062 0.3049183 0.2543752 0.2360131 0.4235233 0.3427758 0.3725540 0.1610598 0.5792876 0.6440036 0.4965180 -1.0000000 -1.0000000 -1.0000000 0.6325148 0.7266644 0.8970186 0.8821385 0.4781560 0.4793167 0.6732196 0.7603054 0.6512849 0.4827080 0.4837689 0.4850202 0.5474239 0.9169946 0.4131771 0.3853847 0.4339511 0.7150034
0.2579025 0.2147767 0.1722312 0.2452894 0.2823308 0.2571952 -1.0000000 -1.0000000 -1.0000000 -1.0000000 0.1577773 0.1485827 0.1644239 0.1810087 0.1748880 0.1859959 -1.0000000 0.2322591 0.2310078 0.2573675 0.3661794 0.2801273 0.2956149 0.3109846 0.3370087 0.3152373 0.3267714 0.2824577 0.2349341 0.3648283 0.2971020 0.2191473 0.2473114 0.1779982 0.1604886 0.3682650 0.5792060 -1.0000000 -1.0000000 0.1851798 -1.0000000 0.4423297 0.6682777 0.9030395 0.7895577 0.4792985 0.8053717 0.8453692 0.9160516 0.5875483 0.7609583 0.4882211 0.4852288 0.9498196 0.5119965 0.3853213 0.5322446 0.6416188
0.2174516 0.1622930 0.1744346 -1.0000000 0.2018734 0.2081391 -1.0000000 0.1957980 -1.0000000 -1.0000000 0.1939664 0.1598810 0.1993798 0.2974193 0.3052085 0.2843528 0.2062259 0.2135435 0.2977458 0.2322954 0.2227471 0.2720027 0.2952612 0.3403547 0.3344063 0.3253750 0.3144665 0.2947081 0.2349703 0.2340273 0.2238806 0.1959159 0.1787327 0.1957436 0.1590377 0.1601803 0.6768557 0.5299777 -1.0000000 -1.0000000 0.1833481 0.1769192 0.5914383 0.6660289 0.8267260 0.8454417 0.8509730 0.6442574 0.8623710 0.8833445 0.9383218 0.7683938 0.4868428 0.7823308 0.6024646 0.3839521 0.5743729 0.8359388
0.1804284 0.1302116 0.1631545 0.2221124 0.1656843 0.1701003 0.2162003 0.1529352 -1.0000000 0.2795832 0.2851961 0.2876444 0.2491612 0.2968118 0.3051994 0.2184491 0.1991440 0.2121742 0.1968046 0.2213688 0.2299650 0.3496128 0.5352188 0.4735678 0.4512704 0.3710941 0.3417512 0.4008632 0.3048004 0.2635698 0.2438022 0.2157560 0.1750603 0.1582216 0.1594458 0.1602800 0.4333980 0.4808582 -1.0000000 -1.0000000 -1.0000000 -1.0000000 0.1948731 0.1947643 0.3283764 0.3117100 0.4186359 0.2465225 0.4579351 0.5273934 0.6729566 0.8890299 0.8178488 0.7309352 0.5135924 0.3826735 0.5178905 0.7927586
0.1286973 0.1577864 0.1664460 0.1508587 0.1258501 0.1309008 0.1534249 0.1448287 -1.0000000 -1.0000000 -1.0000000 -1.0000000 0.2857130 -1.0000000 -1.0000000 0.2051468 0.1957890 0.1964056 0.1972761 0.2128815 0.3634138 0.5549047 0.3641301 0.4005912 0.4093143 0.3699788 0.3545728 0.3818393 0.3507644 0.2998132 -1.0000000 0.1542228 0.1560363 0.1764839 0.1596271 0.1600170 0.4650170 0.6700731 0.5050416 -1.0000000 -1.0000000 0.1757404 -1.0000000 -1.0000000 0.2181226 0.2311075 0.2455705 0.2518725 0.2807258 -1.0000000 0.3330462 0.3343247 0.3349323 0.3363831 0.3824015 0.4496745 0.6913731 0.7019097
0.1055204 0.1322156 0.1603253 0.1686041 0.1020565 0.1011861 0.1416097 0.1431421 0.1408117 0.1371756 0.1527448 0.2324223 0.1596906 0.1703088 0.1905932 0.1709526 0.2163454 0.2295207 0.2089915 0.2343265 0.4180283 0.3602129 0.3739323 0.3506737 0.3973994 0.4158067 0.4192797 0.4029397 0.3801164 0.3699697 0.2699715 0.2336102 0.1857420 0.2040224 0.2248508 0.1607878 0.2814875 0.5621860 0.6276455 0.2160371 0.4433180 0.2859941 0.4310404 0.4583885 -1.0000000 -1.0000000 -1.0000000 0.4926552 -1.0000000 0.3150288 0.3643478 0.3520339 0.3631055 0.3790374 0.4158974 0.8469378 0.9450862 0.8874249
0.1059012 0.1044323 0.1290329 0.1090840 0.1016122 0.1009956 0.0999710 0.1000798 0.1002249 0.1470231 -1.0000000 -1.0000000 0.1700096 0.1992891 -1.0000000 0.2202354 -1.0000000 0.2353603 0.2666800 0.2734354 0.3149109 0.3605031 0.3498939 0.3505468 0.4054424 0.4419035 0.4421755 0.4508623 0.4213471 0.3686549 0.3135144 0.2703977 0.2125823 0.2138427 0.2938648 0.1744256 0.1621298 0.5593750 0.6066085 0.3458135 0.6188045 0.3751020 0.7103698 0.6786965 0.4254638 0.5197493 0.5685243 0.6512214 0.7414537 0.8012550 0.5501714 0.3755645 0.4013348 0.6299306 0.8680927 0.9700949 0.7624454 0.6782975
0.1054116 0.1051124 0.1037431 0.1029270 0.1018208 0.1193395 0.1138264 0.0995085 0.0997080 0.1475218 0.1437315 -1.0000000 -1.0000000 -1.0000000 -1.0000000 0.1775267 0.1945830 0.2184219 0.2567872 0.2848334 0.3101504 0.3359478 0.3765075 0.4098584 0.4265973 0.4601748 0.4550697 0.4587603 0.4785550 0.4480060 0.3852034 0.3305798 0.2599336 0.2021817 0.2005676 0.1977929 0.1623746 0.7272447 0.4602927 0.4057507 0.6331224 0.3759997 0.3758093 0.7679313 0.6878638 0.7222847 0.7189025 0.7039589 0.6203914 0.7978183 0.9231062 0.5131118 0.4543534 0.9432636 0.8570120 0.7876807 0.6954081 0.6780980
0.1057561 0.1044957 0.1039698 0.1027366 0.1569884 0.1453365 0.0989373 0.0984567 0.0985474 0.1205364 0.1334035 0.1495711 0.1555014 0.1684681 -1.0000000 0.1759217 0.1601077 0.2105602 0.2132986 0.2681761 0.2680582 0.2861845 0.3712029 0.4482962 0.4291906 0.4593225 0.4558677 0.4639651 0.4826082 0.4981774 0.4384215 0.3930560 0.3440997 0.3013184 0.2480368 0.2168532 0.2547741 0.6312997 0.4068026 0.5734299 0.6802924 0.3766344 0.5113890 0.7583287 0.7445549 0.6168005 0.7793656 0.7045030 0.6195390 0.6209626 0.9315664 0.6920984 0.4830163 0.9230337 0.6792314 0.6786692 0.6773998 0.6769464
0.1055113 0.1046590 0.1034802 0.1038973 0.1928420 0.1538148 0.1017573 0.0981302 0.0976497 0.1236013 0.1480296 0.1466422 0.1522823 0.1667815 0.1716237 0.1827769 0.1431603 0.1427341 0.1601984 0.2642770 0.2970022 0.3363287 0.3912697 0.4210479 0.4374966 0.4669574 0.4639198 0.4683267 0.4849567 0.5191237 0.4876499 0.4364357 0.3955043 0.4397545 -1.0000000 0.4173936 0.2687837 0.5519577 0.4077819 0.7363940 0.5874848 0.3778132 0.5086687 0.6238643 0.6163472 0.6174716 0.6179159 0.6185144 0.6197385 0.6210715 0.9161422 0.8102954 0.4840772 0.8054442 0.9399993 0.9088337 0.8688181 0.7146769
0.1580403 0.1218059 0.1084674 0.1456267 0.1874286 0.1146878 0.1003700 0.0982119 0.0973323 0.0965343 0.0953465 0.0947752 0.0938503 0.0984748 -1.0000000 0.1884170 0.1418545 0.1545583 0.1716055 0.2750222 0.5018407 0.3666238 0.4132950 0.4333708 0.4352387 0.4753269 0.4854192 0.4926824 0.4828893 0.5154513 0.5048512 0.5039716 0.4666582 0.4795796 0.3541104 0.4651167 0.3482073 0.6371393 0.4082806 0.7925410 0.3787744 0.3786203 0.5233855 0.6152681 0.6189405 0.6486371 0.6388259 0.6189587 0.6196297 0.6208991 0.8902178 0.8950962 0.8247130 0.7477558 0.7481275 0.7927948 0.9286737 0.8213670
0.1593460 0.1629278 0.1772365 0.1883988 0.1947734 0.1089842 0.1269926 0.1033623 0.0971237 0.0969333 0.0960265 0.1027276 0.0997262 0.0925174 0.1408661 0.1413830 0.1576776 0.1558731 0.1618124 0.3411164 0.5178542 0.3436826 0.4048621 0.4587694 0.4783373 0.4922018 0.4766145 0.4974883 0.4948224 0.4998730 0.5063474 0.5225059 0.5000000 0.4326726 0.3949330 0.4672748 0.3776500 0.6220961 0.4834334 0.6782884 0.5897155 0.4162783 0.7055911 0.8960392 0.9340962 0.9119620 0.9105113 0.7080666 0.6198111 0.6207269 0.7109229 0.8435103 0.9029851 0.9496654 0.9509258 0.8358481 0.8752834 0.9170309
0.1479843 -1.0000000 -1.0000000 0.2039227 0.1473314 0.1239187 0.1862226 0.2117571 0.0971600 0.2703886 0.3042745 0.0964074 0.1675251 0.2019187 0.2251863 0.2139878 0.2206797 0.4367349 0.3664243 0.2851326 0.2865291 0.3346149 0.3866361 0.5150795 0.5218621 0.5379391 0.4920477 0.4917122 0.5028835 0.5182351 0.5146443 0.5367240 0.5295424 0.4638472 0.4275494 0.4514971 0.4254457 0.6748608 0.5724959 0.5878657 0.6933044 0.8495947 0.9782467 0.9970258 0.9927731 0.9551513 0.9709926 0.8269618 0.6203823 0.6203732 0.7024809 0.6661649 0.6236920 0.6243449 0.6254239 0.7503582 0.8352497 0.8952866
