projects/spp-inf/Zonation runs/Test data/Output/out_missingSp4.prop.asc
ncols        649
nrows        555
xllcorner    294205.000000000000
yllcorner    6283604.599999999600
cellsize     0.200000000000
NODATA_value     -1
[rows 286 to 311 of 555, columns 58 to 115 of 649]
0.7344847 0.7443850 0.7608258 0.7173035 0.7167062 0.6930623 0.6976694 0.6796812 0.6616921 0.6402977 0.6467139 0.6714638 0.6140022 0.6596925 0.6914966 0.6537017 0.5985557 0.5849549 0.5619578 0.6118187 0.6328152 0.5402038 0.5263187 0.5559816 0.5115709 0.4979410 0.5416039 0.5843934 0.4690570 0.4525909 0.4371152 0.4293039 0.4565634 0.4709697 0.4888662 0.4986679 0.4468719 0.3828627 0.3772405 0.3443042 0.3415998 0.3389256 0.3479453 0.3369731 0.3162974 0.2984964 0.2439566 0.2065855 0.2455806 0.2489631 0.2026078 0.2026078 0.2065855 0.2026078 0.2664430 0.2647113 0.2248018 0.2582164
0.7334268 0.7231439 0.7252867 0.7173035 0.7661172 0.7194951 0.6817684 0.6889578 0.7344847 0.6930623 0.6346989 0.6402977 0.6473955 0.6202085 0.6053863 0.6047748 0.6033351 0.6053863 0.5640790 0.5619578 0.5599316 0.5354694 0.5296631 0.5225112 0.5164011 0.5085179 0.4900091 0.4888662 0.4709697 0.4545445 0.4422248 0.4478838 0.4880422 0.4709697 0.4252777 0.3962751 0.3846694 0.3866091 0.4422248 0.4342128 0.4088688 0.4273016 0.4118348 0.3754408 0.3039319 0.2673352 0.2073905 0.2065855 0.2057635 0.2057635 0.2389749 0.2034053 0.2122814 0.2168795 0.2759974 0.3598094 0.2726570 0.2835208
0.7855553 0.7505953 0.7190752 0.7505953 0.7897243 0.7167062 0.6834721 0.7194951 0.7742198 0.7215384 0.6616921 0.6340739 0.6402977 0.6222508 0.6307361 0.6152909 0.5945874 0.5810786 0.5849549 0.5749525 0.5701894 0.5505812 0.5402038 0.5237775 0.5144709 0.5005513 0.4960663 0.4900091 0.4671730 0.5018098 0.4525909 0.4382727 0.4282159 0.4195465 0.4098856 0.4282159 0.4442058 0.4740926 0.4888662 0.4411907 0.4362308 0.4442058 0.3713569 0.2751564 0.2682849 0.2331977 0.2073905 0.2065855 0.2057635 0.2050243 0.2042364 0.2315291 0.2566951 0.3340510 0.3460215 0.4652175 0.3515615 0.3561395
0.8653722 0.7681118 0.7194951 0.7681118 0.7855553 0.7050666 0.6889578 0.7656608 0.7813028 0.6912268 0.6424600 0.6346989 0.6328152 0.6328152 0.6075002 0.5965071 0.6424600 0.6202085 0.6118187 0.5566846 0.5606976 0.5421882 0.5282261 0.5204705 0.5115709 0.5025276 0.4979410 0.4842065 0.4671730 0.4908391 0.5416039 0.4642046 0.4293039 0.4362308 0.4946455 0.4939486 0.4576633 0.4565634 0.4204562 0.3933114 0.4244260 0.4009101 0.2827122 0.2891986 0.3101134 0.3219963 0.2281491 0.2065855 0.2057635 0.2050243 0.2050243 0.2114434 0.3322390 0.4516845 0.4392220 0.4146053 0.4184819 -1.0000000
0.8775318 0.8281302 0.7897243 0.8195218 0.7813028 0.6998584 0.6912268 0.7406928 0.7813028 0.7260211 0.7113973 0.6451963 0.6340739 0.6889578 0.6431532 0.5971420 0.6175388 0.7036475 0.6424600 0.5584823 0.5559816 0.5829976 0.5395944 0.5237775 0.5256712 0.5723606 0.5971420 0.5526367 0.4730984 0.4585705 0.5296631 0.5219165 0.4312559 0.4301968 0.4661189 0.4468719 0.3999929 0.3999929 0.4088688 0.4312559 0.3617536 0.3039319 0.2884921 0.2899917 0.2743531 0.2614383 0.2489631 0.2195380 0.2073905 0.2057635 0.2106176 0.3154075 0.3003155 0.3192215 0.2515566 0.2876695 0.4215265 -1.0000000
0.8241698 0.8331244 0.8088690 0.8331244 0.8124137 0.7379513 0.7260211 0.7036475 0.7925919 0.7469876 0.6834721 0.6346989 0.6346989 0.7087618 0.6678674 0.6027061 0.6181190 0.7427433 0.6914966 0.5584823 0.5566846 0.5882270 0.6328152 0.5580019 0.5243547 0.6383210 0.6796812 0.5197638 0.4750538 0.4595703 0.4545445 0.5184752 0.4690570 0.4244260 0.4136835 0.4020125 0.3989944 0.4431795 0.4174292 0.3913790 0.3239389 0.3029770 0.2924963 0.3145144 0.2867942 0.2447404 0.2463563 0.2381392 0.2138877 0.2073905 0.2769125 0.2122814 0.2356651 0.2673352 0.2447404 0.3182243 0.3877280 -1.0000000
0.7384921 0.7379513 0.7379513 0.7379513 0.8195218 0.8398083 0.7946264 0.7778414 0.8195218 0.7379513 0.6467139 0.6362776 0.6673316 0.7427433 0.6914966 0.6652679 0.7269338 0.7113973 0.6152909 0.5599316 0.5526367 0.5803983 0.6889578 0.6194370 0.5580019 0.6678674 0.6507586 0.5402038 0.5225112 0.4681458 0.4536734 0.4525909 0.5336742 0.4633530 0.4262645 0.4029818 0.3933114 0.3828627 0.3636296 0.3460215 0.3312815 0.3561395 0.3460215 0.3505583 0.3136479 0.2439566 0.2097976 0.2089875 0.2082005 0.2315291 0.2498010 0.2130215 0.2130215 0.2223557 0.2566951 0.3505583 -1.0000000 -1.0000000
0.7384921 0.7379513 0.7364987 0.7364987 0.7656608 0.7656608 0.7379513 0.7925919 0.8088690 0.7070839 0.6366929 0.6366929 0.6652679 0.7087618 0.7379513 0.7608258 0.6914966 0.6755811 0.6181190 0.5566846 0.5518486 0.5990937 0.6075002 0.5810786 0.6383210 0.5518486 0.5540388 0.6328152 0.6244622 0.5749525 0.4709697 0.4488683 0.5164011 0.5559816 0.4402333 0.4165040 0.3981532 0.3808836 0.3896473 0.3552610 0.3425134 0.3729900 0.3379549 0.2908577 0.2638502 0.2397981 0.2097976 0.2089875 0.2089875 0.2566951 0.2406676 0.2138877 0.2138877 0.2289675 0.2638502 0.3276444 -1.0000000 -1.0000000
0.7581398 0.7401927 0.7364987 0.7356529 0.7356529 0.7356529 0.7356529 0.7778414 0.8263149 0.7050666 0.6383210 0.6383210 0.6383210 0.6781926 0.7036475 0.7790170 0.6383210 0.5951068 0.6053863 0.5545867 0.5518486 0.5505812 0.5498714 0.5498714 0.6181190 0.5498714 0.5498714 0.6958032 0.7855553 0.6402977 0.4721397 0.4478838 0.5296631 0.6855048 0.5668232 0.4939486 0.4009101 0.3781541 0.3737984 0.3818456 0.3543184 0.3239389 0.3058060 0.3154075 0.3020483 0.2852189 0.2582164 0.2248018 0.2439566 0.2699583 0.2146392 0.2146392 0.2239419 0.2835208 0.3488747 0.3617536 -1.0000000 -1.0000000
0.7855553 0.7505953 0.7703931 0.7356529 0.7344847 0.7344847 0.7344847 0.7608258 0.8168955 0.7681118 0.7012519 0.7036475 0.6389906 0.6976694 0.7523482 0.7194951 0.6721179 0.5730205 0.5559816 0.5526367 0.5945874 0.5505812 0.5498714 0.5483561 0.5483561 0.5483561 0.5498714 0.6069341 0.7231439 0.5277115 0.4565634 0.4459619 0.4661189 0.6383210 0.6873059 0.6152909 0.4861398 0.3877280 0.3627207 0.3488747 0.3322390 0.3083711 0.2976272 0.3407246 0.3369731 0.2867942 0.2984964 0.2984964 0.2852189 0.2154289 0.2154289 0.2471959 0.2793727 0.3048268 0.3389256 -1.0000000 -1.0000000 -1.0000000
0.8281302 0.8009843 0.8331244 0.7681118 0.7344847 0.7334268 0.7334268 0.7334268 0.7742198 0.8124137 0.8124137 0.7608258 0.7260211 0.7260211 0.7581398 0.6011620 0.5868965 0.5628537 0.5619578 0.6431532 0.6537017 0.5505812 0.5498714 0.5483561 0.5477400 0.5909005 0.5824106 0.6118187 0.6328152 0.5135946 0.4888662 0.4422248 0.4301968 0.4488683 0.4605008 0.5316622 0.5435216 0.4880422 0.3886178 0.3451761 0.3276444 0.3003155 0.2793727 0.2647113 0.2323561 0.2182543 0.2175872 0.2168795 0.2162024 0.2162024 0.2162024 0.2542123 0.2809322 0.2933794 0.3379549 -1.0000000 -1.0000000 -1.0000000
0.8884848 0.8603091 0.8603091 0.7855553 0.7344847 0.7334268 0.7327594 0.7327594 0.8009843 0.8124137 0.7379513 0.7269338 0.8009843 0.7742198 0.7464656 0.6431532 0.5640790 0.6118187 0.5783994 0.7113973 0.6930623 0.5505812 0.5498714 0.5668232 0.5477400 0.5463544 0.5463544 0.6118187 0.5909005 0.5477400 0.4842065 0.4351863 0.4468719 0.4127598 0.4079341 0.3905810 0.3781541 0.4392220 0.5025276 0.4536734 0.4118348 0.3524309 0.3294551 0.2622560 0.2307183 0.2498010 0.2175872 0.2168795 0.2168795 0.2323561 0.2341442 0.2498010 0.2809322 0.3598094 0.4321693 -1.0000000 -1.0000000 -1.0000000
0.8281302 0.8124137 0.7925919 0.8281302 0.7925919 0.7681118 0.7327594 0.7309836 0.7304144 0.7379513 0.7285589 0.7285589 0.7985484 0.6739384 0.6118187 0.5647898 0.5647898 0.6011620 0.7050666 0.7632419 0.6755811 0.5505812 0.5505812 0.6027061 0.5477400 0.5463544 0.5455412 0.6047748 0.5243547 0.4459619 0.4362308 0.4545445 0.4605008 0.4088688 0.4136835 0.4442058 0.3877280 0.3680118 0.4392220 0.4979410 0.4225038 0.3781541 0.3561395 0.3101134 0.2976272 0.2630404 0.2215248 0.2175872 0.2647113 0.2835208 0.2699583 0.2933794 0.3644869 0.4450496 0.4009101 0.4986679 -1.0000000 -1.0000000
0.7946264 0.7941708 0.7941708 0.8367239 0.8195218 0.7401927 0.7327594 0.7309836 0.7304144 0.7290486 0.7290486 0.7290486 0.8009843 0.7252867 0.6222508 0.6431532 0.5681906 0.5662069 0.6075002 0.6673316 0.5518486 0.5518486 0.5518486 0.6958032 0.5681906 0.5463544 0.5455412 0.5444124 0.5922248 0.5197638 0.4371152 0.4919652 0.5263187 0.4888662 0.4098856 0.4293039 0.4498056 0.3672315 0.3672315 0.3680118 0.3722005 0.3808836 0.3579826 0.3340510 0.3515615 0.3003155 0.2414150 0.2215248 0.2389749 0.2769125 0.2994291 0.3182243 0.3304464 0.3304464 0.3488747 0.4422248 -1.0000000 -1.0000000
0.7946264 0.8033142 0.8398083 0.8009843 0.7622955 0.7448848 0.7505953 0.7703931 0.7304144 0.7304144 0.7304144 0.7544777 0.8073237 0.7855553 0.7544777 0.7194951 0.5668232 0.5971420 0.6772965 0.5526367 0.5526367 0.5526367 0.5909005 0.7290486 0.5477400 0.5463544 0.5455412 0.5455412 0.6912268 0.5749525 0.4382727 0.4605008 0.6033351 0.5606976 0.4146053 0.4165040 0.4709697 0.3663515 0.3818456 0.4244260 0.4516845 0.4536734 0.4331356 0.4079341 0.4585705 0.3617536 0.3379549 0.2984964 0.3003155 0.2941929 0.2941929 0.3127460 0.3202066 0.3256758 0.3924892 0.4184819 -1.0000000 -1.0000000
0.8398083 0.8702831 0.8653722 0.8454366 0.8168955 0.7941708 0.8073237 0.7855553 0.7379513 0.7309836 0.7379513 0.7469876 0.7344847 0.7469876 0.7681118 0.6288825 0.5701894 0.5909005 0.7344847 0.7036475 0.5929472 0.5540388 0.5540388 0.7194951 0.5477400 0.5463544 0.5463544 0.5463544 0.5463544 0.5868965 0.4661189 0.4730984 0.6537017 0.5336742 0.4155340 0.4633530 0.5225112 0.4411907 0.3617536 0.3608065 0.3763166 0.3589161 0.3579826 0.3571372 0.3561395 0.3989944 0.4009101 0.3479453 0.3589161 0.3434477 0.3286371 0.3498100 0.3533433 0.3451761 0.3999929 -1.0000000 -1.0000000 -1.0000000
-1.0000000 -1.0000000 -1.0000000 0.8939523 0.8912524 0.8775318 0.8281302 0.7681118 0.7544777 0.7327594 0.7327594 0.7334268 0.7344847 0.7356529 0.7985484 0.6256334 0.6175388 0.6772965 0.7231439 0.7401927 0.5688472 0.5545867 0.5749525 0.6796812 0.5477400 0.5477400 0.5545867 0.5477400 0.5477400 0.6307361 0.5463544 0.4849963 0.5849549 0.4740926 0.4165040 0.4488683 0.5277115 0.4282159 0.3790218 0.4041104 0.3598094 0.3589161 0.3579826 0.3571372 0.3561395 0.3552610 0.3543184 0.4331356 0.4709697 0.4740926 0.3896473 0.4402333 0.4831435 0.3737984 0.4068938 -1.0000000 -1.0000000 -1.0000000
-1.0000000 -1.0000000 -1.0000000 -1.0000000 -1.0000000 -1.0000000 0.8702831 0.8331244 0.7703931 0.7581398 0.7443850 0.7334268 0.7897243 0.7985484 0.7661172 0.6265377 0.6555872 0.8033142 0.7523482 0.5951068 0.5559816 0.5559816 0.7167062 0.5668232 0.5483561 0.5483561 0.5929472 0.5483561 0.5483561 0.5477400 0.6889578 0.5342871 0.5929472 0.4861398 0.4967206 0.4671730 0.5243547 0.4750538 0.4041104 0.4605008 0.3971162 0.4041104 0.4478838 0.4576633 0.4252777 0.3552610 0.3552610 0.3663515 0.3981532 0.4642046 0.4273016 0.5104231 0.5668232 0.5435216 -1.0000000 -1.0000000 -1.0000000 -1.0000000
-1.0000000 -1.0000000 -1.0000000 -1.0000000 -1.0000000 -1.0000000 0.8884848 0.8281302 0.7681118 0.8241698 0.7661172 0.7344847 0.7523482 0.8124137 0.8281302 0.6652679 0.6772965 0.8241698 0.7012519 0.5628537 0.5688472 0.7050666 0.7190752 0.5498714 0.5803983 0.5498714 0.5849549 0.6383210 0.5483561 0.5483561 0.6328152 0.7036475 0.7149047 0.5144709 0.5178210 0.6265377 0.6096259 0.4998561 0.4450496 0.5135946 0.4556306 0.3981532 0.4127598 0.4525909 0.4861398 0.4155340 0.3561395 0.3561395 0.3722005 0.3838205 0.3913790 0.4079341 0.4525909 0.5783994 -1.0000000 -1.0000000 -1.0000000 -1.0000000
-1.0000000 -1.0000000 -1.0000000 -1.0000000 -1.0000000 -1.0000000 -1.0000000 0.8381597 0.7742198 0.8367239 0.7755933 0.7505953 0.7379513 0.7681118 0.8281302 0.6976694 0.7231439 0.8567501 0.7581398 0.6118187 0.6096259 0.7260211 0.6118187 0.5909005 0.7304144 0.5505812 0.5505812 0.7149047 0.6244622 0.5498714 0.5498714 0.7050666 0.7290486 0.5803983 0.5606976 0.6873059 0.5322827 0.4536734 0.4459619 0.5545867 0.4986679 0.4633530 0.5038333 0.4351863 0.4545445 0.4986679 0.4215265 0.3846694 0.3877280 0.3933114 0.3971162 0.3924892 0.4545445 0.6118187 -1.0000000 -1.0000000 -1.0000000 -1.0000000
-1.0000000 -1.0000000 -1.0000000 -1.0000000 -1.0000000 -1.0000000 -1.0000000 0.8454366 0.8454366 0.8603091 0.7855553 0.8367239 0.8367239 0.8073237 0.8367239 0.7419838 0.7419838 0.8555331 0.7703931 0.6181190 0.6383210 0.7149047 0.6307361 0.6202085 0.7544777 0.6033351 0.5599316 0.7401927 0.6762100 0.5505812 0.5505812 0.5505812 0.7125549 0.6152909 0.6652679 0.6817684 0.5237775 0.4880422 0.4740926 0.4960663 0.5277115 0.4642046 0.5749525 0.5237775 0.5057718 0.5076897 0.4721397 0.4459619 0.3943161 0.3981532 0.4136835 0.4642046 0.4652175 0.4998561 0.6914966 -1.0000000 -1.0000000 -1.0000000
-1.0000000 -1.0000000 -1.0000000 -1.0000000 -1.0000000 -1.0000000 -1.0000000 -1.0000000 -1.0000000 -1.0000000 0.8603091 0.8775318 0.8739532 0.8702831 0.8653722 0.7544777 0.7427433 0.8241698 0.7469876 0.6402977 0.6889578 0.7855553 0.6889578 0.6216351 0.7344847 0.6855048 0.6159597 0.7581398 0.6328152 0.6033351 0.5518486 0.5545867 0.6834721 0.6930623 0.6714638 0.7252867 0.5296631 0.5540388 0.5322827 0.5237775 0.6011620 0.5065463 0.5566846 -1.0000000 -1.0000000 -1.0000000 -1.0000000 0.4998561 0.4431795 0.4233522 0.5316622 0.6152909 0.5681906 0.5526367 0.6855048 -1.0000000 -1.0000000 -1.0000000
-1.0000000 -1.0000000 -1.0000000 -1.0000000 -1.0000000 -1.0000000 -1.0000000 -1.0000000 -1.0000000 -1.0000000 -1.0000000 -1.0000000 -1.0000000 -1.0000000 0.8653722 0.8454366 0.7790170 0.8073237 0.7464656 0.7190752 0.6714638 0.7755933 0.7718552 0.6445878 0.6616921 0.7334268 0.6175388 0.7718552 0.7469876 0.6307361 0.5599316 0.5790317 -1.0000000 -1.0000000 -1.0000000 -1.0000000 0.6033351 -1.0000000 0.6346989 0.5945874 0.6817684 -1.0000000 -1.0000000 -1.0000000 -1.0000000 -1.0000000 -1.0000000 -1.0000000 0.4927426 0.4831435 -1.0000000 -1.0000000 -1.0000000 -1.0000000 -1.0000000 -1.0000000 -1.0000000 -1.0000000
-1.0000000 -1.0000000 -1.0000000 -1.0000000 -1.0000000 -1.0000000 -1.0000000 -1.0000000 -1.0000000 -1.0000000 -1.0000000 -1.0000000 -1.0000000 -1.0000000 -1.0000000 0.8653722 0.8454366 0.8398083 0.8102250 0.8124137 0.7050666 0.7581398 0.7897243 0.7125549 0.7149047 0.7581398 0.6801733 0.7778414 0.7778414 0.6673316 0.6089039 0.6431532 -1.0000000 -1.0000000 -1.0000000 -1.0000000 -1.0000000 -1.0000000 -1.0000000 -1.0000000 -1.0000000 -1.0000000 -1.0000000 -1.0000000 -1.0000000 -1.0000000 -1.0000000 -1.0000000 -1.0000000 -1.0000000 -1.0000000 -1.0000000 -1.0000000 -1.0000000 -1.0000000 -1.0000000 -1.0000000 -1.0000000
-1.0000000 -1.0000000 -1.0000000 -1.0000000 -1.0000000 -1.0000000 -1.0000000 -1.0000000 -1.0000000 -1.0000000 -1.0000000 -1.0000000 -1.0000000 -1.0000000 -1.0000000 -1.0000000 -1.0000000 -1.0000000 0.8603091 -1.0000000 0.7855553 0.7483578 0.7897243 0.7448848 0.7656608 0.8009843 0.7344847 -1.0000000 -1.0000000 -1.0000000 0.7036475 -1.0000000 -1.0000000 -1.0000000 -1.0000000 -1.0000000 -1.0000000 -1.0000000 -1.0000000 -1.0000000 -1.0000000 -1.0000000 -1.0000000 -1.0000000 -1.0000000 -1.0000000 -1.0000000 -1.0000000 -1.0000000 -1.0000000 -1.0000000 -1.0000000 -1.0000000 -1.0000000 -1.0000000 -1.0000000 -1.0000000 -1.0000000
-1.0000000 -1.0000000 -1.0000000 -1.0000000 -1.0000000 -1.0000000 -1.0000000 -1.0000000 -1.0000000 -1.0000000 -1.0000000 -1.0000000 -1.0000000 -1.0000000 -1.0000000 -1.0000000 -1.0000000 -1.0000000 -1.0000000 -1.0000000 -1.0000000 0.7941708 0.8241698 0.7505953 0.8281302 0.8398083 -1.0000000 -1.0000000 -1.0000000 -1.0000000 -1.0000000 -1.0000000 -1.0000000 -1.0000000 -1.0000000 -1.0000000 -1.0000000 -1.0000000 -1.0000000 -1.0000000 -1.0000000 -1.0000000 -1.0000000 -1.0000000 -1.0000000 -1.0000000 -1.0000000 -1.0000000 -1.0000000 -1.0000000 -1.0000000 -1.0000000 -1.0000000 -1.0000000 -1.0000000 -1.0000000 -1.0000000 -1.0000000
