projects/spp-inf/Zonation runs/Test data/Output/out_missingSp4.prop.asc
ncols        649
nrows        555
xllcorner    294205.000000000000
yllcorner    6283604.599999999600
cellsize     0.200000000000
NODATA_value     -1
[rows 416 to 441 of 555, columns 232 to 289 of 649]
0.8607073 0.8418152 0.6847612 0.6691727 0.6698208 0.8130339 0.8051416 0.7017983 0.8033142 0.9504689 0.9861832 0.9920349 0.9834736 0.9788813 0.9356162 0.9546571 0.9636389 0.9594414 0.9674343 0.9809463 0.9859439 0.9928569 0.9985073 0.9943282 0.9964901 0.9972563 0.9956014 0.9967337 0.9905638 0.9686618 0.9447991 0.9769886 0.9715117 0.9582960 0.9447991 -1.0000000 0.9222886 0.7364987 0.7327594 0.7309836 0.7304144 0.7748533 0.8205101 0.8175023 0.6366929 0.6346989 0.7681118 -1.0000000 -1.0000000 0.7885726 0.7844336 0.7799186 0.7778414 0.7723045 0.7723045 0.7799186 -1.0000000 0.7608258
0.7194951 0.6673316 0.6678674 0.6691727 0.8784089 0.8821663 -1.0000000 -1.0000000 -1.0000000 0.9287399 0.9798052 0.9902947 0.9751672 0.9570650 0.9348641 0.9558666 0.9741102 0.9650357 0.9570650 0.9698011 0.9753897 0.9861832 0.9906973 0.9898844 0.9887197 0.9901466 0.9937609 0.9947776 0.9911137 0.9753897 0.9582960 0.9558666 0.9546571 -1.0000000 0.9287399 0.8887662 0.9125671 0.9262401 0.7327594 0.7309836 0.8338213 0.7290486 0.7512585 0.7799186 0.7967904 -1.0000000 -1.0000000 -1.0000000 0.8148861 0.8073237 0.7967904 0.7844336 0.7885726 0.7755933 0.7818991 -1.0000000 0.7778414 -1.0000000
0.6659775 0.7723045 0.8648289 0.8224739 0.7384921 0.8073237 0.7862539 0.8748287 0.8887662 0.9245049 0.9786674 0.9745094 0.9659091 0.9533909 0.9346136 0.9346136 0.9734401 0.9518927 0.9393077 0.9610866 0.9798052 0.9766921 0.9849921 0.9834736 0.9816354 0.9879869 0.9864182 0.9867608 0.9898844 0.9885611 0.9760660 0.9518927 0.8607073 0.7946264 -1.0000000 0.8887662 -1.0000000 0.8969929 0.8088690 0.7967904 0.7818991 0.7925919 0.7285589 0.7269338 -1.0000000 0.8712415 0.8637131 0.8436558 -1.0000000 -1.0000000 0.7364987 0.7427433 0.7723045 0.7608258 0.7309836 0.7215384 -1.0000000 0.7755933
0.9131972 0.9278083 0.7639746 0.7401927 0.7818991 0.7401927 0.8247985 0.8263149 0.9408951 -1.0000000 0.9760660 0.9636389 0.9659091 0.9679307 0.9504689 0.9345575 0.9594414 0.9490342 0.9337142 0.9565612 0.9659091 0.9565612 0.9783623 0.9876019 0.9694526 0.9504689 0.9546571 0.9713372 0.9604951 -1.0000000 0.9439325 0.9484528 0.8744103 0.8942533 -1.0000000 -1.0000000 -1.0000000 -1.0000000 0.8148861 0.7885726 0.8511922 0.8712415 0.8313671 0.8511922 0.8495203 0.8762058 0.8672434 -1.0000000 -1.0000000 0.8345776 0.7885726 0.7384921 0.7364987 -1.0000000 -1.0000000 0.7290486 0.7544777 0.7755933
0.9671274 0.9840496 0.9642088 0.9101250 0.7406928 0.7406928 0.8461386 0.7799186 0.8105670 -1.0000000 -1.0000000 0.9786674 0.9691672 0.9615780 0.9528155 0.9338251 0.9462318 0.9447991 0.9327499 0.9615780 0.9193177 0.9089084 0.9741102 0.9813533 0.9626567 0.9033836 0.9140652 0.9470356 0.9589215 0.9308481 0.9702767 0.7904212 0.6611991 0.7862539 0.8727521 -1.0000000 -1.0000000 -1.0000000 -1.0000000 -1.0000000 0.8797765 0.8148861 0.8313671 0.8345776 0.8381597 0.8797765 0.8672434 -1.0000000 -1.0000000 0.8148861 0.7723045 0.7448848 0.7448848 -1.0000000 0.7236427 0.7236427 0.7309836 0.7269338
0.7269338 0.8033142 0.8727521 0.8405523 0.8205101 0.8857192 0.8744103 0.7790170 0.8289590 0.8381597 0.8926309 0.9212089 -1.0000000 0.9772750 0.9512627 0.9338251 0.9337142 0.9533909 0.9654109 0.9193177 0.8607073 0.8603091 0.9327499 0.9654109 0.9476324 0.7844336 0.6914966 0.8658485 0.9222886 0.9470356 0.9387136 0.6596925 0.6596925 0.8727521 0.8588048 0.7384921 0.6555872 0.6389906 -1.0000000 -1.0000000 0.8073237 0.8148861 -1.0000000 0.8381597 0.9033836 0.8869077 0.8762058 -1.0000000 -1.0000000 -1.0000000 0.7723045 0.7492000 0.7173035 0.7384921 0.7269338 0.7215384 0.6998584 0.6673316
-1.0000000 -1.0000000 0.2976272 0.5640790 0.8558172 0.9378052 0.8033142 0.7778414 0.8857192 0.8857192 0.7755933 0.8748287 0.9245049 0.9698011 0.9533909 0.9408951 0.9356162 0.9327499 0.9546571 0.9140652 0.8607073 0.8712415 0.8588048 0.9393077 0.9033836 0.8876448 0.8367239 0.6616921 0.7639746 0.8887662 0.7778414 0.6591740 0.6591740 0.6591740 0.7697166 0.6896080 0.6555872 0.6596925 -1.0000000 -1.0000000 0.8105670 0.8263149 0.8436558 0.8418152 0.8511922 0.9033836 0.8900111 0.8263149 0.8073237 0.8051416 0.7236427 0.6159597 0.6140022 0.7406928 0.7334268 0.7093935 0.6659775 0.6659775
-1.0000000 -1.0000000 -1.0000000 -1.0000000 0.5374343 0.5204705 0.4960663 0.5769390 0.8461386 0.6958032 0.6817684 0.8712415 0.9140652 0.9447991 0.9791665 0.9654109 0.9490342 0.9276522 0.9476324 0.9470356 0.9245049 0.9116222 0.8586599 0.9005753 0.9162105 0.9131972 0.8900111 0.7017983 0.6611991 0.6596925 0.6591740 0.6576366 0.6576366 0.6576366 0.8263149 0.7309836 0.7113973 0.6958032 -1.0000000 0.8345776 0.7131541 0.6659775 0.6976694 0.7544777 0.7492000 0.9116222 0.8672434 0.8224739 0.8105670 0.7017983 0.7523482 0.6366929 0.6222508 -1.0000000 0.7427433 0.7419838 0.6659775 0.6652679
0.4029818 0.3229120 0.6473955 0.8205101 0.8658485 0.7967904 0.4946455 0.4946455 0.8224739 0.6801733 0.7799186 0.8818082 0.8926309 0.9327499 0.9533909 0.9753897 0.9626567 0.9327499 0.9270495 0.9533909 0.9546571 0.9318858 0.8570450 0.9060065 0.8926309 0.9234686 0.7093935 0.6914966 0.7990454 0.6636081 0.6591740 0.7194951 0.6570164 0.6570164 0.7384921 0.8418152 0.8615816 0.8539779 0.8570450 0.8511922 0.7566150 0.6514705 0.6424600 0.6698208 0.7173035 0.8436558 0.8436558 0.8381597 0.7427433 0.6636081 0.6555872 0.6307361 0.7364987 0.7492000 0.7309836 0.7544777 0.6659775 0.7017983
-1.0000000 -1.0000000 0.6537017 0.8762058 0.8762058 0.8175023 0.6555872 0.4939486 0.5909005 0.9049875 0.9378052 0.9201921 0.8658485 0.8495203 0.9033836 0.9533909 0.9679307 0.9327499 0.9255868 0.9558666 0.9582960 0.9683646 0.8567501 0.8567501 0.9222886 0.9439325 0.6998584 0.6930623 0.8345776 0.7131541 0.6596925 0.7885726 0.6570164 0.6555872 0.6873059 0.7427433 0.8621140 -1.0000000 0.8637131 0.7194951 0.6834721 0.6636081 0.6424600 0.6409092 -1.0000000 0.8345776 0.8418152 0.8263149 -1.0000000 0.6969829 0.6321919 0.7566150 0.6914966 0.7290486 0.7252867 0.7703931 0.7131541 0.6739384
0.2858999 0.3505583 0.5647898 0.8621140 0.8900111 -1.0000000 0.8495203 0.5463544 0.4927426 0.5184752 0.8051416 0.7469876 0.6698208 0.7492000 0.8926309 0.9447991 0.9533909 0.9425845 0.9255868 0.9245049 0.9582960 0.9589215 0.8876448 0.8558172 0.8857192 0.9287399 0.8900111 0.7587757 0.8900111 0.7448848 0.6611991 0.7946264 0.6873059 0.6801733 -1.0000000 0.8712415 0.8748287 0.8727521 -1.0000000 0.6873059 0.6855048 0.6431532 0.6678674 0.7173035 0.7925919 0.8263149 0.8263149 -1.0000000 0.7427433 0.8712415 0.6328152 0.9023147 0.8130339 0.7236427 0.7990454 0.7990454 0.8607073 0.6383210
-1.0000000 0.2924963 -1.0000000 0.7622955 0.9297820 0.8148861 0.8461386 0.8658485 0.5545867 0.4919652 0.7818991 -1.0000000 0.7885726 0.8033142 0.8847743 0.8926309 0.9722735 0.9636389 0.9490342 0.9245049 0.9116222 -1.0000000 0.9378052 0.8558172 0.8555331 0.8762058 0.9106601 0.7194951 0.8511922 0.8461386 0.7154313 0.6958032 0.7448848 0.8539779 -1.0000000 0.8762058 0.8762058 -1.0000000 0.8511922 0.7050666 0.7173035 0.8263149 0.8148861 0.8105670 0.8033142 0.8009843 0.7131541 0.6265377 0.6896080 0.8263149 0.6340739 0.8175023 0.8534241 0.7252867 0.8990635 0.9020330 0.8478874 0.8130339
-1.0000000 -1.0000000 -1.0000000 0.6222508 0.9222886 0.9125671 0.7344847 0.8748287 0.7844336 0.5707651 0.4908391 0.5402038 0.7469876 0.7483578 0.8511922 0.8869077 0.9674343 -1.0000000 -1.0000000 0.9546571 0.9615780 0.9582960 0.9476324 0.8784089 0.8555331 0.8539779 -1.0000000 0.7113973 0.7309836 -1.0000000 0.7608258 0.6739384 -1.0000000 0.8748287 0.8748287 0.8797765 0.8926309 0.8847743 0.8797765 -1.0000000 -1.0000000 0.8313671 0.8148861 0.7566150 0.7925919 0.7818991 0.6409092 0.6280490 0.6280490 0.6366929 0.6346989 0.6346989 0.7587757 0.7260211 0.7260211 0.7639746 0.7778414 0.9152506
-1.0000000 -1.0000000 -1.0000000 0.5526367 0.8224739 0.9172786 0.7587757 0.7334268 0.8307860 0.8969929 0.8821663 0.8727521 0.9455323 0.8887662 0.8712415 0.8926309 0.9546571 0.8672434 0.8672434 -1.0000000 -1.0000000 0.8534241 0.8558172 0.8926309 0.9033836 0.9116222 0.9116222 0.8539779 0.7566150 0.8672434 -1.0000000 0.8539779 0.8615816 0.8637131 -1.0000000 0.8847743 0.7608258 0.8847743 -1.0000000 -1.0000000 0.8511922 0.8478874 0.7113973 0.6537017 0.7967904 0.7844336 0.6772965 0.7862539 0.7469876 0.9297820 0.9338251 0.9270495 0.9439325 0.9172786 0.8495203 0.7818991 -1.0000000 0.8969929
0.5477400 0.3552610 0.2524942 -1.0000000 -1.0000000 0.8478874 0.8914871 0.7327594 0.7327594 0.7364987 0.8478874 0.8690703 0.8478874 0.8489267 0.8534241 0.8821663 0.8205101 0.8418152 0.8588048 0.8857192 0.8900111 0.7384921 0.8130339 -1.0000000 -1.0000000 0.8797765 0.8615816 -1.0000000 -1.0000000 0.8797765 -1.0000000 0.8224739 -1.0000000 -1.0000000 -1.0000000 0.6976694 0.7469876 0.8345776 -1.0000000 -1.0000000 0.8637131 0.7050666 0.6366929 0.6366929 -1.0000000 -1.0000000 -1.0000000 -1.0000000 0.7215384 0.7309836 0.7862539 0.8525550 0.8951212 0.9172786 0.9080466 0.9270495 0.8969929 0.9769886
0.4565634 0.3772405 0.2264906 0.2264906 0.4059662 0.7017983 0.8748287 0.7448848 0.7309836 0.7639746 0.7492000 0.7505953 0.8951212 0.8784089 0.9201921 0.8539779 0.6801733 0.8338213 0.8900111 0.9278083 0.7401927 0.7401927 0.8558172 0.9201921 0.8857192 0.7778414 0.7427433 0.7799186 -1.0000000 -1.0000000 -1.0000000 0.6998584 0.6896080 0.7070839 0.8033142 0.8224739 -1.0000000 -1.0000000 0.8914871 0.8762058 0.8748287 0.7050666 0.6409092 0.6244622 0.6340739 0.6507586 0.6896080 0.6596925 0.7173035 -1.0000000 0.9063953 0.9439325 0.9642088 0.9780301 0.9642088 0.9512627 0.8833572 0.8835879
-1.0000000 -1.0000000 0.2606089 0.2281491 0.2994291 0.5104231 0.8658485 0.8607073 0.7885726 0.7173035 0.8951212 0.9470356 0.9553744 0.7566150 0.7778414 0.5965071 0.8205101 0.8784089 0.9259322 0.7427433 0.7674140 0.8607073 0.8990635 0.9023147 0.7448848 0.7443850 0.8130339 0.8727521 0.8525550 0.8175023 0.7904212 0.6555872 0.6636081 0.6976694 0.7639746 0.7194951 0.7269338 0.7215384 -1.0000000 0.8926309 0.7427433 0.7215384 0.6762100 0.6346989 0.6181190 0.6159597 0.6111755 0.6111755 0.6781926 0.6739384 0.8784089 0.8796647 0.8797765 0.8813335 0.8818082 0.8821663 0.8833572 0.8835879
0.3695977 -1.0000000 0.2323561 0.2315291 0.2298421 0.3589161 0.5322827 0.4979410 0.4960663 0.4184819 0.5518486 0.5526367 0.5540388 0.5545867 0.5951068 0.8247985 0.8784089 0.8247985 0.9106601 0.7443850 0.7818991 0.8900111 0.9089084 0.7862539 0.7748533 0.8405523 0.8690703 0.9049875 0.7017983 0.7587757 0.6570164 0.6570164 0.6801733 0.7608258 0.7406928 0.7207005 0.7448848 0.7427433 -1.0000000 -1.0000000 -1.0000000 0.7364987 0.7017983 0.6698208 0.6616921 0.6451963 0.6096259 0.6781926 0.7639746 -1.0000000 0.9106601 0.9553744 0.8900111 0.9827259 0.9063953 0.9589215 0.9201921 0.8835879
0.3763166 0.3781541 0.2356651 0.2349284 0.2769125 0.3350835 0.4701475 0.5303485 0.5545867 -1.0000000 0.6159597 0.7587757 0.8658485 0.9278083 0.9308481 0.8784089 0.8570450 0.8876448 0.9131972 0.8990635 0.8148861 0.8821663 0.8024254 0.8313671 0.9106601 0.8345776 0.6817684 0.6801733 0.6591740 0.6576366 0.6576366 0.7344847 0.7269338 0.7661172 0.7215384 0.7215384 0.7215384 0.7925919 -1.0000000 -1.0000000 0.9193177 0.9116222 -1.0000000 0.6834721 0.6998584 0.6321919 0.5668232 0.5647898 0.8088690 0.8784089 0.8818082 0.9259322 0.9418279 0.9757596 0.9757596 0.9827259 0.9589215 0.9089084
0.3818456 0.3799914 0.3808836 0.3561395 0.2858999 0.4049805 0.5518486 0.5688472 -1.0000000 0.7492000 0.8175023 0.8313671 -1.0000000 -1.0000000 0.8762058 0.8821663 0.8969929 0.8821663 0.9498698 -1.0000000 0.9005753 0.7778414 0.7772537 0.7755933 0.8247985 0.6825335 0.6817684 0.8461386 0.7799186 0.7946264 0.7215384 0.7344847 0.7512585 0.7344847 0.7231439 0.7236427 0.7309836 0.7844336 0.8847743 -1.0000000 -1.0000000 0.7448848 0.7017983 0.6896080 0.6855048 0.5951068 0.5889510 0.5505812 -1.0000000 0.8951212 0.9308481 0.8821663 0.8833572 0.8835879 0.9439325 0.9730898 0.9498698 0.9100189
0.3856932 0.3877280 0.3856932 0.3838205 0.2574041 0.3703872 0.5647898 0.6202085 0.6451963 0.7492000 0.8313671 0.8607073 0.9172786 0.9348641 0.9262401 0.9234686 0.8951212 0.9201921 0.9745094 0.9902947 0.9318858 0.7778414 0.9131972 0.9131972 0.7748533 0.7492000 0.7448848 0.8247985 0.7448848 0.7231439 0.7231439 0.7566150 0.7608258 0.7364987 0.7236427 0.7290486 0.7967904 0.8621140 -1.0000000 0.9393077 -1.0000000 0.7566150 0.7469876 0.6855048 0.6576366 0.6011620 -1.0000000 0.6181190 0.6555872 0.8558172 0.9632164 0.9498698 0.9262401 0.9455323 0.9455323 0.9748806 0.9101250 0.9101250
0.3924892 0.3913790 0.4029818 0.3866091 0.3048268 0.2524942 0.3136479 0.5043492 0.5361107 0.6739384 0.6855048 0.6636081 0.7492000 0.7990454 0.8784089 0.9408951 0.8914871 0.8073237 0.8784089 0.9819165 0.9338251 0.8224739 0.9222886 0.9270495 0.8658485 0.8130339 0.9005753 0.7260211 0.7236427 0.7236427 0.7236427 0.7723045 0.7799186 0.7260211 0.7252867 0.7252867 0.8105670 -1.0000000 -1.0000000 0.9393077 -1.0000000 0.7967904 0.7406928 0.6976694 0.6346989 0.5606976 0.5929472 0.6555872 0.6194370 0.6721179 0.9201921 0.9348641 0.9589215 0.9541183 0.9385596 0.9600687 0.9106601 0.9106601
-1.0000000 0.3943161 0.4536734 0.4301968 0.3286371 0.2682849 0.2515566 0.2507281 0.2507281 0.4049805 0.4342128 0.4525909 0.4614813 0.5769390 0.7334268 0.8345776 0.6698208 0.6431532 0.6445878 0.8835879 0.9049875 0.8876448 0.9348641 0.9278083 0.9049875 0.8145930 0.8525550 0.7252867 0.7252867 0.7252867 0.7334268 0.7778414 0.7448848 0.7469876 0.7260211 0.7661172 0.8105670 0.8073237 0.7967904 -1.0000000 -1.0000000 0.9212089 -1.0000000 0.7017983 0.6451963 0.5707651 0.6033351 0.6366929 0.7017983 0.6958032 0.7236427 0.7639746 0.9512627 0.9484528 0.9447991 0.9378052 0.9402159 0.9528155
0.3672315 0.3971162 0.5219165 0.6069341 0.5085179 0.4204562 0.4411907 0.4331356 0.2498010 0.3172541 0.3877280 0.4127598 0.4342128 0.4351863 0.5296631 0.6409092 0.6424600 0.6781926 0.6825335 0.7236427 0.7252867 0.8942533 0.9679307 0.9297820 0.9184428 0.9005753 0.8367239 0.7260211 0.7260211 0.7260211 0.7269338 0.7290486 0.7285589 0.7364987 0.7269338 0.7269338 0.7608258 0.8224739 0.8105670 -1.0000000 0.8797765 0.7885726 -1.0000000 0.7070839 0.6514705 0.6389906 0.5723606 0.6659775 0.8461386 0.8313671 0.8405523 0.8205101 0.9297820 0.9484528 0.9757596 0.9212089 0.9378052 0.9470356
0.4362308 0.5336742 0.6489048 0.7207005 0.5904435 0.5435216 0.5197638 0.4960663 -1.0000000 0.4041104 0.4791658 0.5929472 0.6265377 0.6075002 0.5790317 0.6998584 0.7512585 0.7512585 0.7990454 0.8313671 0.7778414 0.8418152 0.9683646 0.9455323 0.8338213 0.8033142 0.7309836 0.7269338 0.7269338 0.7269338 0.7269338 0.7269338 0.7285589 0.7285589 0.7285589 0.7285589 0.7885726 0.7844336 0.8313671 0.8224739 0.8539779 -1.0000000 -1.0000000 -1.0000000 0.6825335 0.6781926 0.7215384 0.7448848 0.7512585 0.7990454 0.8847743 0.8784089 0.9020330 0.9553744 0.9402159 0.9211107 0.9201921 0.9060065
0.5277115 0.5580019 0.6216351 -1.0000000 0.5843934 0.5599316 0.5599316 0.4802897 0.3101134 0.4301968 0.5868965 0.7818991 0.8744103 0.8588048 0.7334268 0.7492000 0.8175023 0.8418152 0.8781056 0.8712415 0.7622955 0.7469876 0.9222886 0.9484528 0.8969929 0.8247985 0.7260211 0.7260211 0.7260211 0.7260211 0.7260211 0.7269338 0.7285589 0.7290486 0.7290486 0.7290486 0.7290486 0.7639746 0.7904212 0.7703931 0.8009843 -1.0000000 0.7661172 0.7544777 0.6998584 0.6896080 -1.0000000 0.6140022 0.7194951 0.8130339 0.8857192 0.9131972 0.8914871 0.9049875 0.9367309 0.9297820 0.9234686 0.9600687
