projects/spp-inf/Zonation runs/Test data/Output/out_missingSp4.prop.asc
ncols        649
nrows        555
xllcorner    294205.000000000000
yllcorner    6283604.599999999600
cellsize     0.200000000000
NODATA_value     -1
[rows 234 to 259 of 555, columns 290 to 347 of 649]
0.8130339 0.8405523 0.9049875 0.8105670 0.7173035 0.9408951 0.9023147 0.8727521 0.9553744 0.9683646 0.9484528 0.8942533 0.8534241 0.9904324 0.9912527 0.9933938 0.9348641 0.6914966 0.3989944 0.2406676 0.1082890 0.0550451 0.1446911 0.2073905 0.2231426 0.1405641 0.0919638 0.0919638 0.1282369 0.0600827 0.0607182 0.1297517 0.2630404 0.4498056 0.6005615 0.6549231 0.4642046 0.4642046 0.5256712 0.5580019 0.5178210 0.4908391 0.4622588 0.4422248 0.4293039 0.3617536 0.3286371 0.3286371 0.3846694 0.4411907 0.5065463 0.5381733 0.6131300 0.6914966 0.7536885 0.7697166 0.7304144 0.7093935
0.7674140 0.9367309 -1.0000000 0.9080466 0.7190752 0.8857192 0.9201921 -1.0000000 0.8744103 0.9498698 0.9650357 0.9201921 0.8648289 0.9973999 0.9946002 0.9691672 0.8024254 0.4822332 0.2785400 0.1775173 0.0759917 0.0544228 0.1376861 0.2146392 0.2256306 0.1956085 0.1297517 0.1090068 0.1446911 0.0613498 0.0607182 0.1539186 0.2481056 0.4059662 0.5296631 0.5783994 0.4652175 0.4652175 0.5219165 0.5156547 0.5296631 0.4939486 0.5178210 0.5316622 0.4402333 0.3924892 0.3695977 0.3933114 0.4842065 0.5505812 0.5803983 0.6216351 0.6889578 0.7379513 0.7207005 0.7622955 0.7512585 0.7379513
0.8405523 0.9318858 -1.0000000 0.9378052 0.8418152 0.8712415 0.8942533 0.7967904 0.9131972 0.9498698 0.9589215 0.8588048 0.8558172 0.9988420 0.9933938 0.9049875 0.5868965 0.2884921 0.1845775 0.0633255 0.0505029 0.0531316 0.0898866 0.1397888 0.1419594 0.1482408 0.1767352 0.1726503 0.1941304 0.1061008 0.0613498 0.1161842 0.1869568 0.3127460 0.4431795 0.4861398 0.5498714 0.4900091 0.4900091 0.5197638 0.5455412 0.5640790 0.6047748 0.5843934 0.4701475 0.4402333 0.4020125 0.4842065 0.5219165 0.5277115 0.6111755 0.6570164 -1.0000000 0.6340739 0.6714638 0.7269338 0.7285589 0.7070839
0.8224739 0.8744103 0.7070839 0.7427433 0.8539779 0.8024254 0.7990454 0.7985484 0.9080466 0.8539779 0.8539779 0.8555331 0.8558172 0.9991294 0.9921402 0.8821663 0.3933114 0.1822664 0.1244593 0.0697428 0.0505029 0.0498790 0.0620065 0.0870665 0.0788651 0.0926788 0.1688464 0.1853896 0.2009955 0.1489139 0.0620065 0.0620065 0.1703616 0.3154075 0.4516845 0.5104231 0.5723606 -1.0000000 0.4536734 0.4652175 0.5395944 0.5580019 0.5599316 0.5416039 0.5038333 0.4671730 0.4998561 0.5296631 0.5444124 0.5668232 0.5971420 0.6383210 0.6467139 0.6507586 0.6817684 0.7772537 0.7167062 0.7065233
0.7674140 0.8024254 0.7512585 0.7087618 0.8588048 0.8436558 0.8367239 0.9234686 0.9338251 0.8534241 0.9418279 0.9184428 0.8558172 0.9977199 0.9883840 0.9075948 0.4059662 0.1397888 0.0898866 0.0620065 0.0898866 0.0781685 0.0492909 0.0684586 0.0836405 0.1426340 0.1853896 0.1884394 0.1884394 0.1892529 0.0990185 0.0626490 0.1539186 0.3286371 0.5518486 0.6152909 0.6047748 0.5619578 -1.0000000 0.5197638 0.5455412 0.5647898 0.5599316 0.5640790 0.5559816 0.5005513 0.5584823 0.5640790 0.5559816 0.5681906 0.6005615 0.6181190 0.6409092 0.6714638 0.7194951 0.7334268 0.7125549 0.7050666
0.9131972 0.9005753 0.8857192 0.7093935 0.9106601 0.9172786 0.9005753 0.9063953 0.7925919 0.7065233 0.9650357 0.9152506 0.8567501 0.9565612 0.9367309 0.9297820 0.5730205 0.2307183 0.0724075 0.0690798 0.0863634 0.1096784 0.0919638 0.0486751 0.1061008 0.1877365 0.2223557 0.2146392 0.2065855 0.2168795 0.1523194 0.1439904 0.2082005 0.3754408 0.5303485 0.5882270 0.6005615 0.5455412 0.6362776 0.6445878 0.5783994 0.5864446 0.5945874 0.5599316 0.5455412 0.5296631 0.5435216 0.5769390 0.5619578 0.5336742 0.5730205 0.6280490 0.6431532 0.6796812 0.7012519 0.6958032 0.7087618 0.7043291
0.9837731 0.9730898 0.9719613 0.9526219 0.9726963 0.9832402 0.8969929 0.6834721 0.8621140 0.7050666 0.8990635 0.9201921 0.8570450 0.8784089 0.7167062 0.7154313 0.3905810 0.0822769 0.0954362 0.0697428 0.0767351 0.0891675 0.1195077 0.0738278 0.0480373 -1.0000000 0.2559323 0.2574041 0.2307183 0.2709070 0.2057635 0.2207621 0.2582164 0.4155340 0.5743928 0.6069341 0.6340739 0.5606976 0.6280490 0.6591740 0.6362776 0.6005615 0.6222508 0.6131300 0.6027061 0.5619578 0.5303485 0.5723606 0.5322827 0.5668232 0.5864446 0.6027061 0.6383210 0.6721179 0.6930623 0.6969829 0.6762100 0.7065233
0.8367239 0.7492000 0.8658485 0.9498698 0.9348641 0.9912527 0.7967904 0.6825335 0.8712415 0.7309836 0.7043291 0.9152506 0.9455323 0.9719613 0.9338251 0.8247985 0.4946455 0.0947577 0.0703749 0.0891675 0.0738278 0.0724075 0.0926788 0.0933505 0.1143222 -1.0000000 0.3498100 0.3687067 0.3407246 0.3543184 0.3627207 0.3644869 0.3425134 0.4059662 -1.0000000 0.5237775 0.5559816 0.5518486 0.6280490 0.6796812 0.5803983 0.6181190 0.6321919 0.6256334 0.6027061 0.5498714 0.5316622 0.5316622 0.5322827 0.5922248 0.5701894 0.5723606 0.6131300 0.6678674 0.6953253 0.7190752 -1.0000000 -1.0000000
0.5374343 0.4661189 0.5104231 0.6033351 0.9418279 0.9811963 0.7755933 0.6636081 0.8558172 0.9063953 0.6969829 0.6053863 0.9455323 0.9664384 0.9565612 0.6159597 0.2950310 0.0961960 0.0710452 0.0710452 0.0716791 0.0829455 0.0731425 0.1312708 0.1695927 -1.0000000 0.3579826 0.4252777 0.4880422 0.5135946 0.5599316 0.5540388 0.5374343 0.4998561 0.5455412 0.4960663 0.4967206 0.5824106 0.5763281 0.5790317 0.6111755 0.6467139 0.6152909 0.6069341 0.5945874 0.5322827 0.5619578 0.5395944 0.5640790 0.5749525 0.5707651 0.5769390 0.6340739 0.6870082 0.7043291 0.7941708 -1.0000000 0.8307860
0.3415998 0.6265377 0.8130339 0.9262401 0.9679307 0.9600687 0.6202085 0.5444124 0.9512627 0.9553744 0.8658485 0.4422248 0.6537017 0.9541183 0.9278083 0.4098856 0.0781685 0.0870665 0.0863634 0.0745190 0.0716791 0.0724075 0.0731425 0.0898866 0.1341910 0.1877365 0.3162974 0.4079341 0.4880422 0.5965071 0.6235890 0.6402977 0.6691727 0.5395944 0.5965071 0.5316622 0.5197638 0.6216351 0.5769390 0.6152909 0.6402977 0.6762100 0.6796812 0.6181190 0.5374343 0.5505812 0.5904435 0.5904435 0.5843934 0.6175388 0.6111755 0.6089039 0.6537017 0.6969829 0.7558791 0.7897243 -1.0000000 0.8364707
0.4059662 0.8461386 0.8495203 0.9023147 0.8607073 0.5342871 0.4633530 0.4642046 0.9455323 0.9378052 0.9748806 0.8436558 0.3248053 0.5124054 0.9020330 0.6937040 0.1496154 0.0738278 0.0906075 0.0724075 0.0724075 0.0724075 0.0767351 0.1305267 0.1814604 0.2498010 0.3145144 0.4068938 0.4960663 0.6175388 0.6362776 0.6402977 0.7125549 0.5783994 0.5619578 0.5076897 0.5277115 0.6530909 0.6152909 0.6631432 0.6431532 0.6611991 0.6801733 0.6530909 0.6235890 0.5477400 0.5882270 0.6389906 0.6383210 0.6340739 0.6235890 0.6256334 0.6721179 0.7304144 0.7985484 0.7406928 0.7639746 0.8636135
0.4998561 0.8707893 0.6596925 0.5402038 0.1971406 0.4622588 0.7544777 0.4642046 0.8345776 0.9470356 0.9297820 0.9691672 0.6576366 0.3239389 0.3229120 0.6678674 0.2908577 0.0738278 0.0731425 0.0802712 0.0982957 0.0809176 0.1181678 0.1384031 0.1925558 0.2717656 0.3350835 0.4059662 0.5395944 0.6389906 0.7327594 0.7107334 0.7464656 0.5619578 0.5038333 0.5076897 0.5723606 0.6631432 0.6678674 0.7012519 0.6847612 0.6489048 0.6796812 0.6825335 0.6537017 0.5985557 0.6152909 0.6652679 0.6652679 0.6631432 0.6424600 0.6507586 0.6889578 0.7464656 0.7748533 0.7622955 0.7790170 0.8067977
0.4422248 0.6389906 0.5559816 0.4888662 0.1963391 0.6855048 0.6834721 0.5849549 0.5197638 0.9408951 0.7778414 0.8821663 0.9262401 0.8607073 0.3398223 0.3202066 0.3415998 0.0822769 0.0738278 0.0738278 0.0745190 0.1195077 0.2026078 -1.0000000 0.2162024 0.2559323 0.3828627 -1.0000000 0.5640790 0.6570164 0.7207005 0.7772537 0.7772537 0.5904435 -1.0000000 0.5965071 0.6631432 0.7043291 0.6969829 0.7285589 0.7252867 0.6755811 0.6494144 0.6755811 0.6631432 0.6591740 0.6652679 0.6611991 0.6631432 0.6762100 0.6507586 0.6691727 0.7231439 0.7622955 0.7697166 -1.0000000 0.8168955 0.8221980
0.2009955 0.6265377 0.8658485 0.7925919 0.1956085 0.5065463 0.7862539 0.8088690 0.5342871 0.6801733 0.7639746 0.3737984 0.4802897 0.5929472 0.4927426 0.0788651 0.2994291 0.1054147 0.0745190 0.0745190 0.1475675 0.1718501 0.2009955 0.2655217 0.3425134 0.3533433 0.3877280 -1.0000000 0.6131300 0.6235890 0.6244622 0.7190752 0.7558791 0.6280490 0.6216351 0.6537017 0.7167062 0.7443850 0.7464656 0.7464656 0.7334268 0.7113973 0.6678674 0.6555872 0.6631432 0.6755811 0.6781926 0.6969829 0.7043291 0.6930623 0.6801733 0.6958032 0.7536885 0.7897243 0.7941708 0.8221980 0.8260763 0.8534241
0.2916704 0.4585705 0.8205101 0.7799186 0.1948183 0.1948183 0.7236427 0.8418152 0.8051416 0.3838205 0.5599316 0.1869568 0.1047072 0.1412377 0.3695977 0.0781685 0.0954362 0.1181678 0.0752544 0.0752544 0.0809176 0.2162024 0.2273181 0.2471959 0.4049805 0.4252777 0.4108751 0.5803983 0.6652679 0.6362776 0.6244622 0.7012519 -1.0000000 0.6611991 0.7087618 0.7379513 0.7600989 0.7742198 0.7656608 0.7536885 0.7443850 0.6930623 0.6958032 0.6847612 0.6691727 0.6636081 0.6958032 0.7043291 0.7043291 0.7113973 0.7260211 0.7419838 0.7855553 0.7985484 0.8124137 0.8307860 0.8224739 0.8435437
0.1334584 0.2759974 0.6549231 0.4908391 0.2899917 0.1941304 0.3488747 0.8405523 0.6011620 0.5243547 0.3304464 0.1039726 0.1039726 0.1175066 0.1397888 0.1024818 0.0774520 0.1010239 0.0759917 0.0759917 0.0759917 0.2002275 0.2673352 0.2647113 0.3818456 0.4488683 -1.0000000 -1.0000000 0.6235890 0.6280490 0.6280490 0.6912268 0.7252867 0.7379513 0.7855553 0.8024254 0.8168955 0.7941708 0.7790170 0.7742198 0.7558791 0.7334268 0.7379513 0.7231439 0.6914966 0.7012519 0.7043291 0.6969829 0.7043291 0.7154313 0.7622955 0.7941708 0.8191824 0.8289590 0.8603091 0.8726549 0.8689856 0.8534241
0.1568428 0.3020483 0.2785400 0.5057718 0.7925919 0.7309836 0.1742854 0.6005615 0.4802897 0.1297517 0.1032298 0.1032298 0.1032298 0.1039726 0.1305267 0.1453951 0.0774520 0.0767351 0.0767351 0.0767351 0.0829455 0.1759375 0.2933794 0.3695977 0.3999929 0.4146053 -1.0000000 -1.0000000 -1.0000000 -1.0000000 -1.0000000 -1.0000000 0.7379513 0.7697166 0.8067977 0.8435437 0.8304399 0.8191824 0.8067977 0.7862539 0.7697166 0.7581398 0.7464656 0.7443850 0.7304144 0.7379513 0.7304144 0.7231439 0.7379513 0.7581398 0.8024254 0.8534241 0.8534241 0.8796647 0.8833572 0.8607073 0.8869077 0.9060065
0.0975528 0.0788651 0.0788651 0.3322390 0.3838205 0.6366929 0.2515566 0.1735032 0.3533433 0.1032298 0.1024818 0.1024818 0.1208712 0.1061008 0.1267473 0.1068428 0.0774520 0.0774520 0.0774520 0.0774520 0.0774520 0.1341910 0.2664430 0.4556306 0.4939486 0.4811966 -1.0000000 0.6235890 -1.0000000 0.6299697 0.6340739 0.6530909 0.7012519 -1.0000000 0.8478874 0.8796647 0.8558172 0.8331244 0.8241698 0.8221980 0.7985484 0.7862539 0.7772537 0.7558791 0.7918717 0.8024254 0.7904212 0.7862539 0.8067977 0.8534241 0.8912524 0.9100189 0.9080466 0.9003616 0.8912524 0.8615816 0.8726549 0.8961595
0.1523194 0.0781685 0.0898866 0.1244593 0.0836405 0.2614383 0.2507281 0.2916704 0.1362803 0.1075961 0.1017641 0.1489139 0.1576449 0.0891675 0.1010239 0.0781685 0.0781685 0.0781685 0.0781685 0.0781685 0.0781685 0.1117103 0.1994857 0.2959456 0.4195465 0.5277115 0.5783994 0.5904435 -1.0000000 -1.0000000 -1.0000000 0.7012519 0.7632419 0.7904212 0.8603091 0.8961595 0.8876448 0.8707893 0.8511922 0.8307860 0.8241698 0.8221980 0.8241698 0.8307860 0.8511922 0.8603091 0.8648289 0.8689856 0.8796647 0.9003616 0.9140102 0.9374551 0.9270397 0.9060065 0.8884848 0.8796647 0.9140102 0.9193177
0.1468312 0.0774520 0.0863634 0.1075961 0.0829455 0.1502616 0.1252109 0.1305267 0.1010239 0.0816286 0.1334584 0.1838617 0.1710951 0.0802712 0.0822769 0.0788651 0.0788651 0.0788651 0.0788651 0.0788651 0.0788651 0.1510006 0.2231426 0.2550831 0.3210711 0.3687067 0.5416039 0.6005615 0.7558791 0.7587757 0.8006682 0.8006682 0.7334268 0.8067977 0.8558172 0.9003616 0.9100189 0.9033658 0.8961595 0.8761490 0.8689856 0.8648289 0.8761490 0.8833572 0.8961595 0.9033658 0.9140102 0.9231570 0.9162105 0.9305805 0.9425237 0.9305805 0.9270397 0.9270397 0.9193177 0.9446979 0.9446979 0.9402043
0.1461044 0.0884624 0.0665326 0.1096784 0.0759917 0.0620065 0.0822769 0.1017641 0.1010239 0.0809176 0.1502616 0.2073905 0.1830842 0.0802712 0.0795455 0.0795455 0.0795455 0.0795455 0.0795455 0.0795455 0.1208712 0.1742854 0.2289675 0.2533876 0.3154075 0.3737984 0.4762042 0.6340739 -1.0000000 0.7149047 0.7327594 0.7558791 0.7483578 0.8221980 0.8435437 0.8961595 -1.0000000 0.9231570 0.9172461 0.9162105 0.9060065 0.9060065 0.9100189 0.9172461 0.9231570 0.9305805 0.9305805 0.9193177 0.9193177 0.9270397 0.9242594 0.9234686 0.9242594 0.9345575 0.9518400 0.9546549 0.9546549 0.9546549
0.1482408 0.1475675 0.0436952 0.0891675 0.1032298 0.0613498 0.1003702 0.1090068 -1.0000000 0.1010239 0.1948183 0.2248018 0.2381392 0.2034053 0.1047072 0.1188583 0.0802712 0.0802712 0.0802712 0.0802712 0.1956085 0.2414150 0.2959456 0.2481056 0.2950310 0.3729900 0.4730984 0.5178210 0.6005615 0.6321919 0.6467139 0.7304144 0.7697166 -1.0000000 -1.0000000 -1.0000000 0.9162105 0.9231570 0.9231570 0.9231570 0.9193177 0.9231570 0.9270397 0.9305805 0.9374551 0.9425237 0.9374551 0.9212089 0.9198632 0.9231570 0.9231570 0.9345575 0.9374551 0.9518400 0.9546549 0.9546549 0.9570597 0.9570597
0.1618171 0.2307183 0.0430797 0.1244593 0.1155972 0.0703749 0.0607182 0.0600827 0.1047072 0.1475675 0.2162024 0.2489631 0.2769125 0.3058060 0.2818427 0.2223557 0.1290014 0.0809176 0.1054147 0.1799022 0.3304464 0.3981532 0.3781541 0.3989944 0.3407246 0.3971162 0.4321693 0.4791658 0.5354694 0.6340739 0.6781926 -1.0000000 0.7941708 0.8124137 -1.0000000 0.8726549 0.9060065 0.9193177 0.9305805 0.9305805 0.9270397 0.9270397 0.9345575 0.9345575 0.9425237 0.9446979 0.9446979 0.9446979 0.9198632 0.9198632 0.9270397 0.9489990 0.9546549 0.9546549 0.9570597 0.9570597 0.9570597 0.9683646
-1.0000000 0.3856932 0.0424617 0.0961960 0.0795455 0.0678006 0.0639713 0.0607182 0.0933505 0.1814604 0.2414150 0.2852189 0.3322390 0.3451761 0.3350835 -1.0000000 0.2175872 0.1405641 0.1892529 0.3340510 0.3943161 0.4252777 0.4362308 0.4127598 0.3905810 0.4165040 0.4488683 0.4960663 0.5566846 -1.0000000 0.6930623 -1.0000000 -1.0000000 0.7941708 0.8378986 0.8707893 -1.0000000 0.9231570 0.9374551 0.9374551 0.9402043 0.9446979 0.9402043 0.9402043 0.9446979 0.9470323 -1.0000000 0.9270397 0.9193177 0.9345575 0.9546549 0.9546549 0.9570597 0.9570597 0.9570597 0.9582960 0.9610788 0.9626027
0.1405641 0.3543184 0.0418440 0.0531316 0.1117103 0.0678006 0.0678006 0.0665326 0.1061008 0.1963391 0.2959456 -1.0000000 0.4342128 0.3746547 -1.0000000 0.4009101 0.3479453 0.2769125 0.3020483 0.3644869 0.5156547 -1.0000000 0.4431795 0.4831435 0.4740926 0.4652175 0.4312559 0.4986679 0.5803983 -1.0000000 0.6969829 0.7748533 0.7875803 0.8047216 0.8191824 0.8478874 0.8833572 0.9172461 0.9374551 0.9446979 0.9470323 0.9470323 0.9470323 0.9470323 0.9518400 0.9518400 0.9518400 0.9425237 -1.0000000 0.9446979 0.9489990 0.9489990 0.9345575 0.9594103 0.9594103 0.9610788 0.9626027 0.9646024
0.1433342 0.2550831 0.0412360 0.0418440 0.0473794 0.0843284 0.0703749 0.0947577 0.1397888 0.2273181 -1.0000000 -1.0000000 -1.0000000 -1.0000000 0.3866091 0.3808836 0.4049805 0.3276444 0.3772405 0.3933114 0.4919652 0.5559816 0.5628537 -1.0000000 0.4450496 0.4321693 0.4642046 0.5277115 0.6216351 0.6721179 0.7043291 0.8047216 0.7862539 0.7941708 0.8067977 0.8338213 0.8707893 0.9080466 0.9402043 0.9489990 0.9355989 0.9489990 0.9489990 0.9546549 0.9546549 0.9546549 0.9446979 0.9402043 0.9140102 0.9231570 0.8985628 0.9172461 0.9470323 0.9425237 0.9436094 0.9446979 0.9470323 0.9446979
