projects/spp-inf/Zonation runs/Test data/Output/out_missingSp2.prop.asc
ncols        649
nrows        555
xllcorner    294205.000000000000
yllcorner    6283604.599999999600
cellsize     0.200000000000
NODATA_value     -1
[rows 260 to 285 of 555, columns 116 to 173 of 649]
0.1291044 0.1541386 0.2933863 0.1620280 0.1620280 0.1620280 0.1620280 0.3254335 0.3632036 0.2489741 0.4123396 0.1917832 0.1667424 0.2769958 0.1742665 0.1477003 0.1136831 0.1596876 0.1075653 0.1365976 0.1075653 0.1008686 0.0987207 0.0987207 0.0987207 0.1098366 0.1129040 0.0987207 0.0987207 0.1052719 0.0987207 0.0893714 0.0744123 0.0893714 0.1052719 0.0931205 0.0395489 0.0389012 0.0389012 0.0389012 0.0389012 0.0389012 0.0389012 0.0707942 0.0736976 0.0786276 0.0543076 0.1136831 0.0421650 0.0401634 0.0316613 0.0271397 0.0299770 0.0807458 -1.0000000 -1.0000000 -1.0000000 -1.0000000
0.1283749 0.1298184 0.2977004 0.3039221 0.3596246 0.2605844 0.1886075 0.2621783 0.4575831 0.4217241 0.3461626 0.2174740 0.2848508 0.2350984 0.1557521 0.1269518 0.1083124 0.1226227 0.1174487 0.1068032 0.1008686 0.0979696 0.0979696 0.1037955 0.1001586 0.0979696 0.0979696 0.0979696 0.1389952 0.1160081 0.1218783 0.0880014 0.0952192 0.0865152 0.1195995 0.0959126 0.0395489 0.0395489 0.0395489 0.0395489 0.0395489 0.0395489 0.0389012 0.0673232 0.0460296 0.0345969 0.0357934 0.0537099 0.0305150 0.0328501 0.0123695 0.0172716 0.0294386 0.0316613 0.0242435 0.0294386 -1.0000000 -1.0000000
0.1276439 0.1276439 0.1901741 0.2794073 0.2730086 0.1765985 0.2505801 0.2605844 0.2231871 0.2579341 0.3030348 0.3084058 0.2561142 0.1357677 0.1189152 0.1349657 0.1129040 0.1075653 0.1105503 0.1493860 0.0973185 0.0973185 0.0973185 0.0973185 0.1060542 0.0973185 0.0973185 0.0973185 0.0973185 0.1029969 0.1283749 0.0923945 0.1022606 0.1349657 0.1113217 0.0549355 0.0537099 0.0693982 0.0562275 0.0602074 0.0401634 0.0568559 0.0491441 0.0357934 0.0352046 0.0345969 0.0340090 0.0673232 0.0829428 0.0259807 0.0196258 0.0118570 0.0242435 0.0161526 0.0271397 0.0248388 -1.0000000 -1.0000000
0.1269518 0.1445321 0.1269518 0.1269518 0.1742665 0.1269518 0.1414286 0.1255260 0.1319399 0.2021139 0.2407892 0.2166609 0.1144899 0.1276439 0.1098366 0.1319399 0.1160081 0.1075653 0.1068032 0.1060542 0.1374341 0.0966080 0.1160081 0.0966080 0.0973185 0.0966080 0.0979696 0.0966080 0.1414286 0.1167307 0.1248145 0.1083124 0.0945107 0.1414286 0.0909583 0.0615745 0.0880014 0.0786276 0.0414978 0.0408304 0.0408304 0.0504444 0.0363718 0.0357934 0.0352046 0.0504444 0.0736976 -1.0000000 0.0730225 0.0401634 0.0196258 0.0092012 0.0086683 0.0086683 0.0139643 0.0150224 0.0196258 -1.0000000
0.1262501 0.1262501 0.1262501 0.1262501 0.1960433 0.1341648 0.1262501 0.1255260 0.1248145 0.1501886 0.3065651 0.1414286 0.1429508 0.1105503 0.1098366 0.1090679 0.1083124 0.1075653 0.1269518 0.1068032 0.1326397 0.1262501 0.0959126 0.0959126 0.0959126 0.0959126 0.0959126 0.0966080 0.0973185 0.1083124 0.1477003 0.1218783 0.1167307 0.1189152 0.0865152 0.0744123 0.1052719 0.0659134 0.0414978 0.0523527 0.0630560 0.0652144 0.0363718 0.0357934 0.0441262 0.0814467 -1.0000000 0.0242435 0.0271397 0.0779361 0.0242435 0.0092012 0.0128841 0.0081379 0.0102594 0.0097457 0.0123695 -1.0000000
0.1255260 0.1255260 0.1255260 0.1283749 0.1690285 0.1437484 0.1262501 0.1255260 0.1248145 0.1241128 0.1690285 0.1233570 0.1374341 0.1105503 0.1098366 0.1090679 0.1083124 0.1283749 0.1195995 0.1075653 0.1075653 0.1365976 0.1218783 0.0952192 0.0952192 0.0952192 0.0959126 0.1037955 0.2013385 0.1341648 0.1437484 0.1075653 0.0987207 0.0829428 0.0751185 0.1218783 0.0979696 0.0686916 0.0772505 0.0722455 0.0485359 0.0447690 0.0510710 0.0736976 0.0659134 0.0316613 0.0322665 0.0242435 0.0294386 0.0460296 0.0242435 0.0155821 0.0128841 0.0075928 0.0092012 0.0064574 0.0064574 -1.0000000
0.1248145 0.1248145 0.1248145 0.1248145 0.1596876 0.1269518 0.1262501 0.1255260 0.1248145 0.1241128 0.1233570 0.1226227 0.1813088 0.1105503 0.1098366 0.1090679 0.1255260 0.1429508 0.1083124 0.1083124 0.1083124 0.1509694 0.1015631 0.0945107 0.0945107 0.1129040 0.1098366 0.1090679 0.0923945 0.1298184 0.1319399 0.1365976 0.0952192 0.0829428 0.2037644 0.0758583 0.0843084 0.0959126 0.1136831 0.0666083 0.0454051 0.0730225 0.0686916 0.0872666 0.0485359 0.0254149 0.0248388 0.0271397 0.0389012 0.0434645 0.0167269 0.0118570 0.0167269 0.0075928 0.0070300 0.0081379 0.0058936 0.0123695
0.1241128 0.1241128 0.1241128 0.1241128 0.1893914 0.1269518 0.1262501 0.1255260 0.1532613 0.1901741 0.1796661 0.2079341 0.1218783 0.1445321 0.1129040 0.1098366 0.1189152 0.1485764 0.1174487 0.1090679 0.1160081 0.1517578 0.1113217 0.0945107 0.0938257 0.1105503 0.1203569 0.0850388 0.0814467 0.1144899 0.1211134 0.0901598 0.0893714 0.1414286 0.2994732 0.2150692 0.0945107 0.0973185 0.0931205 0.0638056 0.0460296 0.0793311 0.1029969 0.0652144 0.0259807 0.0328501 0.0428178 0.0562275 0.0316613 0.0167269 0.0118570 0.0102594 0.0128841 0.0075928 0.0086683 0.0081379 0.0097457 -1.0000000
0.1241128 0.1233570 0.1233570 0.1917832 0.2943201 0.2326764 0.1960433 0.1727883 0.1262501 0.1690285 0.1167307 0.1167307 0.1541386 0.1493860 0.1105503 0.1105503 0.1105503 0.1326397 0.1262501 0.1098366 0.1098366 0.1105503 0.1485764 0.1241128 0.1269518 0.0779361 0.0909583 0.0887172 0.0652144 0.0987207 0.1136831 0.1255260 0.1052719 0.0836141 0.2223483 0.1326397 0.1705753 0.1248145 0.0973185 0.0793311 0.0779361 0.0673232 0.0800216 0.0800216 0.0265281 0.0428178 0.1152604 -1.0000000 0.0345969 0.0184076 0.0108026 0.0102594 0.0097457 0.0081379 0.0081379 0.0092012 0.0150224 0.0075928
0.1241128 0.1291044 0.1226227 0.1333494 0.1565487 0.1836346 0.1195995 0.1698388 0.1181781 0.1381692 0.1167307 0.1160081 0.1469372 0.1398175 0.1374341 0.1113217 0.1113217 0.1365976 0.1374341 0.1105503 0.1211134 0.1105503 0.1349657 0.1129040 0.1008686 0.0880014 0.0758583 0.0645072 0.1037955 0.1283749 0.0800216 0.0758583 0.0973185 0.0829428 0.1298184 0.1068032 0.1485764 0.1712435 0.1557521 0.1015631 0.1255260 0.0793311 0.0909583 0.0814467 0.0345969 0.0454051 0.0543076 0.0352046 -1.0000000 0.0357934 0.0155821 0.0102594 0.0108026 0.0113297 0.0102594 0.0102594 0.0139643 0.0064574
0.1248145 0.1461179 0.1667424 0.1218783 0.1211134 0.1203569 0.1195995 0.1189152 0.1181781 0.1174487 0.1167307 0.1160081 0.1152604 0.1152604 0.1421777 0.1120986 0.1120986 0.1203569 0.2127417 0.1805077 0.1651271 0.1189152 0.1374341 0.1029969 0.0772505 0.0765421 0.0959126 0.0602074 0.0594773 0.0736976 0.0701139 0.0707942 0.0807458 0.1233570 0.0952192 0.1203569 0.1276439 0.1742665 0.1588740 0.1501886 0.1218783 0.1136831 0.0979696 0.0865152 0.0345969 0.0340090 0.0334323 0.0328501 0.0447690 -1.0000000 0.0178072 0.0097457 0.0134077 0.0128841 0.0075928 0.0070300 -1.0000000 0.0058936
0.2021139 0.1525530 0.1226227 0.1218783 0.1211134 0.1203569 0.1195995 0.1189152 0.1181781 0.1174487 0.1233570 0.1160081 0.1152604 0.1144899 0.1174487 0.1129040 0.1129040 0.1129040 0.1203569 0.1828741 0.2358528 0.1485764 0.0786276 0.0779361 0.0945107 0.0865152 0.1160081 0.1008686 0.1015631 0.0587990 0.0772505 0.1421777 0.1942834 0.0814467 0.1461179 0.1060542 0.1233570 0.1241128 0.1525530 0.1501886 0.1389952 0.0959126 0.0786276 0.0821950 0.0414978 0.0340090 0.0478896 0.0389012 0.0460296 0.0230992 0.0236684 0.0155821 0.0086683 0.0097457 0.0075928 0.0081379 0.0108026 0.0042700
0.2062579 0.3934656 0.2473074 0.3508248 0.1241128 0.1406679 0.1951811 0.1189152 0.1181781 0.1174487 0.1167307 0.1461179 0.1152604 0.1144899 0.1136831 0.1843526 0.1276439 0.1389952 0.1136831 0.1870828 0.1682816 0.0959126 0.0786276 0.0786276 0.0973185 0.1319399 0.1241128 0.0973185 0.1144899 0.1037955 0.0581567 0.0722455 0.1398175 0.1406679 0.1365976 0.1283749 0.1389952 0.1596876 0.1627730 0.1493860 0.1255260 0.0765421 0.0504444 0.0779361 0.0345969 0.0382626 0.0334323 0.0352046 0.0701139 0.0271397 0.0139643 0.0128841 0.0178072 0.0081379 0.0081379 0.0081379 0.0070300 0.0414978
0.2087122 0.4886472 0.4716473 0.4289923 0.1901741 0.3056208 0.2062579 0.1189152 0.1241128 0.1174487 0.1167307 0.1160081 0.1705753 0.1144899 0.1144899 0.1283749 0.1886075 0.2890121 0.1501886 0.1813088 0.0829428 0.0793311 0.0793311 0.1195995 0.1022606 0.1269518 0.0765421 0.0758583 0.0751185 0.0744123 0.0901598 0.0575167 0.0645072 0.0959126 0.1305196 0.1421777 0.1659278 0.1773705 0.1557521 0.1374341 0.1144899 0.0751185 0.0497900 0.0680288 0.0345969 0.0340090 0.0334323 0.0328501 0.0758583 0.0491441 0.0172716 0.0102594 0.0086683 0.0086683 0.0196258 0.0075928 0.0075928 0.0128841
0.2730086 0.1836346 0.2690982 0.3534310 0.3452196 0.2326764 0.2505801 0.1870828 0.1181781 0.1174487 0.1167307 0.1612765 0.1960433 0.1305196 0.1152604 0.1152604 0.1493860 0.3729690 0.3358944 0.2645949 0.1565487 0.0800216 0.0800216 0.1612765 0.1926466 0.1211134 0.0765421 0.0758583 0.0779361 0.0952192 0.0608821 0.0504444 0.0652144 0.0568559 0.0829428 0.1298184 0.1634997 0.1374341 0.1174487 0.1291044 0.1152604 0.0758583 0.0472715 0.0472715 0.0389012 0.0369793 0.0466567 0.0466567 -1.0000000 0.0793311 0.0352046 0.0161526 0.0128841 0.0155821 0.0081379 0.0277090 0.0081379 0.1152604
0.1675199 0.1682816 0.3712875 0.2457206 0.1381692 0.1203569 0.1195995 0.1189152 0.1181781 0.1174487 0.1174487 0.1174487 0.1627730 0.2489741 0.2449529 0.2530182 0.2613856 0.3101988 0.2933863 0.1742665 0.1015631 0.0807458 0.1008686 0.1365976 0.1098366 0.0938257 0.0765421 0.0772505 0.1262501 0.1181781 0.0829428 0.0730225 0.0497900 0.0887172 0.1291044 0.1573399 0.1532613 0.1167307 0.1174487 0.1525530 0.0887172 0.0485359 0.0562275 0.0466567 0.0375838 0.0581567 0.0537099 0.0523527 -1.0000000 0.0305150 0.0340090 0.0196258 0.0128841 0.0219877 0.0086683 0.0086683 0.0086683 0.0086683
0.1675199 0.1886075 0.4364378 0.2270585 0.1509694 0.1203569 0.1195995 0.1189152 0.1477003 0.1181781 0.1181781 0.1181781 0.1917832 0.1581131 0.1381692 0.1305196 0.1485764 0.1429508 0.2262846 0.1734924 0.0872666 0.1052719 0.2054583 0.1573399 0.0979696 0.0821950 0.0793311 0.0772505 0.1326397 0.0807458 0.0510710 0.0504444 0.0497900 0.0491441 0.0765421 0.1414286 0.1015631 0.1485764 0.1549489 0.1501886 0.1144899 0.0758583 0.0786276 0.0543076 0.0575167 0.0744123 0.0772505 0.0673232 -1.0000000 -1.0000000 -1.0000000 0.0150224 0.0102594 0.0097457 0.0092012 0.0092012 0.0092012 0.0092012
0.1742665 0.2489741 0.4114962 0.4335818 0.4519803 0.2778220 0.1195995 0.1195995 0.2302917 0.2142414 0.1189152 0.1189152 0.1189152 0.1195995 0.1203569 0.1211134 0.1218783 0.1509694 0.2951658 0.2191847 0.1113217 0.1341648 0.2653173 0.1298184 0.1698388 0.1565487 0.0887172 0.0779361 0.1333494 0.1152604 0.0615745 0.0504444 0.0555831 0.0555831 0.0485359 0.0857561 0.1312805 0.1969061 0.1886075 0.1705753 0.0959126 0.0814467 0.0945107 0.1045431 0.1015631 0.0549355 0.0602074 0.0793311 0.0673232 0.0497900 -1.0000000 0.0259807 0.0259807 0.0134077 0.0097457 0.0097457 0.0097457 0.0097457
0.1682816 0.1690285 0.1765985 0.4270347 0.2127417 0.1357677 0.1203569 0.1203569 0.2004516 0.2706399 0.1195995 0.1195995 0.1195995 0.1195995 0.1414286 0.2596545 0.2135018 0.2343705 0.2840101 0.1659278 0.1189152 0.1612765 0.2722436 0.2166609 0.1969061 0.1349657 0.0786276 0.0938257 0.1152604 0.0800216 0.0510710 0.0568559 0.0959126 0.0428178 0.0375838 0.0414978 0.1203569 0.1357677 0.1727883 0.1509694 0.0931205 0.0821950 0.0887172 0.0973185 0.0893714 0.0472715 0.0645072 0.0645072 0.0608821 0.0562275 0.0345969 -1.0000000 0.0242435 0.0265281 0.0102594 0.0102594 0.0594773 0.0139643
0.1682816 0.2294157 0.3943061 0.4151216 0.1493860 0.1211134 0.1211134 0.2690982 0.4078282 0.1712435 0.1203569 0.1690285 0.1291044 0.1203569 0.1588740 0.2505801 0.2343705 0.3173062 0.3756797 0.2087122 0.1255260 0.1429508 0.2785746 0.1445321 0.1120986 0.0938257 0.0931205 0.1469372 0.1083124 0.0814467 0.0693982 0.0736976 0.0916425 0.0602074 0.0369793 0.0382626 0.0549355 0.0887172 0.1573399 0.1493860 0.1060542 0.0887172 0.0857561 0.0966080 0.0786276 0.0549355 0.0466567 0.0460296 0.0701139 0.0454051 0.0294386 0.0322665 0.0265281 0.0568559 0.0108026 0.0108026 0.1136831 0.0172716
0.1935172 0.2382413 0.3065651 0.3916332 0.1262501 0.2247167 0.2668339 0.3393563 0.3969730 0.1485764 0.1501886 0.3003389 0.1627730 0.1421777 0.1493860 0.1541386 0.1720430 0.3084058 0.4317608 0.2367044 0.1414286 0.2071360 0.3419670 0.1604449 0.1333494 0.0938257 0.1357677 0.1986625 0.1241128 0.1525530 0.1312805 0.1098366 0.0829428 0.0363718 0.0363718 0.0363718 0.0408304 0.0581567 0.1174487 0.1588740 0.1326397 0.0923945 0.0730225 0.0931205 0.0615745 0.0659134 0.0931205 0.0843084 -1.0000000 0.0271397 0.0254149 0.0316613 -1.0000000 0.0730225 0.0118570 0.0282958 0.1969061 0.0543076
0.1698388 0.1705753 0.1805077 0.4270347 0.1612765 0.2514185 0.4709378 0.4867846 0.2762455 0.1517578 0.2142414 0.3427678 0.2722436 -1.0000000 0.2029049 -1.0000000 -1.0000000 -1.0000000 -1.0000000 0.3074679 0.2358528 0.2968497 -1.0000000 -1.0000000 0.1398175 0.1167307 0.1421777 -1.0000000 0.1870828 0.1421777 0.1291044 0.0923945 0.0952192 0.0945107 0.0357934 0.0357934 0.0523527 0.0414978 0.0568559 0.1226227 0.1083124 0.0872666 0.0722455 0.0880014 0.0638056 0.0630560 0.0594773 0.0666083 0.0608821 0.0401634 0.0460296 -1.0000000 0.0271397 0.0208297 0.0466567 0.0190234 0.0196258 0.0202343
0.1705753 0.1705753 0.2142414 0.4105948 0.3111016 0.4325888 0.4678167 0.5863126 0.4033577 0.1969061 0.2239552 0.3003389 -1.0000000 -1.0000000 -1.0000000 -1.0000000 -1.0000000 -1.0000000 -1.0000000 -1.0000000 -1.0000000 -1.0000000 -1.0000000 -1.0000000 -1.0000000 -1.0000000 -1.0000000 -1.0000000 0.1276439 0.0638056 0.0414978 0.0352046 0.0447690 0.0744123 0.0352046 0.0352046 0.0537099 0.0472715 0.0485359 0.0850388 0.0772505 0.0814467 0.0516905 0.0523527 0.0581567 0.0673232 0.0587990 0.0594773 0.0686916 0.0472715 0.0421650 0.0340090 0.0230992 0.0202343 0.0196258 0.0196258 0.0196258 0.0202343
0.1712435 0.2174740 0.3844149 0.5715773 -1.0000000 -1.0000000 -1.0000000 0.5459548 0.3146957 0.3138040 -1.0000000 -1.0000000 -1.0000000 -1.0000000 -1.0000000 -1.0000000 -1.0000000 -1.0000000 -1.0000000 -1.0000000 -1.0000000 -1.0000000 -1.0000000 -1.0000000 -1.0000000 -1.0000000 -1.0000000 -1.0000000 -1.0000000 0.1218783 0.0421650 0.0441262 0.0345969 0.0345969 0.0345969 0.0345969 0.0608821 0.0382626 0.0328501 0.0485359 0.0979696 0.0772505 0.0530185 0.0441262 0.0491441 0.0516905 0.0730225 0.0814467 0.0714723 0.0543076 0.0428178 0.0602074 0.0363718 0.0230992 0.0357934 0.0428178 0.0202343 0.0202343
0.1720430 0.2231871 0.3367906 -1.0000000 -1.0000000 -1.0000000 -1.0000000 -1.0000000 -1.0000000 -1.0000000 -1.0000000 -1.0000000 -1.0000000 -1.0000000 -1.0000000 -1.0000000 -1.0000000 -1.0000000 -1.0000000 -1.0000000 -1.0000000 -1.0000000 -1.0000000 -1.0000000 -1.0000000 -1.0000000 -1.0000000 -1.0000000 -1.0000000 0.1651271 0.1437484 0.0994686 0.0575167 0.0340090 0.0340090 0.0421650 0.0800216 0.0322665 0.0322665 0.0454051 0.0375838 0.0369793 0.0363718 0.0543076 0.0623028 0.0666083 0.0523527 0.0530185 0.0686916 0.0555831 0.0530185 -1.0000000 -1.0000000 -1.0000000 0.0352046 0.1037955 0.0208297 0.0208297
0.2207567 0.2424542 -1.0000000 -1.0000000 -1.0000000 -1.0000000 -1.0000000 -1.0000000 -1.0000000 -1.0000000 -1.0000000 -1.0000000 -1.0000000 -1.0000000 -1.0000000 -1.0000000 -1.0000000 -1.0000000 -1.0000000 -1.0000000 -1.0000000 -1.0000000 -1.0000000 -1.0000000 -1.0000000 -1.0000000 -1.0000000 -1.0000000 -1.0000000 -1.0000000 0.1269518 0.0523527 0.0428178 0.0334323 0.0478896 0.0973185 0.0680288 0.0316613 0.0316613 0.0454051 0.0562275 0.0751185 0.0345969 0.0334323 0.0485359 0.0608821 0.0714723 0.0680288 0.0807458 0.0537099 0.0686916 0.0793311 0.0543076 0.0485359 0.0414978 0.0214120 0.0225430 0.0214120
