projects/spp-inf/Zonation runs/Test data/Output/out_missingSp6.prop.asc
ncols        649
nrows        555
xllcorner    294205.000000000000
yllcorner    6283604.599999999600
cellsize     0.200000000000
NODATA_value     -1
[rows 26 to 51 of 555, columns 406 to 463 of 649]
0.0364928 0.0326819 0.0390758 0.0263231 0.0364928 0.0333332 0.0436524 0.0767987 0.0953536 0.1129096 0.1403112 -1.0000000 0.1943781 0.1974977 0.2070601 -1.0000000 0.2186952 0.2286916 0.2361348 0.2385660 0.2841950 -1.0000000 -1.0000000 -1.0000000 0.2352957 0.2225801 0.2385660 -1.0000000 -1.0000000 -1.0000000 0.2611076 -1.0000000 -1.0000000 -1.0000000 -1.0000000 -1.0000000 -1.0000000 0.2801992 -1.0000000 0.2958048 0.2999489 -1.0000000 0.2520256 0.2385660 0.2385660 0.2452518 0.2825541 0.3235115 0.3040975 0.2991473 0.3079572 0.2619256 0.2566282 0.2793806 0.2817789 0.2900285 0.2999489 0.3040975
0.0416781 0.0464057 0.0269476 0.0263231 0.0257118 0.0288565 0.0320259 0.0534350 0.0867609 0.0631978 0.0953536 0.1255114 0.1435559 0.1475519 0.1974977 0.2102354 0.2132888 0.1871738 0.2225801 0.2361348 0.2377611 -1.0000000 -1.0000000 -1.0000000 0.2428603 -1.0000000 -1.0000000 -1.0000000 -1.0000000 0.2611076 -1.0000000 0.2785660 0.2810224 0.2916961 0.2817789 0.2666245 0.2723265 0.2769518 0.2866426 0.2595709 0.2155530 0.2171105 0.2217873 0.2155530 0.2410861 0.2436902 0.2731033 0.2566282 0.2627209 0.3088260 0.3071461 0.2627209 0.2436902 0.2595709 0.2874878 0.2825541 0.2908424 0.2999489
0.0377901 0.0423243 0.0275991 0.0263231 0.0307569 0.0244871 0.0244871 0.0294991 0.0562224 0.0717514 0.0846756 0.1136833 0.1332159 0.1419396 0.1935539 0.2014230 0.2163485 0.1840146 0.1886967 0.1943781 0.2344614 -1.0000000 0.2369585 0.2402742 -1.0000000 -1.0000000 -1.0000000 -1.0000000 -1.0000000 -1.0000000 -1.0000000 -1.0000000 -1.0000000 0.2551014 0.2536085 0.2543820 0.2551014 0.2558351 0.2801992 0.2062272 0.2053837 0.2046221 0.1959625 0.1943781 0.2006102 0.2053837 0.2086224 0.2344614 0.2723265 0.2393790 0.2225801 0.2178786 0.2303171 0.2698429 0.2933432 0.2833656 0.2833656 0.2874878
0.0326819 0.0314093 0.0307569 0.0275991 0.0301139 0.0238650 0.0238650 0.0397309 0.0548449 0.0804220 0.0767987 0.1010472 0.1467684 0.1801611 0.1910790 0.1809611 0.1712061 0.1801611 0.1871738 -1.0000000 0.2336190 -1.0000000 0.2344614 0.2369585 0.2377611 -1.0000000 -1.0000000 0.2489970 -1.0000000 -1.0000000 -1.0000000 -1.0000000 0.2497518 0.2528108 0.2603598 0.2642714 0.2690743 0.2723265 0.2754115 0.2619256 0.2369585 0.2225801 0.2014230 0.1825555 0.1784620 0.1825555 0.1863068 0.1967486 0.2078488 0.1990699 0.2053837 0.2086224 0.2186952 0.2475201 0.2916961 0.2933432 0.2858828 0.2950400
0.0226529 0.0178250 0.0178250 0.0208136 0.0244871 0.0232576 0.0263231 0.0358849 0.0275991 0.0390758 0.0534350 0.0846756 0.1372087 0.1768658 0.1704103 0.1623988 0.1720151 0.1792635 0.1695700 0.1998347 -1.0000000 -1.0000000 0.2336190 0.2336190 0.2361348 -1.0000000 -1.0000000 0.2460074 -1.0000000 -1.0000000 -1.0000000 -1.0000000 -1.0000000 0.2520256 0.2658467 0.2769518 0.2642714 0.2674901 0.2690743 0.2428603 0.2014230 0.1776278 0.1656004 0.1568464 0.1632283 0.1656004 0.1736632 0.1990699 0.1974977 0.1990699 0.2132888 0.2117733 0.2132888 0.2248681 0.2543820 0.2891752 0.2933432 0.2793806
0.0172458 0.0172458 0.0172458 0.0172458 0.0172458 0.0178250 0.0178250 0.0208136 0.0178250 0.0257118 0.0506057 0.0818323 0.1202660 0.1340152 0.1419396 0.1498809 0.1372087 0.1136833 0.1114084 0.1521745 0.1967486 0.2682752 -1.0000000 -1.0000000 -1.0000000 -1.0000000 -1.0000000 0.2436902 -1.0000000 -1.0000000 -1.0000000 -1.0000000 0.2801992 0.2497518 0.2908424 0.2566282 0.2595709 0.2619256 0.2642714 0.2295101 0.2171105 0.1863068 0.1483101 0.1403112 0.1435559 0.1483101 0.1728642 0.2086224 0.2248681 0.2303171 0.2303171 0.2125417 0.2140414 0.2428603 0.2595709 0.2810224 0.2941667 0.2900285
0.0166564 0.0166564 0.0166564 0.0166564 0.0166564 0.0166564 0.0166564 0.0166564 0.0172458 0.0288565 0.0390758 0.0583444 0.0825576 0.0982148 0.0688612 0.0695748 0.0775224 0.0860651 0.0846756 0.0953536 0.1832898 -1.0000000 -1.0000000 -1.0000000 -1.0000000 -1.0000000 0.2385660 -1.0000000 -1.0000000 0.2536085 0.2611076 0.2706872 0.2769518 0.2825541 0.2874878 0.2682752 0.2520256 0.2536085 0.2566282 0.2467446 0.2344614 0.1910790 0.1521745 0.1363876 0.1490765 0.1640075 0.1632283 0.1736632 0.2210200 0.2264015 0.2311488 0.2202472 0.2217873 0.2286916 0.2303171 0.2420186 0.2777651 0.2841950
0.0160943 0.0160943 0.0160943 0.0160943 0.0160943 0.0160943 0.0160943 0.0160943 0.0160943 0.0263231 0.0339705 0.0485370 0.0527178 0.0429652 0.0423243 0.0562224 0.0739709 0.0867609 0.0825576 0.0889171 0.1560684 0.1784620 0.2210200 0.2194503 0.2225801 0.2233764 -1.0000000 0.2361348 0.2420186 0.2497518 0.2595709 0.2690743 0.2731033 0.2785660 0.2825541 0.2817789 0.2536085 0.2444773 0.2452518 0.2361348 0.1990699 0.1592125 0.1347772 0.1475519 0.1632283 0.1720151 0.1768658 0.1847537 0.2420186 0.2489970 0.2482636 0.2385660 0.2385660 0.2311488 0.2295101 0.2303171 0.2505524 0.2682752
0.0155476 0.0155476 0.0155476 0.0155476 0.0155476 0.0155476 0.0155476 0.0155476 0.0155476 0.0178250 0.0190154 0.0534350 0.0541369 0.0257118 0.0364928 0.0485370 0.0604674 0.0732397 0.0797058 0.0860651 0.1427347 0.1784620 -1.0000000 0.2148364 -1.0000000 0.2225801 0.2217873 0.2271628 0.2352957 0.2475201 0.2573268 0.2674901 0.2706872 -1.0000000 0.2573268 0.2566282 0.2543820 0.2344614 0.2344614 -1.0000000 0.2279494 -1.0000000 -1.0000000 -1.0000000 -1.0000000 -1.0000000 0.2248681 0.2385660 0.2603598 0.2650637 0.2460074 0.2328270 0.2320243 0.2444773 0.2475201 0.2428603 0.2475201 0.2482636
0.0149909 0.0149909 0.0149909 0.0149909 0.0149909 0.0149909 0.0149909 0.0149909 0.0149909 0.0155476 0.0155476 0.0155476 0.0160943 0.0238650 0.0314093 0.0423243 0.0534350 0.0645290 0.0753943 0.0932221 0.1537536 0.1768658 -1.0000000 0.2140414 0.2110221 0.2125417 -1.0000000 0.2241238 0.2369585 0.2467446 0.2566282 0.2634704 0.2682752 0.2698429 0.2573268 0.2328270 0.2286916 0.2217873 0.2186952 0.2148364 0.2062272 0.1990699 0.2014230 0.1967486 0.1918920 0.2030825 0.2202472 0.2420186 0.2619256 0.2754115 0.2580544 0.2352957 0.2361348 0.2573268 0.2536085 0.2475201 0.2436902 0.2320243
0.0144533 0.0144533 0.0144533 0.0144533 0.0144533 0.0144533 0.0144533 0.0144533 0.0149909 0.0149909 0.0149909 0.0155476 0.0160943 0.0226529 0.0288565 0.0384365 0.0541369 0.0638639 0.0710232 0.0782359 0.1387399 -1.0000000 0.2140414 -1.0000000 -1.0000000 -1.0000000 0.2125417 0.2202472 0.2320243 0.2444773 0.2536085 0.2603598 0.2650637 0.2658467 0.2619256 0.2603598 0.2286916 0.2117733 0.2086224 0.2062272 0.2006102 0.2014230 0.2038631 0.2006102 0.1951466 0.2163485 0.2311488 0.2505524 0.2682752 0.2801992 0.2777651 0.2513114 0.2587882 0.2611076 0.2444773 0.2320243 0.2256701 0.2140414
0.0138910 0.0138910 0.0138910 0.0138910 0.0138910 0.0138910 0.0138910 0.0144533 0.0144533 0.0144533 0.0149909 0.0155476 0.0160943 0.0202073 0.0294991 0.0450078 0.0499141 0.0946245 0.0989391 0.0775224 0.1247159 -1.0000000 -1.0000000 -1.0000000 -1.0000000 0.2038631 0.2086224 0.2178786 0.2286916 0.2410861 0.2497518 0.2580544 0.2611076 -1.0000000 0.2595709 -1.0000000 0.2171105 0.2102354 0.2053837 0.2046221 0.2030825 0.2094404 0.2125417 0.2053837 0.2102354 0.2344614 0.2482636 0.2674901 0.2761735 0.2746775 0.2777651 0.2715296 0.2801992 0.2690743 0.2482636 0.2279494 0.2155530 0.2086224
0.0133353 0.0133353 0.0133353 0.0133353 0.0133353 0.0133353 0.0138910 0.0138910 0.0138910 0.0144533 0.0149909 0.0178250 0.0208136 0.0184139 0.0397309 0.0953536 0.0804220 0.1187370 0.1545124 0.1151693 0.1443502 0.1712061 0.1728642 -1.0000000 -1.0000000 -1.0000000 0.2078488 0.2163485 0.2264015 0.2369585 0.2467446 0.2551014 0.2580544 0.2587882 0.2587882 0.2225801 0.2225801 0.2194503 0.2171105 0.2155530 0.2171105 0.2385660 -1.0000000 -1.0000000 0.2328270 0.2393790 0.2460074 0.2155530 0.2241238 0.2286916 -1.0000000 0.2761735 0.2874878 0.2723265 0.2528108 0.2279494 0.2117733 0.2086224
0.0172458 0.0127803 0.0127803 0.0127803 0.0127803 0.0133353 0.0133353 0.0133353 0.0138910 0.0144533 0.0149909 0.0178250 0.0345908 0.0471090 0.0739709 0.1038905 0.1340152 0.1608078 0.1720151 0.1792635 0.1663413 0.1704103 0.2094404 0.2520256 0.2062272 -1.0000000 -1.0000000 0.2110221 -1.0000000 0.2328270 0.2436902 0.2536085 0.2566282 0.2573268 -1.0000000 0.2264015 0.2271628 0.2271628 0.2271628 0.2271628 0.2436902 0.2682752 0.2595709 -1.0000000 -1.0000000 0.1910790 0.1902838 0.1918920 0.2361348 0.2241238 0.2452518 -1.0000000 0.2850453 0.2706872 0.2520256 0.2248681 0.2094404 0.2094404
0.0127803 0.0122086 0.0122086 0.0122086 0.0127803 0.0127803 0.0127803 0.0133353 0.0138910 0.0144533 0.0149909 0.0166564 0.0257118 0.0288565 0.0478348 0.0853799 0.1075972 0.1490765 0.2320243 0.2155530 -1.0000000 -1.0000000 -1.0000000 0.2070601 -1.0000000 -1.0000000 -1.0000000 0.2094404 -1.0000000 -1.0000000 0.2402742 0.2467446 -1.0000000 -1.0000000 -1.0000000 0.2279494 0.2303171 0.2328270 0.2352957 0.2385660 0.2674901 0.2825541 0.2489970 0.2410861 0.2102354 0.1895182 0.1990699 0.2336190 0.2611076 0.2536085 0.2769518 0.3024108 0.2933432 0.2817789 0.2642714 0.2344614 0.2210200 0.2248681
0.0127803 0.0122086 0.0116302 0.0282422 0.0263231 0.0122086 0.0127803 0.0133353 0.0138910 0.0144533 0.0149909 0.0155476 0.0202073 0.0238650 0.0307569 0.0390758 0.0590400 0.0782359 0.1379878 0.1410987 -1.0000000 -1.0000000 -1.0000000 -1.0000000 -1.0000000 -1.0000000 0.2078488 -1.0000000 0.2148364 0.2256701 0.2336190 -1.0000000 -1.0000000 -1.0000000 0.2248681 0.2117733 0.2110221 0.1927523 0.1927523 0.2233764 0.2566282 0.2900285 0.2573268 0.2497518 0.2513114 0.2393790 0.2402742 0.2698429 0.2925185 0.2982613 0.3024108 0.3032436 0.2974045 0.2858828 -1.0000000 0.2528108 0.2428603 0.2482636
0.0127803 0.0122086 0.0116302 0.0110592 0.0116302 0.0172458 0.0172458 0.0195985 0.0226529 0.0190154 0.0149909 0.0166564 0.0263231 0.0450078 0.0534350 0.0618418 0.0732397 0.0710232 -1.0000000 0.0953536 0.1355821 -1.0000000 0.2030825 -1.0000000 0.2053837 0.2070601 -1.0000000 -1.0000000 -1.0000000 -1.0000000 -1.0000000 -1.0000000 -1.0000000 -1.0000000 0.2233764 0.1918920 0.1918920 0.1918920 0.1927523 0.2163485 0.2489970 0.2925185 0.2603598 0.2650637 -1.0000000 0.2754115 0.2715296 0.2739235 0.2916961 0.2974045 0.3032436 0.3056322 -1.0000000 -1.0000000 0.2891752 0.2761735 0.2595709 0.2658467
0.0149909 0.0122086 0.0116302 0.0110592 0.0105014 0.0099567 -1.0000000 0.0195985 0.0226529 0.0294991 0.0238650 0.0294991 0.0371388 0.0499141 0.0625351 0.0832414 0.1038905 0.1099214 0.1324146 0.1017687 0.1166267 0.1395004 0.1801611 -1.0000000 0.2053837 -1.0000000 0.2053837 0.2078488 -1.0000000 -1.0000000 -1.0000000 0.2369585 -1.0000000 -1.0000000 0.2163485 0.1910790 0.1910790 0.1918920 0.2132888 0.2102354 0.2460074 0.2739235 -1.0000000 -1.0000000 -1.0000000 -1.0000000 0.2785660 0.2833656 0.2883212 0.2916961 -1.0000000 -1.0000000 -1.0000000 -1.0000000 0.2974045 0.2883212 0.2825541 0.2817789
0.0208136 0.0122086 0.0116302 0.0110592 0.0144533 0.0138910 -1.0000000 -1.0000000 0.0257118 0.0294991 0.0345908 0.0294991 0.0384365 0.0464057 0.0464057 0.0659598 0.0789575 0.0967835 -1.0000000 0.1300779 0.1308315 0.1187370 0.1560684 -1.0000000 -1.0000000 0.2038631 0.2030825 -1.0000000 -1.0000000 0.2202472 0.2256701 -1.0000000 -1.0000000 -1.0000000 0.1982773 0.1902838 0.2014230 0.2225801 0.2194503 0.2336190 0.2402742 0.2619256 -1.0000000 -1.0000000 -1.0000000 -1.0000000 -1.0000000 0.2761735 -1.0000000 -1.0000000 -1.0000000 -1.0000000 -1.0000000 -1.0000000 0.3056322 0.2991473 0.2925185 0.2908424
0.0339705 0.0178250 0.0116302 0.0208136 0.0251042 0.0178250 0.0232576 0.0275991 -1.0000000 0.0314093 0.0364928 0.0416781 0.0499141 0.0410129 0.0416781 0.0562224 0.0732397 0.0846756 0.1277681 0.1372087 0.1451373 0.1403112 0.1435559 0.1560684 -1.0000000 -1.0000000 0.1998347 0.2014230 0.2046221 -1.0000000 -1.0000000 -1.0000000 0.2194503 0.1918920 0.1895182 0.1927523 0.2014230 0.2053837 0.2132888 0.2241238 0.2311488 0.2551014 -1.0000000 -1.0000000 -1.0000000 -1.0000000 -1.0000000 -1.0000000 -1.0000000 -1.0000000 -1.0000000 -1.0000000 -1.0000000 -1.0000000 -1.0000000 0.3056322 0.2999489 0.2965866
0.0371388 0.0326819 0.0263231 0.0288565 0.0282422 0.0238650 0.0244871 0.0282422 -1.0000000 -1.0000000 0.0666894 0.0541369 0.0611837 0.0717514 0.0527178 0.0562224 0.0746971 0.0932221 -1.0000000 0.1363876 0.1410987 0.1451373 0.1871738 0.1863068 -1.0000000 -1.0000000 -1.0000000 -1.0000000 -1.0000000 -1.0000000 -1.0000000 -1.0000000 -1.0000000 -1.0000000 0.2140414 -1.0000000 0.2102354 0.2038631 -1.0000000 0.2148364 0.2436902 0.2482636 -1.0000000 -1.0000000 -1.0000000 -1.0000000 -1.0000000 -1.0000000 -1.0000000 -1.0000000 -1.0000000 -1.0000000 -1.0000000 0.3095600 -1.0000000 -1.0000000 -1.0000000 -1.0000000
0.0702983 0.0506057 0.0548449 0.0520142 0.0520142 0.0423243 0.0403752 0.0358849 0.0534350 0.0436524 0.0681452 0.0753943 0.0867609 0.0702983 0.0797058 0.0896451 0.0996343 0.1099214 0.1194866 0.1262529 0.1387399 0.1427347 0.1443502 0.1427347 -1.0000000 -1.0000000 -1.0000000 -1.0000000 -1.0000000 -1.0000000 -1.0000000 -1.0000000 -1.0000000 -1.0000000 -1.0000000 -1.0000000 -1.0000000 -1.0000000 0.2163485 -1.0000000 -1.0000000 -1.0000000 -1.0000000 -1.0000000 -1.0000000 -1.0000000 -1.0000000 -1.0000000 -1.0000000 -1.0000000 -1.0000000 -1.0000000 -1.0000000 -1.0000000 -1.0000000 -1.0000000 -1.0000000 0.2900285
0.0846756 0.0910830 0.0867609 0.1239749 0.0867609 0.0724948 0.0618418 0.0659598 0.0717514 0.0611837 0.0846756 0.0889171 0.0967835 0.1003414 -1.0000000 0.0832414 0.0932221 0.1363876 0.1151693 0.1255114 0.1355821 0.1395004 0.1403112 0.1395004 0.1768658 0.1752765 0.1720151 -1.0000000 -1.0000000 -1.0000000 -1.0000000 -1.0000000 -1.0000000 -1.0000000 -1.0000000 -1.0000000 -1.0000000 -1.0000000 -1.0000000 -1.0000000 -1.0000000 -1.0000000 -1.0000000 -1.0000000 -1.0000000 -1.0000000 -1.0000000 -1.0000000 -1.0000000 -1.0000000 -1.0000000 -1.0000000 0.2965866 0.3032436 -1.0000000 0.3015679 0.2965866 0.2785660
0.1736632 0.1736632 0.1744729 0.1768658 0.1776278 0.1017687 0.0797058 0.0753943 0.0818323 -1.0000000 0.0881847 0.0903634 0.0925045 -1.0000000 -1.0000000 0.0789575 0.1038905 0.1340152 -1.0000000 0.1224359 0.1332159 0.1372087 0.1379878 0.1776278 0.1744729 0.1704103 -1.0000000 -1.0000000 -1.0000000 -1.0000000 -1.0000000 -1.0000000 -1.0000000 -1.0000000 0.1552993 0.1483101 0.1483101 -1.0000000 0.1648281 -1.0000000 -1.0000000 -1.0000000 -1.0000000 -1.0000000 -1.0000000 -1.0000000 -1.0000000 -1.0000000 -1.0000000 -1.0000000 0.2580544 0.2642714 0.2566282 0.2444773 0.2833656 -1.0000000 0.2793806 0.2674901
0.1760536 0.1784620 0.1792635 0.1817697 0.1863068 0.1927523 -1.0000000 0.0853799 0.0889171 0.0881847 -1.0000000 0.1166267 0.1403112 -1.0000000 -1.0000000 -1.0000000 -1.0000000 0.1277681 -1.0000000 -1.0000000 0.1285324 0.1324146 0.1347772 0.1521745 0.1704103 0.1671553 0.1608078 -1.0000000 0.1498809 -1.0000000 -1.0000000 -1.0000000 -1.0000000 -1.0000000 -1.0000000 -1.0000000 -1.0000000 -1.0000000 0.1599935 -1.0000000 -1.0000000 -1.0000000 -1.0000000 -1.0000000 -1.0000000 -1.0000000 -1.0000000 -1.0000000 -1.0000000 -1.0000000 0.2336190 0.2186952 0.2194503 0.2361348 0.2573268 0.2698429 0.2723265 0.2393790
0.1623988 0.1545124 0.1801611 0.1832898 0.1886967 -1.0000000 -1.0000000 0.0946245 0.0946245 0.0953536 0.1017687 -1.0000000 0.1974977 -1.0000000 0.1435559 -1.0000000 0.1091500 -1.0000000 0.1910790 -1.0000000 0.1663413 0.1300779 0.1316292 0.1498809 0.1663413 0.1623988 0.1545124 -1.0000000 -1.0000000 -1.0000000 0.1372087 -1.0000000 -1.0000000 -1.0000000 -1.0000000 -1.0000000 -1.0000000 -1.0000000 -1.0000000 -1.0000000 -1.0000000 -1.0000000 -1.0000000 -1.0000000 -1.0000000 -1.0000000 -1.0000000 -1.0000000 -1.0000000 -1.0000000 0.2178786 0.2186952 0.2595709 0.2841950 0.2536085 0.2328270 0.2125417 0.1910790
