projects/spp-inf/Zonation runs/Test data/Output/out_missingSp4.prop.asc
ncols        649
nrows        555
xllcorner    294205.000000000000
yllcorner    6283604.599999999600
cellsize     0.200000000000
NODATA_value     -1
[rows 416 to 441 of 555, columns 174 to 231 of 649]
0.3012115 0.3192215 0.3286371 0.3331513 0.3304464 0.3322390 -1.0000000 -1.0000000 0.3058060 0.3340510 0.3369731 0.4960663 0.4431795 0.2852189 0.1703616 0.1237528 0.1933570 0.1319897 0.0442598 0.0268500 0.0262642 0.0448706 0.0376251 0.0214928 0.0274664 0.0968840 0.2281491 -1.0000000 -1.0000000 -1.0000000 -1.0000000 0.6235890 0.6235890 0.6847612 -1.0000000 -1.0000000 0.5559816 0.5559816 -1.0000000 -1.0000000 0.1032298 0.0843284 0.1168380 0.1695927 0.1933570 0.2582164 0.3286371 -1.0000000 -1.0000000 0.5498714 0.3210711 -1.0000000 0.3312815 0.3276444 0.4402333 0.5566846 0.5005513 0.6140022
0.2673352 0.3340510 0.3543184 0.3515615 0.3505583 0.3505583 -1.0000000 0.3443042 -1.0000000 0.3407246 0.3389256 0.3552610 0.3488747 0.3172541 0.2524942 0.1412377 0.1123824 0.1489139 0.0581985 0.1123824 0.0671481 0.0256554 0.0250341 0.0208847 0.0238659 0.1010239 0.2097976 -1.0000000 -1.0000000 -1.0000000 -1.0000000 0.6256334 -1.0000000 0.7536885 0.7536885 -1.0000000 0.5743928 -1.0000000 -1.0000000 -1.0000000 0.1274703 0.0850066 0.0926788 0.1136795 0.1979114 -1.0000000 0.3276444 -1.0000000 -1.0000000 -1.0000000 0.3828627 0.3369731 0.3350835 -1.0000000 -1.0000000 0.3451761 0.4079341 0.6409092
0.2356651 0.2397981 -1.0000000 0.3663515 0.3636296 0.3644869 0.3608065 0.3543184 0.2622560 0.3470897 0.3561395 0.4155340 0.3312815 0.3192215 0.2422453 0.1665462 0.0816286 0.0919638 0.0802712 0.1884394 0.1419594 0.1061008 0.0387738 0.0178774 0.0280432 0.0982957 0.1453951 0.2582164 -1.0000000 0.4362308 0.5395944 0.6175388 -1.0000000 0.6870082 0.7107334 -1.0000000 -1.0000000 -1.0000000 -1.0000000 0.2364431 0.1933570 0.0913078 0.0857001 0.1312708 0.1830842 -1.0000000 -1.0000000 -1.0000000 0.5681906 -1.0000000 0.2867942 0.3389256 -1.0000000 0.3360935 -1.0000000 0.3192215 0.3202066 0.3644869
0.2566951 0.2559323 -1.0000000 0.3838205 -1.0000000 0.3799914 0.4459619 0.3636296 0.2463563 -1.0000000 0.3617536 0.3953004 0.3286371 0.3182243 0.2858999 0.1584756 0.0816286 0.0809176 0.2231426 0.0338247 0.0092061 0.0092061 0.0129001 0.0354524 0.0594534 0.1017641 0.1461044 0.2389749 0.3896473 0.3913790 0.4321693 0.5197638 -1.0000000 -1.0000000 -1.0000000 -1.0000000 -1.0000000 0.5416039 0.3379549 -1.0000000 0.2349284 0.1123824 0.1082890 0.1767352 0.1384031 0.1956085 0.2968314 0.3003155 -1.0000000 0.3074661 0.2195380 0.3379549 0.3415998 0.3398223 -1.0000000 0.3286371 0.3219963 0.4525909
0.3781541 0.3210711 0.3933114 0.3924892 -1.0000000 0.3943161 0.4422248 0.3543184 0.2542123 -1.0000000 0.3460215 0.3644869 0.3304464 0.3202066 0.3012115 0.2566951 0.1175066 0.0816286 0.1853896 0.0092061 0.0086723 0.0092061 0.0139951 0.0511718 0.1032298 -1.0000000 -1.0000000 -1.0000000 0.3763166 0.3729900 0.4041104 0.4782879 -1.0000000 0.6235890 -1.0000000 0.5945874 -1.0000000 0.5864446 -1.0000000 -1.0000000 0.1369857 0.1149550 0.1090068 0.1143222 0.1482408 0.1971406 0.2884921 -1.0000000 0.3276444 0.2515566 0.2559323 -1.0000000 0.3415998 -1.0000000 -1.0000000 0.3398223 0.3286371 -1.0000000
0.3552610 0.3886178 0.3962751 -1.0000000 -1.0000000 -1.0000000 0.3202066 0.3256758 0.2630404 0.2606089 0.3505583 0.3598094 0.3322390 0.2647113 0.3058060 0.2884921 0.2089875 0.1312708 0.1482408 0.0108212 0.0081379 -1.0000000 -1.0000000 0.0633255 0.0843284 0.1735032 -1.0000000 0.2751564 0.2827122 0.3202066 0.3962751 0.4614813 -1.0000000 -1.0000000 -1.0000000 -1.0000000 -1.0000000 0.5115709 -1.0000000 0.2372779 0.1362803 0.1096784 0.1096784 0.1312708 0.1161842 0.1979114 0.2042364 -1.0000000 0.2372779 -1.0000000 -1.0000000 0.3322390 0.3407246 -1.0000000 0.3443042 0.3425134 -1.0000000 -1.0000000
0.3818456 0.3943161 0.3989944 0.4088688 -1.0000000 -1.0000000 -1.0000000 0.2582164 0.2717656 -1.0000000 0.3571372 0.3451761 0.3350835 -1.0000000 0.1971406 0.1649269 0.1362803 0.2858999 0.1783217 0.0129001 -1.0000000 -1.0000000 -1.0000000 -1.0000000 0.0906075 0.1175066 0.1546462 0.1994857 0.2809322 -1.0000000 -1.0000000 -1.0000000 0.5843934 -1.0000000 -1.0000000 -1.0000000 -1.0000000 0.3425134 0.2489631 0.2364431 0.1584756 0.1103243 0.1103243 0.1680326 0.1334584 0.1948183 0.1861568 0.1791267 0.1892529 0.1783217 -1.0000000 -1.0000000 0.3407246 -1.0000000 0.3460215 0.3443042 -1.0000000 -1.0000000
0.3838205 0.3905810 -1.0000000 -1.0000000 0.4174292 0.4136835 0.2891986 0.2356651 0.2589750 -1.0000000 -1.0000000 0.3498100 -1.0000000 -1.0000000 0.1941304 0.1672918 0.1510006 0.2647113 0.1201891 0.0134267 0.0123916 0.0184423 -1.0000000 0.0731425 0.0891675 0.1117103 0.1884394 0.2735046 0.2858999 -1.0000000 -1.0000000 -1.0000000 -1.0000000 0.6111755 -1.0000000 -1.0000000 -1.0000000 0.2507281 0.2463563 0.2397981 0.1161842 0.1110196 0.1110196 0.2034053 0.1032298 -1.0000000 -1.0000000 -1.0000000 0.2215248 -1.0000000 -1.0000000 -1.0000000 0.3443042 0.3479453 0.3488747 0.3470897 0.3608065 -1.0000000
-1.0000000 0.3561395 -1.0000000 0.4165040 -1.0000000 0.4195465 0.2899917 0.2542123 0.2331977 -1.0000000 0.3434477 -1.0000000 0.3379549 -1.0000000 -1.0000000 0.2447404 0.1516920 0.2182543 0.2709070 0.0202559 0.0145473 0.0836405 0.0354524 0.0843284 0.0569535 0.1032298 0.2042364 0.2743531 0.2876695 -1.0000000 0.5864446 0.6570164 -1.0000000 0.5743928 0.5455412 0.4998561 -1.0000000 0.2559323 -1.0000000 0.1649269 0.1703616 0.1117103 0.2463563 0.2207621 0.0919638 0.1610088 0.1593556 -1.0000000 0.2114434 0.1869568 -1.0000000 -1.0000000 0.3443042 0.3460215 0.3479453 -1.0000000 -1.0000000 -1.0000000
0.3654255 0.4108751 0.3808836 0.4252777 0.4252777 0.4204562 0.3627207 0.2406676 -1.0000000 -1.0000000 -1.0000000 -1.0000000 -1.0000000 -1.0000000 0.4049805 0.3083711 0.2785400 0.1610088 0.2042364 0.1941304 0.0196517 0.0613498 0.0600827 0.0531316 0.1082890 0.1230010 0.2622560 -1.0000000 -1.0000000 -1.0000000 0.5783994 0.7207005 -1.0000000 -1.0000000 0.5540388 0.4312559 0.2106176 0.1584756 0.1290014 0.1123824 0.1384031 0.1282369 0.3219963 -1.0000000 -1.0000000 0.1553496 0.1632616 -1.0000000 0.1561386 0.1726503 -1.0000000 0.2406676 0.2114434 0.3479453 0.3488747 -1.0000000 0.3672315 0.3799914
0.4009101 0.3379549 0.3498100 -1.0000000 0.4273016 0.4041104 0.3066833 0.2239419 -1.0000000 -1.0000000 -1.0000000 -1.0000000 -1.0000000 -1.0000000 -1.0000000 0.3312815 0.2777109 -1.0000000 0.1168380 0.1838617 0.0724075 0.0724075 0.0537581 0.0600827 0.1334584 0.1319897 0.1489139 0.2414150 -1.0000000 -1.0000000 -1.0000000 0.6005615 0.5540388 -1.0000000 -1.0000000 -1.0000000 -1.0000000 0.2065855 0.1267473 0.1047072 0.1274703 0.2215248 0.3415998 0.1979114 0.1546462 0.1510006 0.1775173 -1.0000000 0.1718501 0.1369857 0.1703616 0.2097976 0.2130215 0.3505583 0.3524309 0.3515615 0.3856932 -1.0000000
0.2843976 0.4009101 0.4146053 0.4244260 0.4252777 0.3407246 0.2959456 0.2289675 -1.0000000 -1.0000000 -1.0000000 -1.0000000 -1.0000000 -1.0000000 -1.0000000 -1.0000000 0.2802324 -1.0000000 0.1334584 0.2065855 0.1426340 0.0544228 0.0544228 0.1908661 0.1433342 0.1439904 0.1735032 -1.0000000 -1.0000000 -1.0000000 -1.0000000 0.5197638 0.4098856 -1.0000000 0.2759974 0.2759974 0.2130215 0.1553496 0.1024818 0.0913078 0.1742854 0.2908577 0.3680118 0.2315291 0.2082005 0.1941304 0.1775173 0.1892529 0.2289675 0.1941304 0.1419594 0.2089875 0.2114434 0.3533433 0.3543184 0.3533433 0.3729900 -1.0000000
-1.0000000 0.3989944 0.4098856 0.4184819 0.4204562 0.3083711 0.2709070 0.2188982 -1.0000000 -1.0000000 -1.0000000 -1.0000000 -1.0000000 -1.0000000 -1.0000000 0.5416039 0.2699583 0.2406676 0.1384031 0.0884624 0.0671481 0.0550451 0.0550451 0.2231426 0.1439904 0.1963391 0.2574041 -1.0000000 0.4088688 -1.0000000 -1.0000000 -1.0000000 -1.0000000 -1.0000000 0.2735046 0.2606089 0.1941304 -1.0000000 -1.0000000 0.1017641 0.2498010 0.3398223 0.4459619 0.3866091 0.2941929 0.2559323 0.1759375 0.1963391 0.2582164 0.2574041 0.2331977 -1.0000000 -1.0000000 0.2664430 0.3524309 0.3561395 0.3552610 -1.0000000
-1.0000000 0.3962751 0.3999929 0.4088688 0.4118348 0.3039319 0.2717656 0.2122814 -1.0000000 -1.0000000 -1.0000000 -1.0000000 0.3020483 -1.0000000 -1.0000000 -1.0000000 -1.0000000 0.2082005 0.1348639 0.0731425 0.0759917 0.0556858 0.0633255 0.3229120 0.1446911 0.2057635 0.2638502 -1.0000000 -1.0000000 -1.0000000 0.3407246 -1.0000000 0.2835208 0.2785400 0.2215248 0.1718501 -1.0000000 -1.0000000 0.1369857 0.1568428 0.3066833 0.3202066 0.4516845 0.4888662 -1.0000000 0.2835208 0.1838617 0.1695927 0.2664430 0.3145144 0.2533876 0.2884921 -1.0000000 0.2168795 0.3340510 -1.0000000 -1.0000000 0.5025276
-1.0000000 0.2533876 0.3479453 0.3202066 0.3838205 0.2994291 0.2691585 0.2298421 0.2073905 -1.0000000 -1.0000000 0.3029770 0.2984964 -1.0000000 -1.0000000 -1.0000000 -1.0000000 0.2422453 0.1362803 0.1068428 0.1334584 0.0588176 0.0926788 0.2073905 0.1453951 0.2315291 0.2638502 0.2709070 0.2867942 0.3856932 0.3058060 0.2933794 0.2891986 0.2858999 0.2298421 -1.0000000 0.1327137 -1.0000000 0.2264906 0.2664430 0.3239389 0.3505583 0.4233522 0.4671730 0.3617536 0.3127460 -1.0000000 0.2188982 0.3498100 0.3389256 0.2994291 0.2941929 0.2968314 -1.0000000 -1.0000000 0.2785400 -1.0000000 -1.0000000
0.2273181 0.2273181 0.2582164 0.2524942 0.3703872 0.2858999 0.2582164 0.1900142 0.1994857 -1.0000000 0.3256758 -1.0000000 -1.0000000 0.2638502 0.2899917 -1.0000000 -1.0000000 0.2239419 0.2281491 0.1201891 0.1775173 0.0850066 0.1068428 0.3589161 0.1461044 0.2215248 0.2566951 0.2709070 -1.0000000 0.2916704 0.2924963 0.2924963 0.2924963 -1.0000000 0.2507281 0.1783217 0.1327137 0.3119242 0.2743531 0.3772405 0.3999929 0.4351863 0.4321693 0.4614813 0.4721397 -1.0000000 0.2959456 0.3340510 0.4986679 0.4155340 0.2835208 0.2364431 0.2899917 0.2582164 0.2089875 0.2114434 0.3505583 -1.0000000
0.1601950 0.2026078 0.2215248 0.2331977 0.2507281 0.3136479 0.2397981 0.1830842 0.1838617 -1.0000000 0.3039319 0.1956085 -1.0000000 0.2273181 -1.0000000 -1.0000000 -1.0000000 0.1853896 0.1143222 0.1149550 0.3210711 0.0857001 0.1222965 0.4585705 0.1468312 0.2239419 0.2447404 0.2589750 0.2835208 0.2908577 0.2950310 -1.0000000 0.2941929 0.2916704 0.2908577 0.1791267 -1.0000000 0.3579826 0.3039319 0.3460215 0.2614383 0.2606089 0.3182243 0.4498056 0.4422248 0.3276444 0.3182243 0.5085179 0.5043492 0.3524309 0.2349284 0.2341442 0.2597628 0.2130215 0.2026078 -1.0000000 0.2154289 -1.0000000
0.1632616 0.1877365 0.1900142 0.2097976 0.2042364 0.2182543 0.1933570 0.1703616 0.1799022 0.2097976 0.2769125 0.1877365 -1.0000000 0.1539186 -1.0000000 -1.0000000 0.1665462 0.1068428 0.1933570 0.1900142 0.3680118 0.0863634 0.2884921 0.3304464 0.1539186 0.2281491 0.1941304 0.1688464 0.2802324 0.3003155 0.2994291 0.2976272 0.2959456 -1.0000000 -1.0000000 -1.0000000 -1.0000000 -1.0000000 0.3886178 0.3846694 0.2614383 0.2606089 0.2597628 0.2589750 0.2709070 0.2884921 0.4488683 0.5606976 0.5463544 0.3680118 0.3012115 0.2699583 0.2073905 -1.0000000 0.1710951 0.2097976 0.2200860 0.2717656
-1.0000000 0.1814604 0.1433342 0.1482408 0.1783217 0.1672918 0.1561386 0.1869568 0.2089875 0.1742854 0.2106176 0.1290014 0.1143222 0.1259694 0.1610088 -1.0000000 0.1561386 0.0594534 0.2146392 0.4867921 0.3048268 0.1188583 0.3488747 0.1546462 0.1546462 0.1632616 0.1561386 0.2122814 -1.0000000 -1.0000000 0.3058060 0.2994291 0.2959456 -1.0000000 -1.0000000 -1.0000000 -1.0000000 0.3608065 0.3608065 0.4721397 0.5990937 0.4516845 0.3012115 0.2769125 0.2489631 0.4068938 0.5402038 0.5688472 0.5184752 0.4331356 0.3192215 -1.0000000 0.1439904 0.1941304 0.1948183 0.2097976 0.2248018 0.3219963
0.2122814 -1.0000000 0.1439904 0.1523194 -1.0000000 -1.0000000 0.2146392 0.2566951 0.2630404 0.1369857 0.1461044 0.0829455 0.0913078 0.0968840 0.2018129 -1.0000000 0.1327137 0.0588176 0.0594534 0.2884921 0.3543184 0.1814604 0.3101134 0.1553496 0.1553496 0.1553496 0.1593556 0.2769125 0.2899917 0.3331513 0.3210711 0.3048268 -1.0000000 0.2447404 0.2916704 0.1933570 0.1181678 0.1649269 0.3119242 0.4545445 0.5769390 0.6140022 0.4979410 -1.0000000 0.3154075 0.6118187 0.5929472 0.4946455 0.5263187 0.3498100 0.2239419 -1.0000000 -1.0000000 0.1994857 -1.0000000 0.2175872 0.2298421 0.2381392
0.1838617 -1.0000000 0.1539186 0.1530890 0.1523194 -1.0000000 0.1948183 0.1987054 0.2777109 0.2289675 0.0990185 0.0498790 0.0505029 0.0703749 0.2154289 0.2867942 0.0349120 0.0652965 0.1510006 0.3066833 0.3818456 0.1822664 0.4165040 0.1561386 0.1561386 0.2188982 0.1869568 -1.0000000 0.3488747 0.4098856 -1.0000000 -1.0000000 -1.0000000 0.2630404 0.1884394 0.1877365 0.2463563 0.1814604 0.1917631 0.3379549 0.5316622 0.6494144 0.4681458 0.2941929 0.2959456 0.6053863 0.5204705 0.5184752 0.4595703 0.2655217 0.1759375 -1.0000000 -1.0000000 0.2381392 0.2281491 0.2307183 0.2364431 0.2431216
0.0202559 -1.0000000 0.1576449 0.1461044 0.1319897 0.1539186 0.2050243 0.2009955 0.2655217 0.2455806 0.2050243 0.0870665 0.0332800 0.0442598 0.1877365 -1.0000000 0.0442598 0.0954362 0.2959456 0.4888662 0.3515615 0.1830842 0.2655217 0.1568428 0.2082005 0.3838205 -1.0000000 -1.0000000 -1.0000000 -1.0000000 -1.0000000 0.4681458 0.4029818 -1.0000000 0.1892529 0.1610088 0.3443042 0.2867942 0.3524309 0.4701475 0.5810786 0.6636081 0.2950310 0.2950310 0.4867921 0.5566846 0.4986679 0.4273016 0.2630404 0.2298421 0.1672918 0.2106176 -1.0000000 -1.0000000 -1.0000000 0.3145144 0.2582164 0.2916704
0.0178774 0.0196517 -1.0000000 0.0575855 -1.0000000 -1.0000000 0.0387738 0.0524986 0.3543184 0.2264906 0.2207621 0.0274664 0.0309690 0.0430797 -1.0000000 0.0884624 0.0412360 0.0652965 0.0633255 0.3543184 0.3971162 0.1838617 0.2089875 0.1576449 0.2341442 0.3488747 -1.0000000 -1.0000000 -1.0000000 -1.0000000 0.5237775 -1.0000000 0.4750538 -1.0000000 -1.0000000 -1.0000000 0.3561395 0.4488683 0.2876695 0.2976272 0.5868965 0.4108751 0.2959456 0.2959456 0.5990937 0.5204705 0.4411907 0.3294551 0.2154289 -1.0000000 -1.0000000 0.2289675 0.2323561 0.3407246 0.2735046 0.3331513 0.3331513 0.3962751
0.1136795 0.0338247 -1.0000000 0.0309690 0.0850066 0.0863634 -1.0000000 0.0226805 0.4225038 0.2431216 0.2884921 0.0286345 0.0250341 0.0244417 -1.0000000 0.0412360 0.0982957 0.0626490 0.0633255 0.2743531 0.4195465 0.1845775 0.2447404 0.2200860 0.3048268 0.1252109 -1.0000000 -1.0000000 -1.0000000 -1.0000000 -1.0000000 -1.0000000 -1.0000000 -1.0000000 -1.0000000 -1.0000000 0.2422453 0.3962751 0.3524309 0.3020483 0.5322827 0.2968314 0.2968314 0.4633530 0.6537017 0.5990937 0.3846694 0.1625448 0.1369857 0.1775173 0.2130215 0.2307183 0.2364431 -1.0000000 0.2777109 0.3048268 0.2959456 0.2950310
0.1665462 0.1502616 0.0167785 0.0214928 0.0184423 0.0460933 0.0460933 0.0190457 0.5144709 0.2876695 0.3737984 0.0256554 0.0250341 0.0250341 0.0639713 0.0274664 0.1149550 0.2447404 0.2976272 0.2933794 0.3470897 0.2256306 0.3488747 0.1175066 0.0898866 0.1103243 -1.0000000 -1.0000000 -1.0000000 0.4244260 0.4195465 0.4614813 0.4049805 0.3905810 -1.0000000 -1.0000000 0.1426340 0.2524942 0.3808836 0.3304464 0.4822332 0.2976272 0.3543184 0.6409092 0.6288825 0.6636081 0.3407246 0.1143222 0.1117103 -1.0000000 -1.0000000 0.2315291 0.2447404 -1.0000000 -1.0000000 0.4459619 0.3866091 0.3943161
0.3003155 0.1963391 0.0173262 -1.0000000 0.0196517 0.0473794 0.0304119 0.2146392 0.5730205 0.2984964 0.3039319 0.0291839 0.0256554 0.0327157 0.0436952 0.0575855 0.1068428 0.1956085 0.3818456 0.3654255 0.2835208 0.3896473 0.3981532 0.0850066 0.0850066 0.0933505 0.1143222 -1.0000000 -1.0000000 0.3763166 0.4545445 0.4331356 0.3515615 0.3029770 -1.0000000 -1.0000000 0.1516920 0.2323561 0.3543184 0.2950310 0.4184819 0.2976272 0.4233522 0.5829976 0.6596925 0.5263187 0.1237528 0.1136795 0.1244593 0.1426340 -1.0000000 -1.0000000 -1.0000000 -1.0000000 -1.0000000 -1.0000000 -1.0000000 0.5416039
