projects/spp-inf/Zonation runs/Test data/Output/out_missingSp6.prop.asc
ncols        649
nrows        555
xllcorner    294205.000000000000
yllcorner    6283604.599999999600
cellsize     0.200000000000
NODATA_value     -1
[rows 104 to 129 of 555, columns 232 to 289 of 649]
-1.0000000 0.0326819 0.0238650 0.0251042 0.0326819 0.0364928 -1.0000000 -1.0000000 -1.0000000 0.0471090 0.0604674 0.0903634 -1.0000000 -1.0000000 0.1091500 -1.0000000 -1.0000000 -1.0000000 0.1490765 -1.0000000 0.0724948 -1.0000000 0.0429652 -1.0000000 0.0456944 -1.0000000 0.0320259 -1.0000000 -1.0000000 0.0263231 0.0288565 0.0288565 -1.0000000 0.0282422 -1.0000000 -1.0000000 0.0485370 0.0390758 0.0397309 0.0429652 0.0456944 0.0450078 -1.0000000 -1.0000000 0.0364928 -1.0000000 0.0352497 0.0333332 0.0377901 0.0238650 0.0244871 0.0282422 0.0345908 0.0390758 0.0423243 0.0184139 0.0214253 0.0371388
-1.0000000 -1.0000000 0.0263231 0.0371388 -1.0000000 -1.0000000 -1.0000000 -1.0000000 -1.0000000 -1.0000000 0.0397309 0.0811363 -1.0000000 -1.0000000 0.1224359 0.1459668 -1.0000000 -1.0000000 -1.0000000 -1.0000000 0.0492420 0.0478348 -1.0000000 -1.0000000 -1.0000000 -1.0000000 -1.0000000 0.0226529 0.0220545 0.0202073 0.0172458 0.0138910 0.0220545 0.0397309 0.0294991 0.0443110 0.0688612 0.0597522 0.0513115 0.0562224 0.0576460 0.0576460 0.0555524 0.0492420 0.0450078 0.0450078 0.0384365 0.0390758 0.0416781 0.0436524 0.0478348 -1.0000000 0.0384365 0.0410129 -1.0000000 -1.0000000 -1.0000000 0.0410129
-1.0000000 0.0345908 0.0275991 -1.0000000 -1.0000000 -1.0000000 -1.0000000 -1.0000000 -1.0000000 -1.0000000 0.0307569 0.0390758 0.0527178 -1.0000000 -1.0000000 -1.0000000 -1.0000000 -1.0000000 0.0932221 0.0739709 0.0631978 -1.0000000 -1.0000000 -1.0000000 0.0456944 0.0492420 -1.0000000 -1.0000000 0.0208136 0.0195985 0.0172458 0.0127803 0.0190154 -1.0000000 0.0403752 0.0534350 0.0732397 0.0782359 0.0638639 0.0666894 0.0674288 0.0659598 0.0597522 0.0562224 0.0562224 0.0562224 0.0506057 0.0403752 0.0358849 0.0358849 0.0371388 -1.0000000 0.0371388 0.0416781 0.0450078 -1.0000000 -1.0000000 0.0352497
0.0288565 0.0314093 0.0339705 0.0275991 -1.0000000 -1.0000000 -1.0000000 -1.0000000 -1.0000000 -1.0000000 0.0294991 0.0294991 0.0288565 0.0339705 0.0471090 0.0534350 0.0746971 -1.0000000 0.0917854 0.0724948 0.0688612 -1.0000000 -1.0000000 0.0410129 0.0450078 -1.0000000 -1.0000000 0.0492420 0.0214253 0.0190154 0.0166564 -1.0000000 -1.0000000 0.0307569 0.0471090 0.0611837 0.0674288 0.0925045 0.0782359 0.0739709 0.0739709 0.0681452 0.0611837 0.0576460 0.0555524 0.0569178 0.0569178 0.0339705 0.0326819 0.0320259 0.0326819 0.0364928 0.0371388 0.0416781 0.0464057 -1.0000000 -1.0000000 0.0208136
0.0263231 -1.0000000 -1.0000000 -1.0000000 -1.0000000 0.0326819 -1.0000000 -1.0000000 -1.0000000 0.0288565 0.0288565 0.0294991 0.0307569 0.0358849 0.0492420 0.0604674 -1.0000000 0.1060938 0.1060938 0.0925045 -1.0000000 -1.0000000 0.0485370 -1.0000000 -1.0000000 -1.0000000 -1.0000000 -1.0000000 -1.0000000 0.0172458 0.0160943 -1.0000000 0.0232576 0.0339705 0.0471090 0.0631978 0.0717514 0.0953536 0.0797058 0.0760956 0.0739709 0.0688612 0.0631978 0.0583444 0.0555524 0.0464057 0.0345908 0.0358849 0.0358849 0.0345908 0.0314093 0.0333332 -1.0000000 0.0450078 0.0397309 0.0220545 0.0178250 0.0190154
-1.0000000 -1.0000000 0.0238650 -1.0000000 -1.0000000 -1.0000000 -1.0000000 -1.0000000 -1.0000000 -1.0000000 0.0429652 0.0390758 0.0410129 0.0597522 -1.0000000 -1.0000000 -1.0000000 0.0767987 0.0804220 0.0910830 0.0789575 -1.0000000 0.0492420 -1.0000000 -1.0000000 -1.0000000 0.0471090 0.0471090 0.0320259 0.0257118 -1.0000000 0.0172458 0.0226529 0.0339705 0.0492420 0.0659598 0.0767987 0.0811363 0.0839756 0.0739709 0.0492420 0.0492420 0.0520142 0.0597522 0.0541369 0.0416781 0.0352497 0.0345908 0.0282422 0.0275991 0.0269476 0.0263231 -1.0000000 -1.0000000 0.0450078 0.0390758 0.0208136 0.0190154
0.0257118 -1.0000000 -1.0000000 0.0314093 -1.0000000 0.0172458 0.0326819 0.0371388 -1.0000000 -1.0000000 -1.0000000 0.0853799 0.0775224 -1.0000000 -1.0000000 -1.0000000 -1.0000000 -1.0000000 -1.0000000 -1.0000000 -1.0000000 -1.0000000 -1.0000000 -1.0000000 -1.0000000 -1.0000000 0.0625351 0.0520142 0.0269476 0.0195985 -1.0000000 0.0184139 0.0320259 0.0416781 0.0576460 0.0732397 0.0832414 0.0874737 0.0896451 0.0717514 0.0513115 0.0485370 0.0485370 0.0485370 0.0562224 0.0429652 0.0352497 0.0416781 0.0443110 0.0275991 0.0269476 0.0423243 0.0371388 -1.0000000 -1.0000000 0.0485370 0.0384365 0.0238650
0.0226529 0.0464057 -1.0000000 -1.0000000 -1.0000000 0.0232576 0.0232576 -1.0000000 0.0307569 0.0263231 -1.0000000 0.0478348 -1.0000000 -1.0000000 -1.0000000 -1.0000000 -1.0000000 0.0569178 -1.0000000 -1.0000000 -1.0000000 -1.0000000 -1.0000000 -1.0000000 -1.0000000 -1.0000000 0.0674288 0.0645290 0.0122086 0.0062676 0.0078298 0.0166564 0.0371388 0.0513115 0.0659598 0.0797058 0.0896451 0.0889171 0.0867609 0.0695748 0.0520142 0.0492420 0.0478348 0.0478348 0.0527178 0.0652488 0.0659598 0.0659598 0.0583444 0.0275991 0.0275991 0.0775224 0.0818323 0.0307569 0.0251042 0.0464057 0.0320259 0.0238650
-1.0000000 0.0506057 -1.0000000 -1.0000000 -1.0000000 0.0314093 0.0269476 0.0232576 0.0232576 -1.0000000 0.0269476 0.0352497 -1.0000000 -1.0000000 -1.0000000 -1.0000000 -1.0000000 -1.0000000 -1.0000000 -1.0000000 -1.0000000 -1.0000000 -1.0000000 0.0377901 0.0397309 -1.0000000 -1.0000000 -1.0000000 0.0178250 -1.0000000 0.0078298 0.0184139 0.0364928 0.0464057 0.0471090 0.0562224 0.0917854 0.0867609 0.0846756 0.0659598 0.0520142 0.0499141 0.0471090 0.0471090 0.0631978 0.0760956 0.0953536 0.0874737 0.0513115 0.0282422 0.0485370 0.0939232 0.0760956 0.0257118 0.0257118 0.0358849 0.0377901 0.0244871
0.0301139 -1.0000000 -1.0000000 -1.0000000 0.0527178 -1.0000000 0.0371388 0.0269476 -1.0000000 -1.0000000 -1.0000000 -1.0000000 -1.0000000 -1.0000000 -1.0000000 -1.0000000 -1.0000000 -1.0000000 0.0597522 -1.0000000 0.0527178 0.0506057 0.0506057 -1.0000000 0.0403752 -1.0000000 -1.0000000 0.0839756 0.0214253 0.0073081 0.0110592 0.0184139 0.0364928 0.0403752 0.0492420 0.0583444 -1.0000000 0.0867609 0.0818323 0.0702983 0.0541369 0.0471090 0.0464057 0.0464057 0.0804220 0.0746971 0.0960677 0.1144013 0.1024954 0.0520142 0.0590400 0.0989391 0.0604674 0.0263231 0.0443110 0.0371388 0.0443110 0.0371388
0.0506057 0.0618418 -1.0000000 -1.0000000 0.0753943 0.0688612 0.0358849 0.0397309 0.0597522 0.0583444 0.0576460 -1.0000000 -1.0000000 -1.0000000 -1.0000000 -1.0000000 0.0410129 0.0416781 0.0471090 -1.0000000 -1.0000000 -1.0000000 -1.0000000 -1.0000000 0.0429652 -1.0000000 -1.0000000 0.0889171 0.0326819 0.0078298 0.0190154 0.0149909 0.0288565 0.0364928 0.0506057 -1.0000000 -1.0000000 0.0881847 0.0789575 0.0753943 0.0638639 0.0739709 0.0471090 0.0456944 0.0789575 0.0604674 0.0618418 0.0874737 0.1024954 0.0775224 0.0638639 0.0590400 0.0364928 0.0702983 0.0917854 0.0456944 0.0436524 0.0760956
-1.0000000 -1.0000000 -1.0000000 -1.0000000 -1.0000000 0.0604674 0.0352497 -1.0000000 0.0485370 0.0527178 0.0499141 0.0485370 0.0403752 0.0377901 0.0390758 0.0471090 0.0506057 0.0492420 0.0506057 -1.0000000 -1.0000000 -1.0000000 -1.0000000 -1.0000000 0.0443110 -1.0000000 -1.0000000 -1.0000000 -1.0000000 -1.0000000 0.0220545 0.0178250 0.0232576 0.0358849 0.0520142 0.0576460 0.0702983 0.0804220 0.0797058 0.0746971 0.0562224 0.0478348 0.0450078 0.0450078 0.0674288 0.0739709 0.0597522 0.0513115 0.0562224 0.0611837 0.0450078 0.0717514 0.1083753 0.1232122 0.1045983 0.0604674 0.0520142 0.0576460
-1.0000000 0.0789575 -1.0000000 -1.0000000 -1.0000000 0.0746971 0.0590400 0.0416781 0.0436524 0.0499141 0.0739709 0.0753943 0.0625351 0.0576460 0.0520142 0.0548449 0.0597522 -1.0000000 -1.0000000 -1.0000000 -1.0000000 -1.0000000 -1.0000000 -1.0000000 0.0436524 -1.0000000 -1.0000000 -1.0000000 0.0499141 0.0195985 -1.0000000 -1.0000000 -1.0000000 0.0345908 0.0436524 -1.0000000 0.0604674 0.0804220 0.0804220 0.0775224 0.0590400 0.0555524 0.0443110 0.0443110 0.0443110 0.0527178 0.0724948 0.0562224 0.0506057 0.0397309 0.0506057 0.1752765 0.1776278 0.1506163 0.1045983 0.0625351 0.0645290 0.0625351
-1.0000000 -1.0000000 -1.0000000 -1.0000000 -1.0000000 0.0753943 0.0597522 -1.0000000 0.0541369 0.0597522 -1.0000000 0.0631978 0.0506057 0.0534350 0.0597522 0.0631978 0.0638639 0.0611837 -1.0000000 -1.0000000 -1.0000000 -1.0000000 -1.0000000 -1.0000000 0.0456944 -1.0000000 -1.0000000 -1.0000000 0.0590400 0.0257118 0.0184139 -1.0000000 0.0094202 0.0214253 -1.0000000 -1.0000000 0.0569178 0.0767987 -1.0000000 0.0760956 -1.0000000 0.0499141 0.0436524 0.0436524 0.0436524 0.0443110 0.0604674 0.0631978 0.0548449 0.0390758 0.0832414 0.1927523 0.1451373 0.1091500 0.0782359 0.0652488 -1.0000000 0.1106852
-1.0000000 -1.0000000 -1.0000000 0.1099214 0.0896451 -1.0000000 -1.0000000 -1.0000000 -1.0000000 -1.0000000 -1.0000000 0.0618418 0.0590400 -1.0000000 0.0717514 0.0645290 -1.0000000 -1.0000000 -1.0000000 -1.0000000 -1.0000000 -1.0000000 0.0782359 -1.0000000 -1.0000000 0.0860651 -1.0000000 0.0846756 0.1068576 0.0611837 0.0464057 -1.0000000 0.0067815 0.0073081 -1.0000000 -1.0000000 -1.0000000 0.0569178 0.0853799 0.0797058 0.0753943 0.0739709 0.0429652 0.0429652 0.0429652 0.0450078 0.0499141 0.0443110 0.0384365 0.0390758 0.1202660 0.1599935 0.1224359 0.0910830 0.0732397 0.0631978 0.0625351 0.0753943
-1.0000000 -1.0000000 0.1308315 0.1053504 -1.0000000 -1.0000000 -1.0000000 -1.0000000 -1.0000000 0.0562224 0.0638639 0.0775224 -1.0000000 0.0775224 0.0666894 0.0732397 -1.0000000 -1.0000000 -1.0000000 -1.0000000 -1.0000000 0.0818323 -1.0000000 -1.0000000 -1.0000000 -1.0000000 0.0753943 0.0695748 0.0825576 0.0674288 0.0443110 0.0471090 0.0155476 0.0062676 0.0057577 0.0275991 0.0416781 0.0597522 0.0541369 0.0674288 -1.0000000 0.0569178 0.0429652 0.0423243 0.0423243 0.0377901 0.0384365 0.0377901 0.0384365 0.0767987 0.2046221 0.1736632 0.1498809 0.1187370 0.0710232 0.0576460 0.1277681 0.1239749
-1.0000000 -1.0000000 -1.0000000 -1.0000000 0.1060938 0.0896451 -1.0000000 -1.0000000 0.0478348 0.0775224 0.0946245 -1.0000000 0.0811363 0.0688612 0.0576460 -1.0000000 -1.0000000 -1.0000000 -1.0000000 -1.0000000 0.0753943 0.0818323 -1.0000000 -1.0000000 0.0702983 -1.0000000 0.0590400 0.0611837 0.0456944 0.0450078 0.0450078 0.0456944 0.0190154 0.0138910 0.0099567 0.0202073 0.0314093 0.0527178 0.0513115 0.0548449 0.0506057 0.0590400 0.0436524 0.0423243 0.0358849 0.0358849 0.0371388 0.0390758 0.0384365 0.1308315 0.1728642 0.1387399 0.1075972 0.0903634 0.0917854 0.0569178 0.1144013 0.0946245
-1.0000000 -1.0000000 -1.0000000 -1.0000000 -1.0000000 -1.0000000 0.1038905 0.0739709 -1.0000000 -1.0000000 0.1091500 -1.0000000 0.0625351 0.0597522 0.0555524 -1.0000000 0.0652488 -1.0000000 -1.0000000 -1.0000000 0.0982148 -1.0000000 -1.0000000 -1.0000000 0.1151693 0.1121626 0.0789575 0.0562224 0.0471090 0.0527178 0.0506057 0.0429652 0.0352497 0.0288565 0.0190154 0.0105014 0.0202073 0.0307569 0.0464057 0.0541369 0.0520142 0.0548449 0.0450078 0.0436524 0.0352497 0.0352497 0.0352497 0.0352497 0.0541369 0.1712061 0.1443502 -1.0000000 0.0638639 0.0681452 0.1024954 -1.0000000 -1.0000000 0.0932221
-1.0000000 -1.0000000 -1.0000000 -1.0000000 -1.0000000 -1.0000000 -1.0000000 -1.0000000 -1.0000000 0.1514121 -1.0000000 -1.0000000 -1.0000000 -1.0000000 -1.0000000 0.0739709 -1.0000000 0.0618418 -1.0000000 0.1129096 -1.0000000 -1.0000000 -1.0000000 -1.0000000 -1.0000000 0.1232122 0.0839756 -1.0000000 0.0631978 0.0681452 0.0562224 0.0423243 0.0320259 0.0269476 0.0244871 0.0133353 0.0127803 0.0226529 0.0371388 0.0377901 0.0520142 0.0499141 0.0456944 0.0429652 0.0345908 0.0345908 0.0345908 0.0345908 0.0782359 0.1687893 0.1017687 -1.0000000 0.0597522 0.0724948 0.0789575 -1.0000000 0.0825576 0.0953536
-1.0000000 -1.0000000 -1.0000000 -1.0000000 -1.0000000 -1.0000000 -1.0000000 -1.0000000 -1.0000000 -1.0000000 -1.0000000 -1.0000000 -1.0000000 0.0645290 0.0832414 0.0867609 0.0839756 -1.0000000 -1.0000000 -1.0000000 -1.0000000 -1.0000000 -1.0000000 -1.0000000 0.1379878 0.1209556 -1.0000000 0.0896451 0.0611837 -1.0000000 -1.0000000 -1.0000000 0.0307569 0.0326819 0.0251042 0.0133353 0.0133353 0.0178250 0.0294991 0.0220545 0.0352497 0.0456944 0.0429652 0.0403752 0.0339705 0.0339705 0.0339705 0.0390758 0.1194866 0.1363876 0.1010472 0.0604674 0.0789575 0.1091500 0.0996343 0.0782359 0.0832414 0.0910830
-1.0000000 -1.0000000 -1.0000000 -1.0000000 -1.0000000 -1.0000000 -1.0000000 -1.0000000 -1.0000000 -1.0000000 -1.0000000 -1.0000000 0.0674288 0.0846756 0.0932221 0.0932221 0.0989391 0.0825576 -1.0000000 0.1129096 -1.0000000 -1.0000000 -1.0000000 -1.0000000 -1.0000000 0.1114084 -1.0000000 0.0860651 -1.0000000 -1.0000000 0.0583444 -1.0000000 -1.0000000 0.0320259 0.0172458 0.0138910 0.0138910 0.0160943 0.0195985 0.0184139 0.0232576 0.0345908 0.0423243 0.0384365 0.0364928 0.0333332 0.0333332 0.0333332 0.1121626 0.0760956 0.0717514 0.0739709 0.0681452 0.1024954 0.0590400 0.0520142 0.0846756 0.0782359
-1.0000000 -1.0000000 -1.0000000 -1.0000000 -1.0000000 -1.0000000 -1.0000000 -1.0000000 -1.0000000 -1.0000000 0.1776278 0.1166267 0.1159205 -1.0000000 -1.0000000 -1.0000000 -1.0000000 0.0825576 -1.0000000 0.1363876 0.1324146 0.1194866 -1.0000000 -1.0000000 -1.0000000 0.1159205 0.0853799 0.0666894 0.0638639 -1.0000000 -1.0000000 0.0326819 -1.0000000 0.0371388 0.0190154 0.0144533 0.0144533 0.0144533 0.0184139 0.0178250 0.0178250 0.0184139 0.0443110 0.0371388 0.0352497 0.0326819 0.0326819 0.0326819 0.0492420 0.0710232 0.0825576 0.0775224 0.0492420 0.0724948 0.0520142 0.0513115 0.0534350 0.0597522
-1.0000000 -1.0000000 -1.0000000 -1.0000000 0.3721632 -1.0000000 -1.0000000 0.2580544 -1.0000000 0.2436902 -1.0000000 -1.0000000 -1.0000000 -1.0000000 -1.0000000 -1.0000000 0.0917854 -1.0000000 -1.0000000 0.1475519 -1.0000000 -1.0000000 -1.0000000 -1.0000000 -1.0000000 -1.0000000 0.0789575 0.0576460 0.0499141 -1.0000000 0.0555524 -1.0000000 -1.0000000 -1.0000000 0.0333332 0.0257118 0.0149909 0.0149909 0.0238650 0.0172458 0.0178250 0.0184139 0.0364928 0.0397309 0.0320259 0.0320259 0.0320259 0.0371388 0.0910830 0.1262529 0.0953536 0.0625351 0.0485370 0.0604674 0.0485370 0.0499141 0.0527178 0.0520142
-1.0000000 -1.0000000 0.4220038 0.4083900 0.3950537 0.3876715 0.2817789 -1.0000000 0.2328270 -1.0000000 -1.0000000 -1.0000000 -1.0000000 0.0867609 -1.0000000 0.1262529 0.1136833 -1.0000000 -1.0000000 0.1568464 -1.0000000 -1.0000000 -1.0000000 -1.0000000 -1.0000000 -1.0000000 -1.0000000 0.0590400 -1.0000000 -1.0000000 -1.0000000 -1.0000000 0.0275991 0.0301139 0.0275991 0.0307569 0.0155476 0.0155476 0.0166564 0.0172458 0.0238650 0.0238650 0.0464057 0.0314093 0.0314093 0.0314093 0.0314093 0.0625351 0.1232122 0.0932221 0.0625351 0.0492420 0.0485370 0.0478348 0.0478348 0.0492420 -1.0000000 0.0464057
-1.0000000 -1.0000000 -1.0000000 0.4092442 0.4001217 0.3918099 0.2666245 -1.0000000 -1.0000000 -1.0000000 0.1300779 0.1083753 0.0881847 0.0832414 0.1560684 -1.0000000 0.1129096 -1.0000000 0.1285324 0.1521745 0.1792635 -1.0000000 0.2279494 0.2328270 -1.0000000 0.1902838 0.1687893 0.1292725 0.0804220 0.0659598 -1.0000000 -1.0000000 -1.0000000 0.0244871 0.0257118 0.0269476 0.0244871 0.0202073 0.0238650 0.0333332 0.0416781 0.0456944 0.0456944 0.0307569 0.0307569 0.0307569 0.0345908 0.0590400 0.0996343 0.0645290 0.0548449 0.0492420 0.0485370 0.0478348 0.0471090 0.0492420 -1.0000000 0.0423243
-1.0000000 -1.0000000 -1.0000000 0.3763973 -1.0000000 -1.0000000 0.2520256 0.2444773 -1.0000000 -1.0000000 0.1202660 0.0975069 0.0860651 -1.0000000 -1.0000000 0.0982148 0.1187370 0.1075972 0.1106852 0.1166267 0.1998347 0.2194503 0.2410861 0.2482636 0.2475201 0.2328270 -1.0000000 0.1863068 0.1355821 -1.0000000 -1.0000000 0.0326819 0.0257118 0.0238650 0.0226529 0.0226529 -1.0000000 0.0208136 0.0251042 0.0345908 0.0410129 0.0450078 0.0443110 0.0301139 0.0301139 0.0352497 0.0492420 0.1332159 0.1403112 0.1459668 0.0867609 0.0527178 0.0485370 0.0478348 0.0471090 0.0464057 0.0436524 0.0384365
