projects/spp-inf/Zonation runs/Test data/Output/out_missingSp2.prop.asc
ncols        649
nrows        555
xllcorner    294205.000000000000
yllcorner    6283604.599999999600
cellsize     0.200000000000
NODATA_value     -1
[rows 416 to 441 of 555, columns 174 to 231 of 649]
0.3367906 0.3477505 0.3367906 0.3587144 0.3811551 0.3916332 -1.0000000 -1.0000000 0.3065651 0.3427678 0.3525693 0.4898773 0.4500884 0.3047673 0.2150692 0.1910266 0.2794073 0.2537465 0.1858042 0.1698388 0.1836346 0.2119033 0.1893914 0.1667424 0.1667424 0.1917832 0.2915763 -1.0000000 -1.0000000 -1.0000000 -1.0000000 0.6662915 0.6662915 0.7368224 -1.0000000 -1.0000000 0.5801898 0.5801898 -1.0000000 -1.0000000 0.1734924 0.1698388 0.1986625 0.2473074 0.2832310 0.3587144 0.4289923 -1.0000000 -1.0000000 0.5740453 0.3543350 -1.0000000 0.4364378 0.4270347 0.4412927 0.5586560 0.5017675 0.6186361
0.3030348 0.3358944 0.3367906 0.3525693 0.3773624 0.3729690 -1.0000000 0.3322885 -1.0000000 0.3393563 0.3623195 0.3792999 0.3703704 0.3234364 0.2690982 0.1901741 0.1951811 0.2545742 0.1886075 0.1698388 0.1690285 0.1796661 0.1773705 0.1675199 0.1675199 0.1870828 0.2668339 -1.0000000 -1.0000000 -1.0000000 -1.0000000 0.6684302 -1.0000000 0.8022529 0.8022529 -1.0000000 0.6040710 -1.0000000 -1.0000000 -1.0000000 0.1878138 0.1705753 0.1765985 0.2004516 0.2706399 -1.0000000 0.4169443 -1.0000000 -1.0000000 -1.0000000 0.3739577 0.4335818 0.4474989 -1.0000000 -1.0000000 0.4088224 0.4097657 0.6447793
0.2698570 0.2653173 -1.0000000 0.3614698 0.3667038 0.3658479 0.3640670 0.3358944 0.2605844 0.3263274 0.3632036 0.4161686 0.3534310 0.3419670 0.2668339 0.2142414 0.1858042 0.1942834 0.1843526 0.1773705 0.1720430 0.1682816 0.1675199 0.1675199 0.1675199 0.1821411 0.2119033 0.2848508 -1.0000000 0.4364378 0.5591712 0.6599267 -1.0000000 0.7411129 0.7620473 -1.0000000 -1.0000000 -1.0000000 -1.0000000 0.2873611 0.2390849 0.1712435 0.1712435 0.1942834 0.2505801 -1.0000000 -1.0000000 -1.0000000 0.5953129 -1.0000000 0.3756797 0.4261737 -1.0000000 0.4622736 -1.0000000 0.4355384 0.4217241 0.4105948
0.2579341 0.2579341 -1.0000000 0.3667038 -1.0000000 0.3667038 0.4373882 0.3444608 0.2522535 -1.0000000 0.3614698 0.4033577 0.3385966 0.3393563 0.3146957 0.2150692 0.1858042 0.1850991 0.1910266 0.1942834 0.2045687 0.1863790 0.1850991 0.1667424 0.1734924 0.1850991 0.2150692 0.2668339 0.3819539 0.3844149 0.4317608 0.5361831 -1.0000000 -1.0000000 -1.0000000 -1.0000000 -1.0000000 0.5635108 0.4014907 -1.0000000 0.2683486 0.1850991 0.1720430 0.1720430 0.2045687 0.2661542 0.3969730 0.3101988 -1.0000000 0.2890121 0.3217383 0.4189818 0.4585838 0.4697425 -1.0000000 0.4519803 0.4325888 0.4536833
0.3614698 0.3074679 0.3783452 0.3773624 -1.0000000 0.3783452 0.4317608 0.3358944 0.2464948 -1.0000000 0.3477505 0.3844149 0.3367906 0.3297566 0.3358944 0.2960441 0.1951811 0.1858042 0.1858042 0.2343705 0.1858042 0.1690285 0.1659278 0.1712435 0.2021139 -1.0000000 -1.0000000 -1.0000000 0.3676821 0.3640670 0.3987712 0.4860393 -1.0000000 0.6641094 -1.0000000 0.6290480 -1.0000000 0.6168516 -1.0000000 -1.0000000 0.1951811 0.1858042 0.1727883 0.1727883 0.2166609 0.2873611 0.3934656 -1.0000000 0.3128896 0.2873611 0.3534310 -1.0000000 0.4604286 -1.0000000 -1.0000000 0.4432220 0.4459023 -1.0000000
0.3543350 0.3764712 0.3811551 -1.0000000 -1.0000000 -1.0000000 0.2960441 0.3011703 0.2416375 0.2545742 0.3358944 0.3721641 0.3402200 0.2698570 0.3305910 0.3358944 0.2668339 0.2062579 0.1863790 0.2079341 0.1960433 -1.0000000 -1.0000000 0.1705753 0.1805077 0.2045687 -1.0000000 0.3138040 0.3146957 0.3155633 0.3898489 0.4672168 -1.0000000 -1.0000000 -1.0000000 -1.0000000 -1.0000000 0.5257480 -1.0000000 0.2769958 0.1942834 0.1734924 0.1734924 0.1734924 0.1935172 0.2968497 0.3281445 -1.0000000 0.2785746 -1.0000000 -1.0000000 0.4483210 0.4659966 -1.0000000 0.4384203 0.4289923 -1.0000000 -1.0000000
0.3747853 0.3792999 0.3844149 0.3950937 -1.0000000 -1.0000000 -1.0000000 0.2262846 0.2343705 -1.0000000 0.3385966 0.3676821 0.3561068 -1.0000000 0.2367044 0.2142414 0.1935172 0.2668339 0.1870828 0.2310616 -1.0000000 -1.0000000 -1.0000000 -1.0000000 0.1935172 0.1910266 0.2111176 0.2424542 0.2933863 -1.0000000 -1.0000000 -1.0000000 0.6168516 -1.0000000 -1.0000000 -1.0000000 -1.0000000 0.3341110 0.3332043 0.2873611 0.2079341 0.1742665 0.1742665 0.1821411 0.2111176 0.2882313 0.3084058 0.2985469 0.2621783 0.2690982 -1.0000000 -1.0000000 0.4604286 -1.0000000 0.4364378 0.4198245 -1.0000000 -1.0000000
0.3676821 0.3747853 -1.0000000 -1.0000000 0.4043447 0.3995311 0.2596545 0.2087122 0.2231871 -1.0000000 -1.0000000 0.3543350 -1.0000000 -1.0000000 0.2407892 0.2150692 0.1863790 0.2407892 0.2119033 0.2294157 0.2223483 0.1850991 -1.0000000 0.1821411 0.1789073 0.1870828 0.2489741 0.2968497 0.3056208 -1.0000000 -1.0000000 -1.0000000 -1.0000000 0.6492475 -1.0000000 -1.0000000 -1.0000000 0.3217383 0.3290217 0.2924757 0.1935172 0.1750434 0.1750434 0.1893914 0.2045687 -1.0000000 -1.0000000 -1.0000000 0.2464948 -1.0000000 -1.0000000 -1.0000000 0.4500884 0.4555524 0.4412927 0.4208457 0.3492412 -1.0000000
-1.0000000 0.3444608 -1.0000000 0.4024384 -1.0000000 0.4061943 0.2579341 0.2183642 0.2004516 -1.0000000 0.3477505 -1.0000000 0.3739577 -1.0000000 -1.0000000 0.2898698 0.2127417 0.1858042 0.2489741 0.2142414 0.2254896 0.1878138 0.1690285 0.1935172 0.1712435 0.1870828 0.2596545 0.3120075 0.3244911 -1.0000000 0.6191431 0.7047755 -1.0000000 0.6040710 0.5657130 0.5103830 -1.0000000 0.3065651 -1.0000000 0.2004516 0.1789073 0.1758332 0.2207567 0.1986625 0.2102836 0.2968497 0.3030348 -1.0000000 0.2191847 0.2326764 -1.0000000 -1.0000000 0.4422045 0.4519803 0.4519803 -1.0000000 -1.0000000 -1.0000000
0.3543350 0.4069867 0.3640670 0.4114962 0.4123396 0.4061943 0.3436385 0.2004516 -1.0000000 -1.0000000 -1.0000000 -1.0000000 -1.0000000 -1.0000000 0.4474989 0.3764712 0.3146957 0.2270585 0.1720430 0.1750434 0.2199417 0.1836346 0.1705753 0.1705753 0.1712435 0.1901741 0.2977004 -1.0000000 -1.0000000 -1.0000000 0.6082870 0.7737965 -1.0000000 -1.0000000 0.5782705 0.4298913 0.2457206 0.2127417 0.1969061 0.1821411 0.1765985 0.1765985 0.3128896 -1.0000000 -1.0000000 0.2977004 0.3084058 -1.0000000 0.2094646 0.2587626 -1.0000000 0.3341110 0.3111016 0.4403809 0.4483210 -1.0000000 0.4189818 0.4142529
0.3950937 0.3254335 0.3297566 -1.0000000 0.4142529 0.3898489 0.2800943 0.1926466 -1.0000000 -1.0000000 -1.0000000 -1.0000000 -1.0000000 -1.0000000 -1.0000000 0.4061943 0.3173062 -1.0000000 0.1886075 0.1727883 0.2037644 0.1969061 0.1712435 0.1821411 0.1712435 0.1781469 0.2215068 0.2738692 -1.0000000 -1.0000000 -1.0000000 0.6352657 0.5782705 -1.0000000 -1.0000000 -1.0000000 -1.0000000 0.2457206 0.1917832 0.1773705 0.1773705 0.1893914 0.3349743 0.2343705 0.2907518 0.3003389 0.3111016 -1.0000000 0.2191847 0.2029049 0.2481713 0.2832310 0.3092853 0.4364378 0.4613770 0.4519803 0.4270347 -1.0000000
0.2668339 0.3862157 0.4005516 0.4105948 0.4123396 0.3190236 0.2661542 0.1942834 -1.0000000 -1.0000000 -1.0000000 -1.0000000 -1.0000000 -1.0000000 -1.0000000 -1.0000000 0.3569697 -1.0000000 0.2135018 0.1742665 0.2029049 0.2278122 0.2119033 0.1796661 0.1781469 0.2166609 0.2473074 -1.0000000 -1.0000000 -1.0000000 -1.0000000 0.5341054 0.4061943 -1.0000000 0.3290217 0.3120075 0.2489741 0.2191847 0.1886075 0.1796661 0.1781469 0.2722436 0.3658479 0.2350984 0.2785746 0.2924757 0.3111016 0.2960441 0.2514185 0.2037644 0.2142414 0.2778220 0.3020568 0.4307823 0.4483210 0.4483210 0.4483210 -1.0000000
-1.0000000 0.3836473 0.3960387 0.4043447 0.4061943 0.2816471 0.2343705 0.1850991 -1.0000000 -1.0000000 -1.0000000 -1.0000000 -1.0000000 -1.0000000 -1.0000000 0.5635108 0.3484313 0.3074679 0.2135018 0.1828741 0.1750434 0.1960433 0.2094646 0.1910266 0.2062579 0.2661542 0.3092853 -1.0000000 0.4043447 -1.0000000 -1.0000000 -1.0000000 -1.0000000 -1.0000000 0.3155633 0.2832310 0.2302917 -1.0000000 -1.0000000 0.1813088 0.2247167 0.3332043 0.4474989 0.3844149 0.2778220 0.2960441 0.3120075 0.3065651 0.2856725 0.2326764 0.2029049 -1.0000000 -1.0000000 0.3578602 0.4335818 0.4528944 0.4633052 -1.0000000
-1.0000000 0.3802022 0.3853080 0.3943061 0.3987712 0.2769958 0.2343705 0.1813088 -1.0000000 -1.0000000 -1.0000000 -1.0000000 0.3534310 -1.0000000 -1.0000000 -1.0000000 -1.0000000 0.2800943 0.2102836 0.1758332 0.1821411 0.2087122 0.2127417 0.3146957 0.1917832 0.2637310 0.3181683 -1.0000000 -1.0000000 -1.0000000 0.3525693 -1.0000000 0.3128896 0.2943201 0.2587626 0.2191847 -1.0000000 -1.0000000 0.1682816 0.1742665 0.2943201 0.3111016 0.4519803 0.4905185 -1.0000000 0.3039221 0.3173062 0.3208376 0.2960441 0.3047673 0.2278122 0.2698570 -1.0000000 0.3208376 0.4123396 -1.0000000 -1.0000000 0.5141736
-1.0000000 0.2778220 0.3290217 0.3092853 0.3676821 0.2698570 0.2318589 0.1836346 0.1813088 -1.0000000 -1.0000000 0.3377162 0.3484313 -1.0000000 -1.0000000 -1.0000000 -1.0000000 0.3385966 0.2262846 0.1917832 0.1765985 0.1995458 0.1935172 0.1926466 0.2045687 0.2907518 0.3290217 0.3314455 0.3484313 0.3773624 0.3461626 0.3444608 0.3305910 0.3101988 0.2537465 -1.0000000 0.1926466 -1.0000000 0.1942834 0.2440324 0.3146957 0.3452196 0.4227042 0.4690824 0.3587144 0.3056208 -1.0000000 0.3181683 0.3444608 0.3322885 0.2848508 0.2778220 0.2809679 -1.0000000 -1.0000000 0.3658479 -1.0000000 -1.0000000
0.2579341 0.2545742 0.2873611 0.2754282 0.3508248 0.2722436 0.2294157 0.1813088 0.1796661 -1.0000000 0.3322885 -1.0000000 -1.0000000 0.3444608 0.3297566 -1.0000000 -1.0000000 0.3477505 0.3234364 0.2207567 0.1773705 0.1935172 0.2013385 0.3552265 0.2013385 0.2898698 0.3234364 0.3217383 -1.0000000 0.3385966 0.3322885 0.3427678 0.3436385 -1.0000000 0.2714168 0.2079341 0.1901741 0.3011703 0.2522535 0.3747853 0.3987712 0.4364378 0.4325888 0.4633052 0.4746230 -1.0000000 0.3056208 0.3272395 0.4999434 0.4151216 0.2629363 0.2071360 0.2714168 0.2545742 0.2968497 0.3163884 0.4345476 -1.0000000
0.2071360 0.2505801 0.2722436 0.2645949 0.2800943 0.3111016 0.2318589 0.1813088 0.1727883 -1.0000000 0.3322885 0.2668339 -1.0000000 0.3155633 -1.0000000 -1.0000000 -1.0000000 0.3290217 0.2407892 0.2183642 0.3120075 0.2166609 0.2142414 0.4613770 0.2166609 0.3047673 0.3217383 0.3065651 0.3155633 0.3181683 0.3305910 -1.0000000 0.3452196 0.3234364 0.3020568 0.2335224 -1.0000000 0.3534310 0.2915763 0.3402200 0.2579341 0.2570044 0.3092853 0.4511167 0.4441337 0.3199861 0.3092853 0.5092574 0.5055478 0.3477505 0.2045687 0.2037644 0.2350984 0.2754282 0.2985469 -1.0000000 0.3092853 -1.0000000
0.1942834 0.2514185 0.2683486 0.2570044 0.2561142 0.2579341 0.2135018 0.1813088 0.1781469 0.2416375 0.3226143 0.2661542 -1.0000000 0.2579341 -1.0000000 -1.0000000 0.3332043 0.2661542 0.2191847 0.2191847 0.3658479 0.2254896 0.2698570 0.3217383 0.2449529 0.3234364 0.2848508 0.2497470 0.3084058 0.3254335 0.3358944 0.3525693 0.3402200 -1.0000000 -1.0000000 -1.0000000 -1.0000000 -1.0000000 0.3862157 0.3827785 0.2579341 0.2570044 0.2561142 0.2561142 0.2561142 0.2698570 0.4500884 0.5651564 0.5499437 0.3667038 0.2873611 0.2481713 0.2004516 -1.0000000 0.2545742 0.2865255 0.3056208 0.3517720
-1.0000000 0.2561142 0.2668339 0.2668339 0.2350984 0.2343705 0.2079341 0.1858042 0.1821411 0.2278122 0.2848508 0.2302917 0.2247167 0.2440324 0.2570044 -1.0000000 0.3385966 0.2464948 0.2199417 0.4886472 0.2924757 0.2262846 0.3436385 0.2111176 0.2302917 0.2545742 0.2350984 0.2690982 -1.0000000 -1.0000000 0.3314455 0.3244911 0.3263274 -1.0000000 -1.0000000 -1.0000000 -1.0000000 0.3578602 0.3578602 0.4746230 0.6035652 0.4528944 0.2873611 0.2552844 0.2683486 0.4061943 0.5439907 0.5715773 0.5198880 0.4335818 0.3101988 -1.0000000 0.2399322 0.2762455 0.2738692 0.2915763 0.3128896 0.3924716
0.1969061 -1.0000000 0.2675598 0.2661542 -1.0000000 -1.0000000 0.1850991 0.1878138 0.1901741 0.1951811 0.2367044 0.2029049 0.2247167 0.2537465 0.3322885 -1.0000000 0.3305910 0.2545742 0.2545742 0.2698570 0.3499610 0.2270585 0.2985469 0.2102836 0.2135018 0.2119033 0.2505801 0.3173062 0.3305910 0.3393563 0.3305910 0.3208376 -1.0000000 0.2629363 0.3074679 0.2481713 0.1901741 0.1758332 0.3003389 0.4555524 0.5796901 0.6186361 0.4999434 -1.0000000 0.3056208 0.6163279 0.5969067 0.4960836 0.5289356 0.3436385 0.2142414 -1.0000000 -1.0000000 0.3047673 -1.0000000 0.2968497 0.3084058 0.3263274
0.2062579 -1.0000000 0.2977004 0.3030348 0.3084058 -1.0000000 0.2174740 0.1978024 0.2004516 0.1969061 0.2150692 0.1986625 0.2111176 0.2537465 0.3341110 0.3385966 0.2537465 0.2473074 0.2473074 0.2943201 0.3802022 0.2358528 0.4161686 0.2045687 0.2045687 0.2045687 0.2690982 -1.0000000 0.3499610 0.4061943 -1.0000000 -1.0000000 -1.0000000 0.2350984 0.2390849 0.2343705 0.2207567 0.1765985 0.1765985 0.3305910 0.5334963 0.6529337 0.4697425 0.2778220 0.2800943 0.6078274 0.5226592 0.5198880 0.4613770 0.2424542 0.2514185 -1.0000000 -1.0000000 0.3128896 0.3163884 0.3092853 0.3111016 0.3314455
0.2094646 -1.0000000 0.3322885 0.3756797 0.3469291 0.3155633 0.2473074 0.2135018 0.2399322 0.2045687 0.1978024 0.1986625 0.2087122 0.2530182 0.3128896 -1.0000000 0.2621783 0.2464948 0.2800943 0.4917370 0.3461626 0.2215068 0.2432379 0.2037644 0.2037644 0.3811551 -1.0000000 -1.0000000 -1.0000000 -1.0000000 -1.0000000 0.4746230 0.3987712 -1.0000000 0.2247167 0.2094646 0.3377162 0.2675598 0.3469291 0.4727660 0.5839695 0.6679853 0.2596545 0.2596545 0.4886472 0.5586560 0.4999434 0.4270347 0.2382413 0.2102836 0.2675598 0.3084058 -1.0000000 -1.0000000 -1.0000000 0.3281445 0.3263274 0.3623195
0.2111176 0.2191847 -1.0000000 0.3254335 -1.0000000 -1.0000000 0.2302917 0.2199417 0.3492412 0.2199417 0.1986625 0.1995458 0.2326764 0.2545742 -1.0000000 0.3385966 0.2778220 0.2629363 0.2457206 0.3492412 0.3960387 0.2254896 0.2029049 0.2029049 0.2037644 0.3436385 -1.0000000 -1.0000000 -1.0000000 -1.0000000 0.5383806 -1.0000000 0.4822260 -1.0000000 -1.0000000 -1.0000000 0.3517720 0.4500884 0.2683486 0.2690982 0.5908132 0.4097657 0.2587626 0.2587626 0.6035652 0.5217520 0.4422045 0.3217383 0.1978024 -1.0000000 -1.0000000 0.3234364 0.3332043 0.3367906 0.3234364 0.3297566 0.3314455 0.4307823
0.1978024 0.2037644 -1.0000000 0.3056208 0.3410591 0.2873611 -1.0000000 0.2416375 0.4217241 0.2199417 0.2698570 0.1995458 0.2191847 0.2489741 -1.0000000 0.2856725 0.2350984 0.2350984 0.2350984 0.2522535 0.4189818 0.2270585 0.2215068 0.2021139 0.2924757 0.2102836 -1.0000000 -1.0000000 -1.0000000 -1.0000000 -1.0000000 -1.0000000 -1.0000000 -1.0000000 -1.0000000 -1.0000000 0.2158512 0.3950937 0.3469291 0.2690982 0.5356075 0.2579341 0.2579341 0.4653372 0.6573622 0.6035652 0.3827785 0.1986625 0.2142414 0.2653173 0.3011703 0.3173062 0.3263274 -1.0000000 0.2985469 0.3039221 0.3173062 0.3217383
0.2079341 0.2094646 0.2675598 0.2690982 0.2690982 0.3349743 0.3199861 0.2552844 0.5167472 0.2683486 0.3721641 0.2004516 0.2158512 0.2552844 0.2605844 0.2457206 0.2343705 0.2343705 0.2824773 0.2762455 0.3410591 0.2432379 0.3427678 0.2013385 0.2013385 0.2231871 -1.0000000 -1.0000000 -1.0000000 0.4217241 0.4161686 0.4672168 0.4005516 0.3836473 -1.0000000 -1.0000000 0.2094646 0.2270585 0.3783452 0.3217383 0.4827898 0.2570044 0.3499610 0.6447793 0.6322773 0.6658058 0.3341110 0.2013385 0.2183642 -1.0000000 -1.0000000 0.2994732 0.2924757 -1.0000000 -1.0000000 0.4483210 0.3783452 0.3871180
0.2865255 0.2087122 0.2489741 -1.0000000 0.2231871 0.3322885 0.2661542 0.2505801 0.5755829 0.2832310 0.2915763 0.2150692 0.2285764 0.2579341 0.3111016 0.2832310 0.2335224 0.2335224 0.3792999 0.3632036 0.2629363 0.3871180 0.3969730 0.2004516 0.2079341 0.2029049 0.1960433 -1.0000000 -1.0000000 0.3676821 0.4585838 0.4325888 0.3393563 0.3290217 -1.0000000 -1.0000000 0.1917832 0.2021139 0.3499610 0.2570044 0.4169443 0.2561142 0.4235763 0.5863126 0.6636806 0.5277194 0.2021139 0.2013385 0.2127417 0.2079341 -1.0000000 -1.0000000 -1.0000000 -1.0000000 -1.0000000 -1.0000000 -1.0000000 0.5613043
