projects/spp-inf/Zonation runs/Test data/Output/out_missingSp2.prop.asc
ncols        649
nrows        555
xllcorner    294205.000000000000
yllcorner    6283604.599999999600
cellsize     0.200000000000
NODATA_value     -1
[rows 130 to 155 of 555, columns 174 to 231 of 649]
0.2119033 0.2119033 0.2127417 0.2135018 0.2135018 0.2882313 0.3739577 0.5245792 0.8228863 0.5839695 0.3508248 0.5128788 0.3508248 0.3508248 0.3508248 0.3508248 0.6367335 0.7756082 0.7550442 0.6389194 0.3508248 0.6119489 0.6695886 0.5341054 0.8109732 0.6447793 0.1978024 0.1969061 0.1969061 0.1969061 0.2071360 0.2127417 0.2343705 0.2390849 0.8618528 0.7299201 0.3729690 0.3492412 0.2239552 -1.0000000 -1.0000000 -1.0000000 0.0161526 0.0075928 -1.0000000 -1.0000000 -1.0000000 -1.0000000 -1.0000000 -1.0000000 -1.0000000 0.2690982 0.2223483 -1.0000000 -1.0000000 -1.0000000 -1.0000000 -1.0000000
0.2111176 0.2119033 0.2127417 0.2127417 0.2127417 0.2135018 0.2142414 0.5226592 0.5180088 0.3517720 0.5167472 0.5629603 0.4716473 0.3517720 0.3587144 0.4078282 0.3517720 0.5128788 0.8394614 0.8360571 0.3517720 0.6487967 0.7646586 0.6529337 0.7920246 0.6529337 0.3525693 0.2645949 0.1960433 0.1960433 0.3226143 0.2683486 0.4069867 0.4880168 0.2596545 0.4335818 0.1075653 0.0516905 0.0510710 0.0064574 0.0086683 0.0594773 0.0202343 0.0113297 0.0144973 0.0026713 -1.0000000 -1.0000000 -1.0000000 -1.0000000 -1.0000000 -1.0000000 -1.0000000 -1.0000000 -1.0000000 0.4317608 0.4519803 0.3614698
0.2215068 0.2119033 0.2119033 0.2119033 0.2127417 0.2135018 0.2794073 0.5969067 0.3525693 0.3525693 0.3525693 0.3534310 0.3525693 0.3525693 0.3525693 0.3525693 0.3525693 0.3525693 0.8568814 0.8126866 0.4142529 0.7022074 0.7402506 0.8749702 0.8618528 0.7166268 0.5180088 0.3377162 0.2985469 0.1951811 0.3163884 0.4051476 0.4317608 0.3003389 0.8665588 0.5946921 0.2013385 0.1341648 0.1901741 0.1429508 0.1374341 0.1517578 0.0172716 0.0097457 -1.0000000 0.0007531 -1.0000000 -1.0000000 -1.0000000 -1.0000000 -1.0000000 0.1620280 0.2933863 0.3427678 -1.0000000 0.3969730 -1.0000000 -1.0000000
0.2873611 0.2943201 0.2111176 0.2119033 0.2890121 0.4450154 0.5651564 0.6658058 0.3543350 0.3534310 0.3534310 0.3534310 0.3534310 0.3534310 0.3534310 0.3534310 0.3534310 0.3534310 0.5715773 0.8017436 0.6447793 0.7572134 0.9049826 0.8017436 0.1978024 0.1969061 0.2898698 0.1951811 0.1942834 0.3385966 0.4810178 0.5755829 0.2621783 0.3543350 0.5776997 0.6012001 0.1453010 0.1910266 0.1573399 0.1203569 0.0265281 0.0259807 0.0288960 0.1269518 0.0011936 0.0000000 0.0003648 -1.0000000 -1.0000000 -1.0000000 -1.0000000 -1.0000000 0.2570044 -1.0000000 -1.0000000 0.3377162 -1.0000000 0.3101988
0.4251982 0.2102836 0.2119033 0.2119033 0.2407892 0.3773624 0.3632036 0.5931833 0.4547122 0.3543350 0.3543350 0.3543350 0.3853080 0.3543350 0.3543350 0.3543350 0.3543350 0.3543350 0.3950937 0.7345136 0.6451441 0.7890390 0.8109732 0.1986625 0.1978024 0.1969061 0.1960433 0.1951811 0.1942834 0.1935172 0.1995458 0.3773624 0.2215068 0.2505801 0.2142414 0.7474675 0.2037644 0.1659278 0.1477003 0.0872666 0.0265281 0.0265281 0.1445321 0.0772505 0.0003648 0.0011936 0.0070300 0.0031847 -1.0000000 -1.0000000 -1.0000000 -1.0000000 0.2335224 -1.0000000 -1.0000000 0.3578602 -1.0000000 0.3569697
0.2094646 0.3030348 0.2111176 0.2373968 0.2785746 0.3065651 0.3074679 0.4585838 0.3552265 0.3552265 0.3552265 0.3552265 0.3977193 0.3552265 0.3552265 0.3552265 0.3552265 0.3552265 0.6119489 0.8228863 0.6468800 0.8474464 0.3552265 0.1986625 0.2029049 0.2832310 0.2174740 0.1951811 0.2933863 0.3587144 0.1926466 0.1886075 0.2071360 0.1870828 0.2816471 0.6410706 0.4422045 0.1083124 0.1305196 0.1291044 0.0271397 0.1105503 0.1765985 0.1120986 0.0007531 0.0421650 0.0491441 0.0081379 0.0016672 0.0026713 0.0058936 0.0730225 0.2013385 0.1643413 -1.0000000 0.3297566 -1.0000000 -1.0000000
0.2785746 0.2449529 0.3208376 0.2968497 0.2714168 0.4043447 0.5012003 0.3552265 0.3561068 0.3561068 0.3561068 0.3561068 0.3783452 0.4441337 0.3561068 0.3561068 0.4033577 0.5074705 0.6430690 0.8439629 0.7065910 0.7299201 0.4345476 0.3155633 0.4105948 0.4594969 0.4270347 0.3924716 0.3322885 0.2738692 0.1893914 0.1886075 0.1878138 0.2738692 0.1836346 0.1501886 0.3802022 0.1445321 0.1060542 0.1727883 0.0454051 0.3163884 0.1557521 0.0042700 0.0037382 0.0081379 0.0086683 0.0236684 0.0048126 0.0075928 -1.0000000 -1.0000000 0.1557521 0.1557521 0.1627730 0.2824773 0.3011703 -1.0000000
0.2457206 0.2457206 0.2873611 0.3802022 0.3943061 0.4043447 0.3561068 0.4585838 0.3561068 0.3569697 0.3569697 0.4114962 0.3587144 0.3862157 0.3569697 0.3569697 0.3569697 0.3578602 0.3587144 0.7402506 0.7599046 0.7735134 0.7805642 0.6951648 0.5991534 0.5226592 0.3862157 0.3995311 0.3393563 0.1901741 0.1893914 0.3349743 0.2247167 0.2645949 0.1469372 0.1461179 0.0693982 0.0282958 0.0340090 0.0102594 0.0108026 0.2570044 0.1414286 0.0037382 -1.0000000 0.0144973 0.0248388 0.1612765 0.0011936 0.0007531 0.0108026 -1.0000000 -1.0000000 0.1283749 0.1485764 0.1765985 0.2432379 -1.0000000
0.4848529 0.2464948 0.3632036 0.4005516 0.3924716 0.3596246 0.3569697 0.4227042 0.3569697 0.3569697 0.3578602 0.3578602 0.4051476 0.4585838 0.3578602 0.3578602 0.3578602 0.3578602 0.4905185 0.8496391 0.7387327 0.8554388 0.8439629 0.4251982 0.2373968 0.1969061 0.2698570 0.1917832 0.1910266 0.1901741 0.1901741 0.1901741 0.4189818 0.3729690 0.1789073 0.3146957 0.3322885 0.0857561 -1.0000000 0.0184076 0.0102594 0.2367044 -1.0000000 0.0128841 -1.0000000 0.1120986 0.0923945 0.1604449 0.0053559 0.0048126 0.0070300 0.0031847 0.0042700 0.1052719 -1.0000000 0.1414286 0.2310616 0.2505801
0.6253358 0.5198880 0.5776997 0.4827898 0.4033577 0.3578602 0.3578602 0.3578602 0.5147216 0.3960387 0.3578602 0.3587144 0.4384203 0.4422045 0.5398538 0.3587144 0.3587144 0.4061943 0.3658479 0.7361180 0.7387327 0.9106789 0.3332043 0.1951811 0.1942834 0.1935172 0.1926466 0.1917832 0.1910266 0.4142529 0.1910266 0.1910266 0.2390849 0.4770659 0.3332043 0.2933863 0.0966080 0.0092012 0.0092012 0.0064574 0.0134077 0.0236684 0.0208297 0.0594773 0.1821411 0.0645072 0.1098366 0.0108026 0.0092012 0.0807458 0.0086683 0.0016672 0.0031847 0.1045431 0.1001586 0.1445321 0.1951811 0.2449529
0.5439907 0.5109814 0.6741803 0.3596246 0.3587144 0.3587144 0.3587144 0.5167472 0.3587144 0.3587144 0.3587144 0.3587144 0.3596246 0.4575831 0.4993767 0.3596246 0.3596246 0.3596246 0.4088224 0.8155868 0.8950922 0.8961927 0.8255122 0.6099966 0.4355384 0.4069867 0.2399322 0.1917832 0.1917832 0.3030348 0.2951658 0.1917832 0.3739577 0.5092574 0.3676821 0.2489741 0.1291044 0.0219877 -1.0000000 0.0058936 0.0092012 0.0248388 0.0587990 0.0236684 0.0686916 0.1690285 0.2318589 0.0382626 0.0144973 0.1374341 0.0048126 0.0016672 -1.0000000 0.1211134 -1.0000000 0.1843526 0.1698388 0.1509694
0.4613770 0.5459548 0.6887522 0.5341054 0.3596246 0.3596246 0.3596246 0.3596246 0.3596246 0.3596246 0.3596246 0.3596246 0.3596246 0.4594969 0.4867846 0.3605038 0.3605038 0.3605038 0.4069867 0.3623195 0.8886706 0.8109732 0.8961927 0.5334963 0.2621783 0.3508248 0.1926466 0.2127417 0.3747853 0.3508248 0.2596545 0.3128896 0.5398538 0.4536833 0.1588740 0.0901598 0.1643413 0.0219877 0.0230992 -1.0000000 -1.0000000 0.0236684 0.1029969 0.1160081 0.0581567 0.0638056 0.1437484 0.3596246 0.1493860 0.2285764 0.0037382 0.0003648 0.0037382 -1.0000000 0.1667424 0.1734924 0.2054583 -1.0000000
0.5672816 0.7258784 0.6367335 0.7876056 0.3605038 0.3605038 0.3605038 0.3648632 0.4441337 0.4604286 0.4441337 0.3605038 0.3605038 0.5715773 0.5055478 0.5257480 0.4373882 0.3614698 0.3614698 0.3623195 0.7778705 0.8714678 0.8917519 0.7043167 0.2310616 0.1935172 0.1935172 0.1935172 0.2816471 0.3676821 0.4770659 0.3907838 0.3943061 0.4189818 0.0901598 0.0893714 0.1565487 0.0638056 0.0219877 0.0097457 0.0128841 0.0555831 0.1596876 0.2778220 0.1727883 0.2382413 0.3517720 0.6119489 0.1758332 0.3934656 0.0219877 0.0007531 0.0382626 -1.0000000 -1.0000000 -1.0000000 -1.0000000 0.1532613
0.2054583 0.3907838 0.6802563 0.8184885 0.3614698 0.3614698 0.5356075 0.5419118 0.4335818 0.4934762 0.4151216 0.3614698 0.3614698 0.5734150 0.5715773 0.5109814 0.6529337 0.3623195 0.3623195 0.3623195 0.7080774 0.8714678 0.8394614 0.8749702 0.4848529 0.1942834 0.1942834 0.1942834 0.1942834 0.1951811 0.4934762 0.3208376 0.3934656 0.2102836 0.1517578 0.2087122 0.0645072 0.1319399 0.0214120 0.0058936 0.0081379 0.0680288 0.3281445 0.3960387 0.2481713 0.3977193 -1.0000000 0.3880337 0.3525693 0.4189818 0.0872666 0.0021626 0.0075928 -1.0000000 -1.0000000 -1.0000000 0.1675199 -1.0000000
0.2054583 0.2239552 0.6679853 0.7540136 0.7022074 0.3623195 0.5037253 0.6529337 0.4467503 0.5167472 0.3623195 0.3623195 0.3623195 0.3623195 0.4594969 0.5147216 0.6695886 0.3632036 0.3632036 0.4905185 0.9610838 0.8554388 0.8634312 0.8839203 0.4244149 0.1951811 0.1951811 0.2907518 0.1951811 0.2449529 0.5925944 0.4069867 0.2207567 0.0952192 0.1926466 0.0938257 0.0652144 0.1144899 -1.0000000 -1.0000000 0.0167269 0.0931205 0.1858042 0.5844436 0.3934656 0.5235810 -1.0000000 -1.0000000 0.2637310 0.1734924 0.1581131 0.0003648 0.0007531 0.0288960 -1.0000000 -1.0000000 0.1682816 -1.0000000
0.4394381 0.3987712 0.5884508 0.6573622 0.7880740 0.6594619 0.8244410 0.8203505 0.3640670 0.3632036 0.3632036 0.3632036 0.3632036 0.3632036 0.4770659 0.6078274 0.6887522 0.3640670 0.5289356 0.9718297 0.9049826 0.8618528 0.9511698 0.6636806 0.3739577 0.1960433 0.1960433 0.5527936 0.2481713 0.4735042 0.5908132 0.3244911 0.0959126 0.0952192 0.0945107 0.3924716 0.3960387 0.0843084 0.1453010 -1.0000000 -1.0000000 0.0259807 0.1627730 0.6760548 0.5217520 0.5996734 -1.0000000 0.2629363 0.2231871 0.0887172 0.2824773 -1.0000000 0.0011936 0.0608821 -1.0000000 0.0666083 -1.0000000 -1.0000000
0.4727660 0.5463793 0.7258784 0.8688724 0.8684695 0.7214564 0.8568814 0.7258784 0.3640670 0.3640670 0.3640670 0.3640670 0.3960387 0.3640670 0.3640670 0.6054982 0.6783597 0.3648632 0.6226578 0.9581093 0.8315297 0.9743067 0.4802343 0.1978024 0.1969061 0.1969061 0.7122666 0.8634312 0.7920246 0.7043167 0.5908132 0.1612765 0.1557521 0.6717093 0.4189818 0.4467503 0.3811551 0.0659134 0.0772505 0.1326397 0.0807458 -1.0000000 0.2004516 0.6846681 0.4078282 0.2054583 0.2621783 0.2326764 0.1461179 0.0880014 0.3163884 0.0829428 0.0031847 0.0836141 0.1960433 -1.0000000 -1.0000000 -1.0000000
0.2094646 0.2730086 0.2071360 0.2079341 0.5377957 0.8017436 0.8870296 0.5356075 0.3648632 0.3648632 0.3648632 0.3648632 0.3648632 0.3648632 0.4217241 0.6578133 0.6783597 0.3658479 0.9227613 0.9117126 0.8618528 0.4735042 0.1986625 0.4169443 0.6636806 0.8979409 0.8618528 0.7122666 0.6976985 0.6887522 0.3163884 0.1565487 0.6846681 0.6099966 0.4697425 0.3120075 0.3648632 0.1461179 0.0652144 0.0652144 0.0765421 0.0821950 0.3632036 0.5277194 0.1765985 0.0460296 0.1001586 0.0460296 0.0472715 0.0602074 0.1437484 0.0562275 0.0007531 -1.0000000 -1.0000000 0.1698388 0.1453010 -1.0000000
0.2054583 0.2062579 0.2071360 0.2191847 0.4802343 0.8749702 0.8474464 0.7488593 0.6012001 0.3658479 0.3658479 0.4251982 0.3658479 0.4848529 0.6679853 0.6550386 0.5651564 0.3667038 0.9647648 0.8917519 0.7948862 0.6679853 0.8990903 0.9511698 0.8406775 0.7122666 0.6434073 0.6430690 0.1917832 0.1581131 0.1573399 0.6717093 0.5693800 0.0973185 0.0765421 0.0765421 0.0765421 0.0714723 0.0645072 0.0814467 0.0707942 0.0843084 0.0744123 0.2424542 0.1167307 -1.0000000 -1.0000000 0.0075928 0.0214120 0.0414978 0.0254149 0.0340090 0.0003648 -1.0000000 -1.0000000 0.1805077 0.1421777 -1.0000000
0.2464948 0.2158512 0.2071360 0.2079341 0.4251982 0.8276616 0.7876056 0.8155868 0.9463686 0.5522230 0.3667038 0.9378954 0.9337193 0.8652194 0.7345136 0.6951648 0.3676821 0.3676821 0.9864917 0.7915403 0.8126866 0.8618528 0.8501626 0.8474464 0.8749702 0.8299137 0.6679853 0.7488593 0.6965134 0.1581131 0.6430690 0.7687646 0.1312805 0.0075928 0.0497900 0.0395489 0.0472715 0.0328501 0.0048126 0.0031847 0.0016672 0.0070300 0.0167269 0.1203569 0.1532613 -1.0000000 -1.0000000 0.0026713 0.0053559 0.0414978 0.0208297 0.0623028 0.0016672 -1.0000000 -1.0000000 -1.0000000 0.1789073 -1.0000000
0.2054583 0.3747853 0.2358528 0.2079341 0.2087122 0.6783597 0.9396307 0.8109732 0.8126866 0.9463686 0.9463686 0.9251995 0.8474464 0.7322199 0.3694670 0.3685397 0.3685397 0.6783597 0.9311236 0.7890390 0.9407830 0.9627814 0.9021495 0.7237515 0.4384203 0.6142113 0.8886706 0.8315297 0.7106052 0.6285993 0.7166268 0.1886075 -1.0000000 -1.0000000 -1.0000000 0.0454051 0.0048126 0.0011936 0.0003648 0.0011936 0.0026713 0.0026713 0.0037382 0.0081379 0.0916425 -1.0000000 -1.0000000 -1.0000000 0.0031847 0.0144973 0.0167269 0.0680288 0.0007531 0.0184076 -1.0000000 -1.0000000 -1.0000000 -1.0000000
0.2054583 0.3138040 0.3648632 0.3003389 0.2087122 0.2094646 0.4005516 0.9486406 0.9031818 0.8439629 0.7572134 0.8501626 0.3712875 0.3703704 0.4594969 0.3694670 0.3792999 0.9552191 0.8749702 0.9407830 0.6078274 0.1283749 0.1276439 0.1269518 0.1262501 0.1255260 0.1248145 0.6824504 0.7599046 0.6924517 -1.0000000 0.0208297 0.0118570 -1.0000000 0.0880014 0.0730225 0.0021626 0.0011936 0.0053559 -1.0000000 0.0007531 0.0048126 0.0016672 0.0537099 0.0680288 -1.0000000 -1.0000000 0.0075928 0.0011936 0.0064574 0.0208297 0.0031847 -1.0000000 -1.0000000 -1.0000000 -1.0000000 0.1698388 -1.0000000
0.2215068 0.2062579 0.2637310 0.4227042 0.2094646 0.2094646 0.2102836 0.3676821 0.7122666 0.8961927 0.7327757 0.7846863 0.4565412 0.9128194 0.9565715 0.9606211 0.9525134 0.8688724 0.8126866 0.6550386 0.1604449 0.2231871 0.5439907 0.6866194 0.6870884 0.2785746 0.1248145 0.1241128 0.3811551 0.6510915 0.4483210 0.0807458 -1.0000000 -1.0000000 -1.0000000 -1.0000000 0.0031847 0.0097457 0.0016672 0.0016672 0.0003648 0.0011936 0.0026713 0.0219877 0.0401634 0.0102594 0.0042700 0.0016672 -1.0000000 0.0026713 0.0478896 0.0058936 -1.0000000 -1.0000000 -1.0000000 -1.0000000 -1.0000000 -1.0000000
0.4078282 0.2135018 0.2071360 0.4941632 0.5226592 0.3916332 0.4005516 0.2111176 0.2183642 0.9677285 0.7617000 0.7322199 0.8315297 0.7948862 0.7572134 0.7561992 0.7550442 0.7361180 0.7214564 0.7402506 0.7617000 0.7448004 0.7285540 0.4886472 0.5109814 0.5839695 0.5180088 0.1241128 0.1233570 0.1233570 0.3056208 0.1045431 0.0064574 -1.0000000 -1.0000000 -1.0000000 0.0064574 0.0021626 0.0003648 0.0000000 0.0000000 0.0003648 0.0003648 -1.0000000 0.0081379 -1.0000000 -1.0000000 -1.0000000 0.0007531 0.0037382 0.0011936 0.0190234 -1.0000000 -1.0000000 -1.0000000 -1.0000000 -1.0000000 -1.0000000
0.2270585 0.3281445 0.2079341 0.4325888 0.5651564 0.6695886 0.7150780 0.2119033 0.2119033 0.6679853 0.8059536 0.6163279 0.8276616 0.8917519 0.7890390 0.9148633 0.8719567 0.9136326 0.8719567 0.8255122 0.7474675 0.7963525 0.6163279 0.1863790 0.4412927 0.4709378 0.4450154 0.4189818 0.2570044 0.1226227 0.3163884 0.0680288 0.0081379 -1.0000000 0.0075928 -1.0000000 0.0037382 0.0003648 0.0007531 0.0000000 -1.0000000 0.0000000 0.0003648 0.0007531 0.0011936 -1.0000000 -1.0000000 -1.0000000 0.0026713 0.0007531 0.0021626 0.0000000 0.0003648 -1.0000000 -1.0000000 -1.0000000 0.1525530 0.1120986
0.2968497 0.2907518 0.3349743 0.5564420 0.6573622 0.7022074 0.8394614 0.7448004 0.2127417 0.5946921 0.8047836 0.7214564 0.5445555 0.1986625 0.1978024 0.1969061 0.1960433 0.1951811 0.6389194 0.7065910 0.2223483 0.5289356 0.2231871 0.1008686 0.1319399 0.4078282 0.0680288 0.2481713 0.0987207 0.1113217 0.1742665 0.0265281 0.0053559 0.0058936 -1.0000000 -1.0000000 -1.0000000 0.0000000 0.0003648 0.0000000 0.0000000 -1.0000000 -1.0000000 -1.0000000 0.0021626 0.0011936 -1.0000000 -1.0000000 0.0026713 -1.0000000 0.0202343 0.0016672 0.0016672 -1.0000000 0.1105503 -1.0000000 0.1469372 0.1226227
