projects/spp-inf/Zonation runs/Test data/Output/out_missingSp6.prop.asc
ncols        649
nrows        555
xllcorner    294205.000000000000
yllcorner    6283604.599999999600
cellsize     0.200000000000
NODATA_value     -1
[rows 208 to 233 of 555, columns 58 to 115 of 649]
0.8442302 0.8984245 0.9057242 0.8890694 0.8984245 0.8258211 0.8315728 0.8582897 0.7825720 0.7602264 0.8305202 0.7602264 0.8343873 0.8095786 0.7066356 0.7495781 0.8343873 0.8291899 0.6931009 0.6462574 0.6408087 0.6820211 0.7194071 0.7692143 -1.0000000 -1.0000000 -1.0000000 -1.0000000 -1.0000000 -1.0000000 -1.0000000 -1.0000000 -1.0000000 -1.0000000 -1.0000000 -1.0000000 -1.0000000 -1.0000000 -1.0000000 -1.0000000 -1.0000000 -1.0000000 0.6510749 0.6462574 0.5964096 0.4482151 0.4743617 0.3966860 0.3095600 0.3347661 0.4725240 0.4295136 0.2991473 0.3730363 0.3747406 0.4035184 0.3771336 0.3363150
0.8582897 0.8168685 0.8493737 0.8984245 0.8933425 0.8291899 0.7645323 0.8493737 0.8385798 0.7320738 0.7602264 0.7179842 0.8060892 0.8239684 0.7089124 0.6909508 0.7736022 0.7520880 0.7902144 0.6731788 0.6020377 0.6349546 0.6663810 0.7825720 -1.0000000 -1.0000000 -1.0000000 -1.0000000 -1.0000000 -1.0000000 -1.0000000 -1.0000000 -1.0000000 -1.0000000 -1.0000000 -1.0000000 -1.0000000 -1.0000000 -1.0000000 -1.0000000 -1.0000000 0.6999553 0.7135746 0.4943087 0.5007474 0.4117358 0.3478581 0.3355421 0.3455397 0.4295136 0.4914223 0.3160044 0.3393664 0.3112819 0.3408777 0.3966860 0.3959896 0.3340027
0.8420210 0.7451299 0.7940983 0.8745992 0.8745992 0.8168685 0.7472790 0.8110580 0.8291899 0.7227358 0.6685072 0.7113363 0.8129528 0.8190885 0.7227358 0.6416759 0.7135746 0.6841657 0.7683944 0.7194071 0.6008332 0.6440377 0.6953364 0.7567306 0.7902144 0.7825720 0.7285889 0.7716029 -1.0000000 -1.0000000 -1.0000000 -1.0000000 -1.0000000 -1.0000000 -1.0000000 -1.0000000 -1.0000000 -1.0000000 -1.0000000 -1.0000000 0.6753850 0.5363435 0.6064626 0.4405877 0.3810947 0.3632511 0.4389675 0.3884621 0.3656271 0.5529605 0.4244955 0.3160044 0.3152067 0.3278997 0.3763973 0.3926022 0.3786001 0.3220721
0.7989001 0.7158879 0.7902144 0.8291899 0.8060892 0.8239684 0.7544571 0.7397245 0.8291899 0.7567306 0.6488052 0.6798092 0.7602264 0.8218836 0.6898108 0.6264871 0.6198123 0.6338965 0.6975608 0.7227358 0.5998133 0.6416759 0.6510749 0.6630914 0.6999553 0.6510749 0.6642271 0.7429564 -1.0000000 -1.0000000 -1.0000000 -1.0000000 -1.0000000 -1.0000000 -1.0000000 -1.0000000 -1.0000000 -1.0000000 -1.0000000 -1.0000000 0.5872017 0.4816155 0.4524963 0.4489994 0.4860868 0.3810947 0.5562024 0.4167330 0.3680411 0.5437601 0.4141600 0.3507670 0.3763973 0.3432460 0.3537616 0.3696962 0.3228018 0.3918099
0.6798092 0.6663810 0.7279186 0.8149198 0.7602264 0.7089124 0.7620134 0.6864631 0.7793831 0.7645323 0.6909508 0.6208292 0.6488052 0.7756798 0.7645323 0.6731788 0.5861377 0.6052874 0.6394320 0.6953364 0.5975528 0.5918261 0.6394320 0.6608690 0.6264871 0.5828190 0.6163974 0.6864631 0.6596602 0.6371628 0.6531446 -1.0000000 -1.0000000 -1.0000000 0.7227358 -1.0000000 -1.0000000 -1.0000000 -1.0000000 0.5772334 0.5687363 0.5562024 0.5466953 0.5952859 0.4278386 0.4167330 0.5707795 0.3778864 0.3926022 0.5760930 0.4567964 0.4149942 0.5108526 0.3462406 0.3340027 0.3648146 0.3340027 0.3220721
0.6653556 0.7022851 0.7778027 0.7902144 0.6953364 0.6510749 0.6510749 0.6776534 0.7793831 0.7956834 0.7472790 0.6440377 0.5930410 0.6575263 0.7620134 0.7567306 0.6349546 0.5645505 0.6264871 0.7089124 0.5975528 0.5907465 0.6474810 0.6229835 0.5645505 0.6133488 0.6776534 0.6274281 0.5665150 0.5907465 0.6798092 -1.0000000 -1.0000000 0.6042500 0.5772334 0.7135746 0.6798092 0.6416759 0.6886133 0.6820211 0.7495781 0.7042462 0.6133488 0.4541996 0.4176083 0.5128071 0.5274535 0.4108348 0.5255084 0.5760930 0.5383824 0.5707795 0.5007474 0.3256969 0.3385991 0.3424538 0.3462406 0.3486252
0.6642271 0.6642271 0.6642271 0.7636429 0.6462574 0.6307271 0.6020377 0.6264871 0.7451299 0.6685072 0.7544571 0.6931009 0.6020377 0.5665150 0.6731788 0.6953364 0.6087027 0.5634854 0.5861377 0.6854646 0.6221102 0.5634854 0.5883033 0.5634854 0.5998133 0.6328438 0.6031687 0.5477288 0.5529605 0.6110221 0.7397245 0.7485772 0.7420982 0.6087027 0.5343877 0.5437601 0.5313908 0.5497905 0.6975608 0.7397245 0.7089124 0.5016074 0.4507480 0.4184872 0.4887947 0.6286697 0.5235605 0.4278386 0.5594492 0.4051106 0.3615863 0.3860474 0.3545311 0.3256969 0.3249744 0.3242069 0.3235115 0.3378317
0.6630914 0.6630914 0.6630914 0.7451299 0.6596602 0.5872017 0.5872017 0.6349546 0.7620134 0.6488052 0.6328438 0.7397245 0.6776534 0.5998133 0.5655055 0.6510749 0.6362287 0.5624570 0.5624570 0.6731788 0.6133488 0.5624570 0.5624570 0.5624570 0.6110221 0.6307271 0.5466953 0.5707795 0.6286697 0.6510749 0.7113363 0.6462574 0.6143058 0.6630914 0.4887947 0.4998483 0.5930410 0.5952859 0.6931009 0.5760930 0.5052973 0.4585485 0.4844086 0.4430910 0.5850568 0.6510749 0.4789404 0.4448177 0.5907465 0.4761799 0.4001217 0.3340027 0.3263928 0.3256969 0.3249744 0.3242069 0.3600600 0.3228018
0.6620423 0.6620423 0.6620423 0.7429564 0.7520880 0.6242542 0.5861377 0.6154765 0.7429564 0.6663810 0.5839322 0.6286697 0.7066356 0.7022851 0.5895094 0.5645505 0.5634854 0.5624570 0.5614895 0.6307271 0.6242542 0.5614895 0.5614895 0.5675410 0.6221102 0.5727860 0.5457401 0.5872017 0.6488052 0.6110221 0.7113363 0.5645505 0.5783799 0.6110221 0.4879343 0.4879343 0.4887947 0.4895751 0.6198123 0.6642271 0.4870334 0.5226071 0.5907465 0.4439721 0.4439721 0.5604442 0.5070944 0.5404060 0.4035184 0.3568258 0.3530467 0.3271571 0.3263928 0.4018111 0.3249744 0.3249744 0.3942958 0.3235115
0.6620423 0.6608690 0.6608690 0.6753850 0.7825720 0.6708164 0.5850568 0.6408087 0.7544571 0.6510749 0.6110221 0.5828190 0.6286697 0.7451299 0.6708164 0.5872017 0.5794300 0.6008332 0.5614895 0.5604442 0.5604442 0.5604442 0.5604442 0.5985973 0.6264871 0.5447407 0.5487643 0.6553952 0.6020377 0.5760930 0.6663810 0.5343877 0.5477288 0.5665150 0.4870334 0.4989917 0.5415738 0.5304391 0.6488052 0.7329026 0.5137795 0.6371628 0.6841657 0.4489994 0.5324650 0.5872017 0.5540273 0.4448177 0.3876715 0.3340027 0.3331946 0.3271571 0.3478581 0.4035184 0.3256969 0.3514627 0.4706714 0.3514627
0.7544571 0.6708164 0.6596602 0.6596602 0.6663810 0.6753850 0.5850568 0.5839322 0.6753850 0.7567306 0.6864631 0.5817194 0.5817194 0.6198123 0.6886133 0.6338965 0.6286697 0.6133488 0.5850568 0.5604442 0.5594492 0.5594492 0.5594492 0.6553952 0.6176230 0.5363435 0.5805831 0.6064626 0.5363435 0.5850568 0.6408087 0.5226071 0.5324650 0.4860868 0.4933218 0.5594492 0.5415738 0.5907465 0.6064626 0.6394320 0.6198123 0.6841657 0.6886133 0.5696719 0.5645505 0.4752795 0.5437601 0.3688870 0.3347661 0.3340027 0.4051106 0.3293795 0.4482151 0.4698065 0.3263928 0.3263928 0.4594440 0.3560064
0.6909508 0.6663810 0.6587670 0.6587670 0.6587670 0.7472790 0.6510749 0.5839322 0.5828190 0.6221102 0.6820211 0.6110221 0.5805831 0.6462574 0.6864631 0.7022851 0.7451299 0.6798092 0.5883033 0.5872017 0.5907465 0.5583711 0.5583711 0.6394320 0.6110221 0.5353529 0.5529605 0.5353529 0.5363435 0.6176230 0.5850568 0.4852176 0.4852176 0.4860868 0.4870334 0.4895751 0.4816155 0.4807969 0.5079858 0.4688916 0.5749384 0.4679796 0.5624570 0.4715791 0.4117358 0.3608796 0.4018111 0.3793692 0.3347661 0.3416860 0.4026482 0.3478581 0.4770335 0.4594440 0.3271571 0.3271571 0.4439721 0.3545311
0.6753850 0.6596602 0.6587670 0.6575263 0.6999553 0.6776534 0.6820211 0.6531446 0.5828190 0.5817194 0.5805831 0.5794300 0.5794300 0.6274281 0.6708164 0.7429564 0.7472790 0.7135746 0.6488052 0.6575263 0.6087027 0.5572275 0.5675410 0.6575263 0.5645505 0.5343877 0.5343877 0.5353529 0.5839322 0.6264871 0.5052973 0.4844086 0.5079858 0.4860868 0.4870334 0.4904920 0.5118549 0.4895751 0.4650715 0.4706714 0.4631106 0.4622127 0.4770335 0.4202937 0.3786001 0.3860474 0.3363150 0.3355421 0.3355421 0.3810947 0.4312172 0.4125764 0.5373732 0.3771336 0.3278997 0.3584282 0.4816155 0.3918099
0.7692143 0.6685072 0.6587670 0.6575263 0.6565956 0.6553952 0.6542923 0.7158879 0.6221102 0.5964096 0.5805831 0.6020377 0.5783799 0.5783799 0.6020377 0.6440377 0.6154765 0.6753850 0.7736022 0.6620423 0.5850568 0.5583711 0.5562024 0.6133488 0.5614895 0.5335424 0.5583711 0.6064626 0.6064626 0.5519009 0.4834617 0.4887947 0.5540273 0.5975528 0.5805831 0.5313908 0.4670499 0.4660439 0.4650715 0.4641138 0.4631106 0.4622127 0.4612787 0.5783799 0.5727860 0.3959896 0.3363150 0.3623911 0.3363150 0.3672564 0.5645505 0.6176230 0.6020377 0.3623911 0.3286544 0.3552870 0.4798985 0.4567964
0.7472790 0.7089124 0.6630914 0.6575263 0.6565956 0.6553952 0.6553952 0.7227358 0.6798092 0.6820211 0.6440377 0.6685072 0.5998133 0.5772334 0.5952859 0.6553952 0.6510749 0.5964096 0.6708164 0.6531446 0.6242542 0.5817194 0.5551020 0.5477288 0.5404060 0.5324650 0.5687363 0.5883033 0.5108526 0.4904920 0.4816155 0.4981495 0.5519009 0.5594492 0.5061827 0.4679796 0.4670499 0.4660439 0.4650715 0.4641138 0.4631106 0.4622127 0.4622127 0.5447407 0.4009683 0.3416860 0.3802100 0.3738945 0.3370677 0.3370677 0.4380670 0.6286697 0.5177861 0.3440078 0.3293795 0.3959896 0.5052973 0.4498903
0.6798092 0.6642271 0.6864631 0.6596602 0.6565956 0.6565956 0.6898108 0.6931009 0.6176230 0.7089124 0.7692143 0.6898108 0.6229835 0.5760930 0.5760930 0.6087027 0.6931009 0.5952859 0.5739026 0.5727860 0.5665150 0.5614895 0.5572275 0.5519009 0.5425240 0.5313908 0.5335424 0.5177861 0.5052973 0.5025437 0.4933218 0.4752795 0.4706714 0.4698065 0.4688916 0.4679796 0.4670499 0.4660439 0.4834617 0.5551020 0.4631106 0.4631106 0.4631106 0.5025437 0.3672564 0.4363563 0.4439721 0.3378317 0.3378317 0.3378317 0.3584282 0.5324650 0.3827277 0.3416860 0.3648146 0.3771336 0.5118549 0.3983766
0.7022851 0.6596602 0.6587670 0.6575263 0.6575263 0.6575263 0.6663810 0.6975608 0.5952859 0.5850568 0.6462574 0.6242542 0.5760930 0.5749384 0.5749384 0.6408087 0.6909508 0.6731788 0.6384609 0.6176230 0.5998133 0.6064626 0.5696719 0.5952859 0.5749384 0.5343877 0.5245968 0.5147539 0.5186043 0.5645505 0.5447407 0.5137795 0.4770335 0.4698065 0.4870334 0.5052973 0.5404060 0.5519009 0.5205656 0.5177861 0.6087027 0.5099320 0.4641138 0.5783799 0.4532977 0.5255084 0.3672564 0.3843575 0.4989917 0.4194286 0.3432460 0.4943087 0.4423003 0.3424538 0.5052973 0.5108526 0.5016074 0.3401162
0.7022851 0.6596602 0.6587670 0.6587670 0.6587670 0.6587670 0.6931009 0.7194071 0.6798092 0.5952859 0.5783799 0.5772334 0.5760930 0.5805831 0.5739026 0.5739026 0.5739026 0.6820211 0.6798092 0.6753850 0.6864631 0.6596602 0.5998133 0.6596602 0.5985973 0.5335424 0.5343877 0.5373732 0.5998133 0.6198123 0.6110221 0.6008332 0.5425240 0.5540273 0.5872017 0.5353529 0.5034409 0.5025437 0.5016074 0.5007474 0.4998483 0.4989917 0.6198123 0.6408087 0.6553952 0.5466953 0.4018111 0.5562024 0.6440377 0.4035184 0.3763973 0.5562024 0.4001217 0.3500418 0.4051106 0.5529605 0.4397310 0.3447715
0.7158879 0.6975608 0.6596602 0.6596602 0.6596602 0.6596602 0.6596602 0.6975608 0.7736022 0.6798092 0.6708164 0.6176230 0.6042500 0.6371628 0.5739026 0.5727860 0.5907465 0.6820211 0.5794300 0.6042500 0.6708164 0.7825720 0.6753850 0.6798092 0.5817194 0.5335424 0.5274535 0.5930410 0.5998133 0.6031687 0.6221102 0.5749384 0.5727860 0.5383824 0.5052973 0.5043536 0.5034409 0.5070944 0.5016074 0.5007474 0.5157818 0.4998483 0.6020377 0.4761799 0.5373732 0.6776534 0.6531446 0.6685072 0.4482151 0.3771336 0.4498903 0.6553952 0.5226071 0.3507670 0.4134223 0.6252376 0.4989917 0.3721632
0.7022851 0.6864631 0.7298791 0.6663810 0.6608690 0.6608690 0.7113363 0.7825720 0.7645323 0.7066356 0.7179842 0.7113363 0.6909508 0.6931009 0.6064626 0.5727860 0.5717525 0.6198123 0.5707795 0.5907465 0.6708164 0.7158879 0.6264871 0.6042500 0.5614895 0.5343877 0.5245968 0.5335424 0.5186043 0.5070944 0.5079858 0.5052973 0.5043536 0.5043536 0.5118549 0.5313908 0.5043536 0.5404060 0.5975528 0.5137795 0.5108526 0.6221102 0.5739026 0.4270187 0.4887947 0.6286697 0.5215967 0.6154765 0.4904920 0.5313908 0.5205656 0.6820211 0.4825768 0.4789404 0.4244955 0.5675410 0.5930410 0.4679796
0.7194071 0.6675000 0.7179842 0.7113363 0.6620423 0.6620423 0.6886133 0.6708164 0.7179842 0.6931009 0.6510749 0.6663810 0.6663810 0.5749384 0.5739026 0.5727860 0.5717525 0.5707795 0.5696719 0.5952859 0.6338965 0.6474810 0.6510749 0.5540273 0.5425240 0.5343877 0.5205656 0.5108526 0.5079858 0.5070944 0.5061827 0.5052973 0.5043536 0.5034409 0.5529605 0.5604442 0.5727860 0.5665150 0.5447407 0.4998483 0.4989917 0.5363435 0.5952859 0.5687363 0.4261607 0.4498903 0.4372368 0.5794300 0.6620423 0.6575263 0.6242542 0.6753850 0.6221102 0.6531446 0.6488052 0.6575263 0.6663810 0.6042500
0.7451299 0.6663810 0.6753850 0.7388239 0.6630914 0.6630914 0.6630914 0.6642271 0.7158879 0.7113363 0.6931009 0.6198123 0.5783799 0.5749384 0.5739026 0.5975528 0.5717525 0.5707795 0.5696719 0.5687363 0.5675410 0.5687363 0.6349546 0.5930410 0.5466953 0.5363435 0.5255084 0.5186043 0.5079858 0.5070944 0.5061827 0.5052973 0.5157818 0.5034409 0.5025437 0.5016074 0.5007474 0.4998483 0.4989917 0.4989917 0.5128071 0.4981495 0.4860868 0.5975528 0.5177861 0.3884621 0.4389675 0.4430910 0.6087027 0.5255084 0.5118549 0.6242542 0.4058949 0.6031687 0.5839322 0.4770335 0.4167330 0.4329739
0.7567306 0.6663810 0.6653556 0.6642271 0.6642271 0.6642271 0.6642271 0.6953364 0.6753850 0.6642271 0.7022851 0.6708164 0.6531446 0.6416759 0.6221102 0.6531446 0.6510749 0.5895094 0.6020377 0.5783799 0.5727860 0.5665150 0.5624570 0.5540273 0.5477288 0.5353529 0.5383824 0.6042500 0.5985973 0.5293609 0.5594492 0.5108526 0.5594492 0.5264254 0.5025437 0.5205656 0.5007474 0.4998483 0.4989917 0.4981495 0.5274535 0.4270187 0.4261607 0.4253539 0.4244955 0.3950537 0.3876715 0.5373732 0.6462574 0.4761799 0.4337812 0.4706714 0.4051106 0.6221102 0.5186043 0.3370677 0.2817789 0.2642714
0.7602264 0.7158879 0.6953364 0.6653556 0.6653556 0.6642271 0.6642271 0.7397245 0.6663810 0.6630914 0.6630914 0.7194071 0.7397245 0.7113363 0.7113363 0.7636429 0.7089124 0.6242542 0.6642271 0.6020377 0.5783799 0.5696719 0.5604442 0.5540273 0.5466953 0.5457401 0.6416759 0.6052874 0.6074986 0.6198123 0.6307271 0.6221102 0.6031687 0.6176230 0.5283864 0.6110221 0.5998133 0.5583711 0.6042500 0.5624570 0.4286226 0.4270187 0.4261607 0.4253539 0.4550775 0.3868866 0.4660439 0.6274281 0.6362287 0.5707795 0.3843575 0.3347661 0.4261607 0.5918261 0.5363435 0.4989917 0.3778864 0.2551014
0.8095786 0.8042761 0.7544571 0.7066356 0.6653556 0.6642271 0.6630914 0.7371943 0.6864631 0.6620423 0.6620423 0.6999553 0.6731788 0.6620423 0.6620423 0.6820211 0.7636429 0.6753850 0.6753850 0.6440377 0.6154765 0.5828190 0.5739026 0.5604442 0.5447407 0.5907465 0.6531446 0.5727860 0.5529605 0.6286697 0.5930410 0.6042500 0.5850568 0.6909508 0.6841657 0.6953364 0.5964096 0.5562024 0.5108526 0.4286226 0.4278386 0.4270187 0.4430910 0.4465769 0.4816155 0.3959896 0.3860474 0.4807969 0.4725240 0.6408087 0.4989917 0.3015679 0.4761799 0.4688916 0.4641138 0.5186043 0.4236860 0.2543820
0.7879789 0.7567306 0.7388239 0.6663810 0.6653556 0.6642271 0.6630914 0.6620423 0.6820211 0.6608690 0.6608690 0.6608690 0.6841657 0.6608690 0.6608690 0.7158879 0.7862591 0.7567306 0.6429952 0.6753850 0.7113363 0.6798092 0.5783799 0.5562024 0.5437601 0.5437601 0.5343877 0.5335424 0.5324650 0.5324650 0.5324650 0.5404060 0.5749384 0.6553952 0.5998133 0.5447407 0.4448177 0.4303774 0.4295136 0.4286226 0.4278386 0.4278386 0.4278386 0.4286226 0.5016074 0.4887947 0.3408777 0.3316993 0.3608796 0.4603598 0.3942958 0.2866426 0.4149942 0.3755879 0.3136779 0.3228018 0.3537616 0.2536085
