projects/spp-inf/Zonation runs/Test data/Output/out_missingSp6.prop.asc
ncols        649
nrows        555
xllcorner    294205.000000000000
yllcorner    6283604.599999999600
cellsize     0.200000000000
NODATA_value     -1
[rows 364 to 389 of 555, columns 116 to 173 of 649]
-1.0000000 -1.0000000 -1.0000000 -1.0000000 -1.0000000 -1.0000000 -1.0000000 -1.0000000 -1.0000000 -1.0000000 -1.0000000 -1.0000000 -1.0000000 -1.0000000 -1.0000000 -1.0000000 -1.0000000 -1.0000000 -1.0000000 -1.0000000 -1.0000000 -1.0000000 -1.0000000 -1.0000000 -1.0000000 -1.0000000 -1.0000000 -1.0000000 -1.0000000 0.2674901 0.2785660 0.2658467 0.2467446 0.2513114 0.2595709 0.2723265 0.3424538 0.4733691 0.4559339 0.4067443 0.3860474 0.3851705 0.4389675 0.4852176 0.4761799 0.4026482 0.3600600 0.3664587 0.3136779 0.2769518 0.2769518 0.2769518 0.2793806 0.3144227 0.2777651 0.3175650 0.3228018 0.2950400
-1.0000000 -1.0000000 -1.0000000 -1.0000000 -1.0000000 -1.0000000 -1.0000000 -1.0000000 -1.0000000 -1.0000000 -1.0000000 -1.0000000 -1.0000000 -1.0000000 -1.0000000 -1.0000000 -1.0000000 -1.0000000 -1.0000000 -1.0000000 -1.0000000 -1.0000000 -1.0000000 -1.0000000 -1.0000000 -1.0000000 -1.0000000 -1.0000000 -1.0000000 -1.0000000 0.3056322 0.2558351 0.2475201 0.2482636 0.2536085 0.4035184 0.4448177 0.4981495 0.4998483 0.4706714 0.4706714 0.5497905 0.5907465 0.5394717 0.4507480 0.3893183 0.3514627 0.3175650 0.2850453 0.2761735 0.2761735 0.3136779 0.3432460 0.2801992 0.2761735 0.3256969 0.2793806 0.3007739
-1.0000000 -1.0000000 -1.0000000 -1.0000000 -1.0000000 -1.0000000 -1.0000000 -1.0000000 -1.0000000 -1.0000000 -1.0000000 -1.0000000 -1.0000000 -1.0000000 -1.0000000 -1.0000000 -1.0000000 -1.0000000 -1.0000000 -1.0000000 -1.0000000 -1.0000000 -1.0000000 -1.0000000 -1.0000000 -1.0000000 -1.0000000 -1.0000000 -1.0000000 -1.0000000 0.3747406 0.3462406 0.2900285 0.2754115 0.2489970 0.2941667 0.3843575 0.4789404 0.6264871 0.5772334 0.6520399 0.6429952 0.5363435 0.5128071 0.4524963 0.3926022 0.3730363 0.3301169 0.2874878 0.2754115 0.2754115 0.2754115 0.3440078 0.2754115 0.2754115 0.2754115 0.2754115 0.2874878
-1.0000000 -1.0000000 -1.0000000 -1.0000000 -1.0000000 -1.0000000 -1.0000000 -1.0000000 -1.0000000 -1.0000000 -1.0000000 -1.0000000 -1.0000000 -1.0000000 -1.0000000 -1.0000000 -1.0000000 -1.0000000 -1.0000000 -1.0000000 -1.0000000 -1.0000000 -1.0000000 -1.0000000 -1.0000000 -1.0000000 -1.0000000 -1.0000000 -1.0000000 -1.0000000 0.3771336 0.3048661 0.2505524 0.2497518 0.2497518 0.3095600 0.3827277 0.4261607 0.6031687 0.7102414 0.8012946 0.6453605 0.5215967 0.5415738 0.4981495 0.4603598 0.4631106 0.4018111 0.2965866 0.2746775 0.2746775 0.2883212 0.3007739 0.2746775 0.2746775 0.2746775 0.2754115 0.3079572
-1.0000000 -1.0000000 -1.0000000 -1.0000000 -1.0000000 -1.0000000 -1.0000000 -1.0000000 -1.0000000 -1.0000000 -1.0000000 -1.0000000 -1.0000000 -1.0000000 -1.0000000 -1.0000000 -1.0000000 -1.0000000 -1.0000000 -1.0000000 -1.0000000 -1.0000000 -1.0000000 -1.0000000 -1.0000000 -1.0000000 -1.0000000 -1.0000000 -1.0000000 -1.0000000 0.3576415 0.2817789 0.2505524 0.2505524 0.2528108 0.2666245 0.3656271 0.5052973 0.6229835 0.7748140 0.8403555 0.7554753 0.7218119 0.6453605 0.5594492 0.5373732 0.4507480 0.3522461 0.2754115 0.2883212 0.2739235 0.2739235 0.2739235 0.2739235 0.2739235 0.2739235 0.2891752 0.3192173
-1.0000000 -1.0000000 -1.0000000 -1.0000000 -1.0000000 -1.0000000 -1.0000000 -1.0000000 -1.0000000 -1.0000000 -1.0000000 -1.0000000 -1.0000000 -1.0000000 -1.0000000 -1.0000000 -1.0000000 -1.0000000 -1.0000000 -1.0000000 -1.0000000 -1.0000000 -1.0000000 -1.0000000 -1.0000000 -1.0000000 -1.0000000 -1.0000000 -1.0000000 0.3242069 0.3079572 0.3378317 0.2958048 0.2513114 0.2513114 0.2627209 0.3843575 0.5457401 0.6854646 0.8210853 0.8487746 0.7544571 0.5861377 0.5335424 0.4594440 0.4524963 0.4009683 0.2941667 0.2858828 0.2746775 0.2739235 0.2731033 0.2731033 0.2731033 0.2731033 0.2777651 0.3370677 0.3493512
-1.0000000 -1.0000000 -1.0000000 -1.0000000 -1.0000000 -1.0000000 -1.0000000 -1.0000000 -1.0000000 -1.0000000 -1.0000000 -1.0000000 -1.0000000 -1.0000000 -1.0000000 -1.0000000 -1.0000000 -1.0000000 -1.0000000 -1.0000000 -1.0000000 -1.0000000 -1.0000000 -1.0000000 -1.0000000 -1.0000000 -1.0000000 -1.0000000 -1.0000000 0.3056322 0.3286544 0.3778864 0.2999489 0.2520256 0.2520256 0.2520256 0.3576415 0.4405877 0.5255084 0.7056788 0.8337552 0.6488052 0.4971973 0.4270187 0.3786001 0.3778864 0.3385991 0.2999489 0.2761735 0.2746775 0.2739235 0.3455397 0.2723265 0.2723265 0.2723265 0.3160044 0.3500418 -1.0000000
-1.0000000 -1.0000000 -1.0000000 -1.0000000 -1.0000000 -1.0000000 -1.0000000 -1.0000000 -1.0000000 -1.0000000 -1.0000000 -1.0000000 -1.0000000 -1.0000000 -1.0000000 -1.0000000 -1.0000000 -1.0000000 -1.0000000 -1.0000000 -1.0000000 -1.0000000 -1.0000000 -1.0000000 -1.0000000 -1.0000000 -1.0000000 -1.0000000 0.3424538 0.2793806 0.3144227 0.3160044 0.2746775 0.2536085 0.2528108 0.2528108 0.2619256 0.3680411 0.5108526 0.7077420 0.7890385 0.6143058 0.5052973 0.3926022 0.3786001 0.4194286 0.4076163 0.3747406 0.3071461 0.2746775 0.3370677 0.3576415 0.2715296 0.2715296 0.2715296 0.3385991 0.3440078 0.3608796
-1.0000000 -1.0000000 -1.0000000 -1.0000000 -1.0000000 -1.0000000 -1.0000000 -1.0000000 -1.0000000 -1.0000000 -1.0000000 -1.0000000 -1.0000000 -1.0000000 -1.0000000 -1.0000000 -1.0000000 -1.0000000 -1.0000000 -1.0000000 -1.0000000 -1.0000000 -1.0000000 -1.0000000 -1.0000000 -1.0000000 -1.0000000 -1.0000000 0.3056322 0.2731033 0.3095600 0.2731033 0.2573268 0.2536085 0.2536085 0.2536085 0.3416860 0.4100514 0.4532977 0.5918261 0.7977008 0.7462945 0.5655055 0.4524963 0.4380670 0.4725240 0.4844086 0.3778864 0.3088260 0.2754115 0.3696962 0.3136779 0.2706872 0.2706872 0.2706872 0.3104300 0.2965866 0.3401162
-1.0000000 -1.0000000 -1.0000000 -1.0000000 -1.0000000 -1.0000000 -1.0000000 -1.0000000 -1.0000000 -1.0000000 -1.0000000 -1.0000000 -1.0000000 -1.0000000 -1.0000000 -1.0000000 -1.0000000 -1.0000000 -1.0000000 -1.0000000 -1.0000000 -1.0000000 -1.0000000 -1.0000000 -1.0000000 -1.0000000 -1.0000000 -1.0000000 0.2810224 0.2723265 0.3048661 0.2551014 0.2543820 0.2543820 0.2543820 0.2543820 0.3918099 0.5437601 0.5508828 0.5052973 0.5998133 0.7793831 0.6587670 0.5245968 0.5052973 0.5034409 0.4001217 0.3560064 0.3486252 0.3810947 0.4125764 0.3256969 0.2706872 0.2698429 0.2723265 0.2754115 0.2674901 0.2900285
-1.0000000 -1.0000000 -1.0000000 -1.0000000 -1.0000000 -1.0000000 -1.0000000 -1.0000000 -1.0000000 -1.0000000 -1.0000000 -1.0000000 -1.0000000 -1.0000000 -1.0000000 -1.0000000 -1.0000000 -1.0000000 -1.0000000 -1.0000000 -1.0000000 -1.0000000 -1.0000000 -1.0000000 -1.0000000 -1.0000000 -1.0000000 0.3378317 0.2666245 0.2603598 0.2642714 0.2551014 0.2551014 0.2551014 0.2551014 0.2551014 0.3778864 0.5255084 0.6474810 0.5335424 0.6031687 0.7890385 0.6408087 0.5529605 0.4923738 0.4067443 0.4035184 0.4567964 0.4670499 0.4482151 0.4100514 0.3705415 0.2706872 0.2698429 0.2690743 0.2682752 0.2674901 0.2666245
-1.0000000 -1.0000000 -1.0000000 -1.0000000 -1.0000000 -1.0000000 -1.0000000 -1.0000000 -1.0000000 -1.0000000 -1.0000000 -1.0000000 -1.0000000 -1.0000000 -1.0000000 -1.0000000 -1.0000000 -1.0000000 -1.0000000 -1.0000000 -1.0000000 -1.0000000 -1.0000000 -1.0000000 -1.0000000 -1.0000000 -1.0000000 0.3301169 0.2634704 0.2754115 0.2558351 0.2558351 0.2558351 0.2634704 0.2558351 0.2558351 0.2833656 0.4989917 0.6296802 0.6542923 0.7194071 0.7544571 0.6565956 0.5415738 0.4559339 0.4852176 0.5583711 0.5634854 0.5089792 0.4018111 0.2874878 0.2825541 0.2706872 0.2698429 0.2690743 0.2682752 0.2674901 0.2666245
-1.0000000 -1.0000000 -1.0000000 -1.0000000 -1.0000000 -1.0000000 -1.0000000 -1.0000000 -1.0000000 -1.0000000 -1.0000000 -1.0000000 -1.0000000 -1.0000000 -1.0000000 -1.0000000 -1.0000000 -1.0000000 -1.0000000 -1.0000000 -1.0000000 -1.0000000 -1.0000000 -1.0000000 -1.0000000 -1.0000000 -1.0000000 0.3355421 0.2793806 0.2746775 0.2566282 0.2566282 0.2595709 0.2566282 0.2566282 0.2566282 0.3071461 0.4149942 0.4612787 0.5497905 0.7320738 0.6542923 0.5655055 0.5839322 0.6362287 0.6498907 0.6877939 0.5883033 0.4670499 0.3560064 0.2785660 0.2769518 0.2706872 0.2785660 0.2690743 0.2682752 0.2674901 0.2666245
-1.0000000 -1.0000000 -1.0000000 -1.0000000 -1.0000000 -1.0000000 -1.0000000 -1.0000000 -1.0000000 -1.0000000 -1.0000000 -1.0000000 -1.0000000 -1.0000000 -1.0000000 -1.0000000 -1.0000000 -1.0000000 -1.0000000 -1.0000000 -1.0000000 -1.0000000 -1.0000000 -1.0000000 -1.0000000 -1.0000000 -1.0000000 0.3063437 0.2666245 0.2573268 0.2666245 0.2916961 0.3385991 0.2723265 0.2573268 0.3447715 0.4541996 0.4789404 0.4567964 0.5070944 0.6944073 0.7683944 0.7793831 0.8161615 0.7683944 0.7147796 0.5760930 0.4844086 0.4524963 0.3623911 0.3128527 0.2965866 0.2715296 0.3249744 0.2825541 0.2682752 0.2674901 0.2723265
-1.0000000 -1.0000000 -1.0000000 -1.0000000 -1.0000000 -1.0000000 -1.0000000 -1.0000000 -1.0000000 -1.0000000 -1.0000000 -1.0000000 -1.0000000 -1.0000000 -1.0000000 -1.0000000 -1.0000000 -1.0000000 -1.0000000 -1.0000000 -1.0000000 -1.0000000 -1.0000000 -1.0000000 -1.0000000 -1.0000000 -1.0000000 0.3007739 0.2785660 0.2580544 0.2580544 0.2746775 0.2634704 0.2580544 0.2580544 0.3040975 0.4670499 0.5070944 0.5274535 0.5353529 0.5415738 0.6264871 0.8095786 0.7587460 0.5941036 0.5508828 0.5147539 0.4414535 0.4380670 0.4176083 0.3827277 0.3416860 0.3040975 0.3056322 0.2999489 0.2841950 0.2682752 0.3918099
-1.0000000 -1.0000000 -1.0000000 -1.0000000 -1.0000000 -1.0000000 -1.0000000 -1.0000000 -1.0000000 -1.0000000 -1.0000000 -1.0000000 -1.0000000 -1.0000000 -1.0000000 -1.0000000 -1.0000000 -1.0000000 -1.0000000 -1.0000000 -1.0000000 -1.0000000 -1.0000000 -1.0000000 -1.0000000 -1.0000000 0.3493512 0.2611076 0.2858828 0.2965866 0.3144227 0.2900285 0.2634704 0.2587882 0.2587882 0.2850453 0.3918099 0.4594440 0.4670499 0.5739026 0.5540273 0.6565956 0.8267704 0.6154765 0.4943087 0.4933218 0.4923738 0.4559339 0.4594440 0.4752795 0.4439721 0.3934625 0.3462406 0.3447715 0.3447715 0.3128527 0.2690743 0.3324384
-1.0000000 -1.0000000 -1.0000000 -1.0000000 -1.0000000 -1.0000000 -1.0000000 -1.0000000 -1.0000000 -1.0000000 -1.0000000 -1.0000000 -1.0000000 -1.0000000 -1.0000000 -1.0000000 -1.0000000 -1.0000000 -1.0000000 -1.0000000 -1.0000000 -1.0000000 -1.0000000 -1.0000000 -1.0000000 -1.0000000 0.3478581 0.2698429 0.2974045 0.3648146 0.3324384 0.2627209 0.3015679 0.2595709 0.3024108 0.3175650 0.4009683 0.4825768 0.4612787 0.5264254 0.6808803 0.8095786 0.8239684 0.6133488 0.5304391 0.6221102 0.5293609 0.4770335 0.5025437 0.5052973 0.4761799 0.4329739 0.4001217 0.3786001 0.4076163 0.4184872 0.3868866 0.3271571
-1.0000000 -1.0000000 -1.0000000 -1.0000000 -1.0000000 -1.0000000 -1.0000000 -1.0000000 -1.0000000 -1.0000000 -1.0000000 -1.0000000 -1.0000000 -1.0000000 -1.0000000 -1.0000000 -1.0000000 -1.0000000 -1.0000000 -1.0000000 -1.0000000 -1.0000000 -1.0000000 -1.0000000 -1.0000000 -1.0000000 0.3199406 0.2706872 0.3316993 0.3522461 0.2850453 0.2627209 0.2619256 0.2658467 0.3447715 0.4184872 0.4083900 0.5226071 0.5118549 0.4887947 0.6620423 0.8675727 0.8403555 0.7420982 0.6620423 0.5998133 0.4914223 0.5052973 0.5861377 0.5235605 0.4779939 0.4825768 0.4489994 0.4018111 0.4439721 0.4679796 0.5025437 0.4456932
-1.0000000 -1.0000000 -1.0000000 -1.0000000 -1.0000000 -1.0000000 -1.0000000 -1.0000000 -1.0000000 -1.0000000 -1.0000000 -1.0000000 -1.0000000 -1.0000000 -1.0000000 -1.0000000 -1.0000000 -1.0000000 -1.0000000 -1.0000000 -1.0000000 -1.0000000 -1.0000000 -1.0000000 -1.0000000 -1.0000000 0.3192173 0.2715296 0.3007739 0.4009683 0.3363150 0.3316993 0.2627209 0.2627209 0.3778864 0.4670499 0.4952180 0.5457401 0.5749384 0.5157818 0.6808803 0.8928998 0.7636429 0.6697333 0.5447407 0.4923738 0.4989917 0.5255084 0.6408087 0.5255084 0.5099320 0.4923738 0.4870334 0.4887947 0.4962112 0.5245968 0.5861377 0.5205656
-1.0000000 -1.0000000 -1.0000000 -1.0000000 -1.0000000 -1.0000000 -1.0000000 -1.0000000 -1.0000000 -1.0000000 -1.0000000 -1.0000000 -1.0000000 -1.0000000 -1.0000000 -1.0000000 -1.0000000 -1.0000000 -1.0000000 -1.0000000 -1.0000000 -1.0000000 -1.0000000 -1.0000000 -1.0000000 0.3755879 0.3507670 0.3286544 0.2723265 0.3926022 0.4423003 0.3486252 0.2634704 0.2634704 0.3672564 0.4825768 0.5655055 0.5975528 0.5634854 0.5707795 0.7218119 0.8717506 0.7544571 0.6630914 0.5079858 0.5128071 0.6542923 0.6542923 0.6944073 0.5717525 0.5195785 0.5118549 0.4971973 0.5717525 0.5447407 0.5975528 0.6877939 0.5604442
-1.0000000 -1.0000000 -1.0000000 -1.0000000 -1.0000000 -1.0000000 -1.0000000 -1.0000000 -1.0000000 -1.0000000 -1.0000000 -1.0000000 -1.0000000 -1.0000000 -1.0000000 -1.0000000 -1.0000000 -1.0000000 -1.0000000 -1.0000000 -1.0000000 -1.0000000 -1.0000000 -1.0000000 -1.0000000 0.3393664 0.3056322 0.3192173 0.3040975 0.2965866 0.4076163 0.4141600 0.2642714 0.2642714 0.4202937 0.4698065 0.5551020 0.5964096 0.5861377 0.6675000 0.8787799 0.8928998 0.6877939 0.5551020 0.5205656 0.5089792 0.6510749 0.7510806 0.6742947 0.6642271 0.5624570 0.5293609 0.6074986 0.7124949 0.5850568 0.7462945 0.6877939 0.5817194
-1.0000000 -1.0000000 -1.0000000 -1.0000000 -1.0000000 -1.0000000 -1.0000000 -1.0000000 -1.0000000 -1.0000000 -1.0000000 -1.0000000 -1.0000000 -1.0000000 -1.0000000 -1.0000000 -1.0000000 -1.0000000 -1.0000000 -1.0000000 -1.0000000 -1.0000000 -1.0000000 -1.0000000 0.3747406 0.3120636 0.3056322 0.3048661 0.3152067 0.2974045 0.3493512 0.4253539 0.2999489 0.2650637 0.4559339 0.4895751 0.5226071 0.5985973 0.6286697 0.6587670 0.8841220 0.8122473 0.6176230 0.5147539 0.5128071 0.5783799 0.7793831 0.8042761 0.7462945 0.7420982 0.6498907 0.5930410 0.7462945 0.6965961 0.5861377 0.7748140 0.7388239 0.6921083
-1.0000000 -1.0000000 -1.0000000 -1.0000000 -1.0000000 -1.0000000 -1.0000000 -1.0000000 -1.0000000 -1.0000000 -1.0000000 -1.0000000 -1.0000000 -1.0000000 -1.0000000 -1.0000000 -1.0000000 -1.0000000 -1.0000000 -1.0000000 -1.0000000 -1.0000000 -1.0000000 0.4660439 0.3545311 0.3063437 0.3056322 0.3500418 0.3576415 0.3793692 0.4202937 0.4465769 0.3056322 0.2841950 0.4448177 0.5195785 0.5353529 0.6097994 0.5998133 0.6832134 0.8973901 0.7700931 0.6133488 0.5137795 0.5772334 0.6208292 0.8122473 0.9354095 0.9507345 0.8717506 0.7124949 0.6965961 0.7769507 0.7010387 0.6565956 0.7862591 0.8315728 0.8519985
-1.0000000 -1.0000000 -1.0000000 -1.0000000 -1.0000000 -1.0000000 -1.0000000 -1.0000000 -1.0000000 -1.0000000 -1.0000000 -1.0000000 -1.0000000 -1.0000000 -1.0000000 -1.0000000 -1.0000000 -1.0000000 -1.0000000 -1.0000000 -1.0000000 -1.0000000 0.5245968 0.4852176 0.4076163 0.4026482 0.3263928 0.3175650 0.4397310 0.4456932 0.4295136 0.4270187 0.4051106 0.3959896 0.4149942 0.5043536 0.5918261 0.6198123 0.6008332 0.7258808 0.8644695 0.7793831 0.5985973 0.5930410 0.6675000 0.6965961 0.9329036 0.8997470 0.7769507 0.8603357 0.8403555 0.8373368 0.8675727 0.7793831 0.8373368 0.8675727 0.8787799 0.8487746
-1.0000000 -1.0000000 -1.0000000 -1.0000000 -1.0000000 -1.0000000 -1.0000000 -1.0000000 -1.0000000 -1.0000000 -1.0000000 -1.0000000 -1.0000000 -1.0000000 -1.0000000 -1.0000000 -1.0000000 -1.0000000 -1.0000000 -1.0000000 -1.0000000 -1.0000000 0.5264254 0.4516630 0.3959896 0.4042581 0.3608796 0.3184037 0.3672564 0.3199406 0.3206469 0.3213691 0.3884621 0.5147539 0.4698065 0.4660439 0.4895751 0.6154765 0.6052874 0.6620423 0.8551581 0.6653556 0.6031687 0.6877939 0.7320738 0.8442302 0.9282815 0.7279186 0.5373732 0.6362287 0.6697333 0.6542923 0.6630914 0.7485772 0.6798092 0.6362287 0.6384609 0.6474810
-1.0000000 -1.0000000 -1.0000000 -1.0000000 -1.0000000 -1.0000000 -1.0000000 -1.0000000 -1.0000000 -1.0000000 -1.0000000 -1.0000000 -1.0000000 -1.0000000 -1.0000000 -1.0000000 -1.0000000 -1.0000000 -1.0000000 -1.0000000 -1.0000000 -1.0000000 -1.0000000 0.4303774 0.3462406 0.3256969 0.3192173 0.3440078 0.3192173 0.3199406 0.3206469 0.3213691 0.3793692 0.5645505 0.5930410 0.5089792 0.4887947 0.6296802 0.5964096 0.6764355 0.8470241 0.8070234 0.7683944 0.8305202 0.9071785 0.9157411 0.8787799 0.6052874 0.4825768 0.4414535 0.4559339 0.4220038 0.4887947 0.5070944 0.5293609 0.4779939 0.4167330 0.4914223
