projects/spp-inf/Zonation runs/Test data/Output/out_missingSp4.rank.asc
ncols        649
nrows        555
xllcorner    294205.000000000000
yllcorner    6283604.599999999600
cellsize     0.200000000000
NODATA_value     -1
[rows 286 to 311 of 555, columns 232 to 289 of 649]
0.8371085 0.8551078 0.9141474 0.9148818 0.8724089 0.9633666 0.9853013 0.8557788 0.8555884 0.8552257 0.8550171 0.8556066 0.8554524 0.8574926 0.8952413 0.8578100 0.8591248 0.8834352 0.9131137 0.8644022 0.9341506 0.9701130 0.9342594 0.9412506 0.9537912 0.9300611 0.9617707 0.9302606 0.8748572 0.8645926 0.8888758 0.9138844 0.9673473 0.9735134 0.9288098 0.9465189 0.8851490 0.8893745 0.9278849 0.8723999 0.7199815 0.6987723 0.9448958 0.8813496 0.9188716 0.6856241 0.8814494 0.8970820 0.7446637 0.6740901 0.6731289 0.6697104 0.6203007 0.5048693 0.3372989 0.3215303 0.3201883 0.3194900
0.8427032 0.8631418 0.8706045 0.9286012 0.9571009 0.9668759 0.9726247 0.8592789 0.8570211 0.8571752 0.8563319 0.8574291 0.8893473 0.8560599 0.8571843 0.8578009 0.9250649 0.9130592 0.8751564 0.8643478 0.9106835 0.9749914 0.9255182 0.9759344 0.9530749 0.9415771 0.9594222 0.9595854 0.9003826 0.9033840 0.9275857 0.9010265 0.9463376 0.9664315 0.9385756 0.9692153 0.9322646 0.8719555 0.8606391 0.7822038 0.6624109 0.9433089 0.9137574 0.9508986 0.7291126 0.6869661 0.8796902 0.8190276 0.7697358 0.7432672 0.7636423 0.7309625 0.6080775 0.4917484 0.4852832 0.5452749 0.5703651 0.5910937
0.8586170 0.8585263 0.8633503 0.9301427 0.9647449 -1.0000000 -1.0000000 0.8799804 0.8774324 0.8724542 0.8890118 0.9634755 0.9129776 0.8782394 0.9218367 0.8765256 0.8913875 0.8622985 0.8628607 0.8641846 0.9301971 0.9618251 0.9248381 0.9758619 0.9564843 0.9741843 0.9538728 0.9475799 0.9218277 0.9579986 0.9672295 0.9508260 0.9021871 0.9025317 0.9031029 0.9216372 0.9231244 0.8410348 0.8157360 0.8708765 -1.0000000 0.9161513 0.8628788 0.8154549 0.6877822 0.6875102 0.8010555 0.7117118 0.5321177 0.4472171 0.4470086 0.4452676 0.3245770 0.5439329 0.6438222 0.6021291 0.5973958 0.6484558
0.8800257 0.8739051 0.8860285 0.8968372 0.9350120 0.9622604 -1.0000000 -1.0000000 0.9688526 0.9129323 0.9488947 0.9040822 0.9011262 0.9394099 0.8635226 0.8612194 0.8615187 0.9370885 0.9931449 0.9934985 0.9846575 0.8802343 0.9630311 0.9849749 0.9194701 0.9196605 0.9194973 0.9199053 0.9673111 0.9595582 0.9618614 0.9760070 0.9172757 0.9030486 0.9342322 0.9817014 0.9682269 0.9091511 0.8472733 0.8893110 0.9340600 0.8812317 0.8320397 0.9384487 0.9834968 0.8454779 0.8356667 0.9593859 0.9464192 0.8534485 0.7189659 0.6676793 0.5111623 0.3229992 0.5676448 0.5872944 0.4175477 0.4678007
0.8766344 0.8770697 0.8765891 0.8939809 0.8947154 0.9488856 0.9799514 0.9770860 0.9687619 0.9624780 0.9402713 0.8437642 0.8859560 0.8590613 0.8936272 0.8607479 0.9286556 0.9233148 0.8781034 0.8787563 0.8799170 0.8801527 0.9498467 0.9758800 0.9463013 0.9190258 0.9189623 0.9192978 0.9759707 0.9597033 0.9597759 0.9693151 0.9227526 0.9039281 0.9710016 0.9913313 0.9449593 0.9402894 0.8675396 0.8484885 0.8610199 0.8537205 0.9104750 0.9959558 0.9879491 0.9835603 0.9026405 0.8864366 0.7581564 0.7877804 0.8279320 0.8512359 0.7822945 0.4267242 0.3219202 0.5787255 0.4399902 0.3170962
0.8971092 0.8880325 0.8935094 0.9179467 0.9082171 0.9688435 0.9798426 0.9648446 0.9043996 0.8688997 0.8459132 0.8195173 0.7998857 0.9231606 0.8594240 0.9148365 0.9044087 0.8771785 0.8925482 0.9360186 0.9552239 0.9387116 0.8893654 0.9187628 0.9201230 0.9287463 0.9185452 0.9530295 0.9890644 0.9726701 0.9662320 0.9700133 0.9605557 0.9043452 0.9403620 0.9442611 0.9200595 0.9129686 0.9628589 0.8816398 0.8489418 0.8923396 0.9508351 0.9910955 0.8278867 0.7503672 0.7451261 0.7203351 0.6153679 0.5458915 0.6500880 0.5860884 0.6662012 0.5025662 0.2606409 0.4168405 0.5054769 0.3035491
0.9151720 0.8998749 0.8903720 0.9242215 0.9289186 0.9687891 0.9792532 0.9641011 0.8657623 0.8369544 0.8229902 0.7989609 0.7993145 0.9252552 0.9169039 0.8750204 0.8766435 0.8889756 0.8926207 0.9185361 0.8768883 0.8658167 0.8748844 0.9466549 0.9817196 0.9743295 0.9172938 0.8807421 0.9735405 -1.0000000 0.9448323 0.9749460 0.9758528 0.9048349 0.9640377 0.9651076 0.9139751 0.9104205 0.9289639 0.9400355 0.9138482 0.9759616 0.9483687 0.8877877 0.8190094 0.7372192 0.7410910 0.6698917 0.6171814 0.5630746 -1.0000000 0.4516059 0.4897173 0.5559837 0.4575906 0.2598158 0.4364175 0.3024338
0.9010718 0.9045447 0.9151086 0.8916959 0.9532834 0.9813750 0.9799061 0.9888014 0.8129795 0.8110934 0.8032680 0.8658802 0.7980903 0.8490415 0.9109374 0.9539182 0.9185180 0.8804066 0.8656263 0.8644928 0.8650006 0.8644566 0.9522225 0.8980069 0.9058324 0.9474166 0.9431458 0.8780762 0.8512450 0.9651983 0.8568941 0.9594494 0.9136940 0.9055512 0.9726338 0.9448051 0.9279574 0.9101485 0.9116991 0.9025136 0.8779765 0.9831251 0.9825357 0.9259988 0.8111750 0.7369743 0.7617925 0.6809724 0.6117771 0.5600823 0.4832883 0.4538637 0.3760632 0.3767977 0.4986943 0.2968299 0.2535953 0.3287028
0.9017247 0.9116809 0.9289548 0.9103027 0.9648175 0.9880579 0.9755082 0.9577538 0.8191273 0.8035672 0.8042926 0.8571390 0.7972471 0.7978546 0.8194084 0.9000109 0.9387026 0.9323825 0.8812952 0.8673401 0.8636858 0.8649644 0.9499102 0.8857021 0.8849767 0.9231516 0.9316843 0.8520430 0.8516349 0.9789811 0.8812045 0.9700586 0.9059865 0.9059230 0.9360458 0.9301699 0.9414682 0.9096407 0.9385394 0.8782757 0.7873452 0.9652346 0.9862262 0.8984694 0.7926588 0.7671787 0.7362307 0.7132261 0.7007127 0.6148419 0.5111170 -1.0000000 0.3757549 -1.0000000 0.3699153 0.3915780 0.2524891 0.2932573
0.9149181 0.9588056 0.9391651 0.9455668 0.9828259 0.9911863 0.9762971 0.9168767 0.8475907 0.9062766 0.8951597 0.8129976 0.7968028 0.8633775 0.8551441 0.8646833 0.8533759 0.9313850 0.9451225 0.8980976 0.8628153 0.8633685 0.8985147 0.9231697 0.8906893 0.8700604 0.9171216 0.8523512 0.8719828 0.9579351 0.9173029 0.9186903 0.9065577 0.9064671 0.9065487 0.9638835 0.9089244 0.9137303 0.9412778 0.8458044 0.7870550 0.7869552 0.9691518 0.9774941 0.9059683 0.8227816 0.6862679 0.5128398 0.4627319 0.4276038 0.5142362 0.4928184 0.3589616 -1.0000000 0.2029796 0.2519178 0.2528881 0.2645853
0.9333164 0.9546164 0.9705029 0.9779021 0.9902160 0.9892458 0.9713915 0.9229068 0.8489146 0.8534847 0.9340781 0.8009557 0.7993236 0.7954879 0.7940371 0.8822745 0.8533577 0.8396837 0.8779674 0.8803975 0.8621262 0.9507807 0.9508442 0.9116084 0.8688453 0.9043180 0.9314848 0.8536298 0.8537748 0.9539816 0.9219183 0.9413957 0.9373243 0.9564752 0.9070928 0.9072469 0.9564661 0.9378684 0.9432818 0.8864185 0.9324096 0.7860667 0.7854319 0.8085544 0.6300938 0.6094920 0.5789884 0.5115522 0.4495656 0.3958398 0.3381694 0.3199706 0.3763624 -1.0000000 0.2066067 0.2762554 0.3248399 0.2668885
0.9533560 0.9476161 0.9820007 0.9915761 0.9902704 0.9722348 0.9514245 0.8556428 0.8156272 0.8701420 0.9091964 0.7693912 0.8381513 0.7928039 0.8459404 0.8380697 0.8392575 0.8399920 0.8753831 0.8477811 0.8356940 0.9692697 0.9579442 0.8624073 0.8686186 0.9334071 0.9280028 0.8994668 0.8542827 0.9276400 0.9589507 0.9457663 0.9490398 0.9790265 0.9078363 0.9077184 0.9075824 0.9496563 0.9414592 0.9683720 0.9200232 0.7844526 0.8441904 0.9060681 0.8749932 0.7298471 0.6265121 0.5918463 0.5812553 0.6170907 0.5806569 0.3310966 0.3080376 0.2491884 0.1826409 0.2710415 0.3177128 0.3230264
0.9515515 0.9783736 0.9902432 0.9936798 0.9826354 0.9232150 0.8785296 0.8491504 0.8124898 0.8122450 0.8172141 0.7565423 0.7890499 0.8056165 0.8749569 0.8673945 0.8836709 0.8979525 0.9386482 0.9302969 0.8156907 0.9061497 0.9400083 0.8472824 0.8476723 0.8808872 0.9602111 0.9185089 0.8554161 0.8558242 0.9011171 0.9611723 0.9648900 0.9718630 0.9085889 0.9086342 0.9322736 0.9718540 0.9545982 0.9801872 0.7842622 0.8469288 0.9802325 0.9241127 0.7639415 0.7394044 0.6570247 0.6456811 0.5827243 0.5312018 0.4553418 0.3702599 0.3082008 0.2279066 0.2072233 0.2910448 0.3271431 0.3466930
0.9814476 0.9896810 0.9943690 0.9917393 0.9723346 0.8980885 0.8411617 0.8130974 0.8111931 0.8112113 0.8784117 0.8805335 0.7482545 0.8055440 0.8380425 0.8906077 0.9202499 0.9233692 0.8845868 0.8860558 0.8128616 0.8608477 0.8540016 0.8468925 0.8569939 0.8939537 0.9241309 0.9455396 0.9317568 0.8563501 0.8562594 0.9332439 0.9697322 0.9839865 0.9088790 0.9087612 0.9718359 -1.0000000 -1.0000000 0.9870242 0.8079741 0.7686658 0.9847482 0.9709744 0.9231969 0.8512631 0.6819880 0.6460528 0.6047134 0.5258338 0.4462378 0.3600225 0.2742061 0.2081754 0.2239894 0.2614570 0.2847518 0.3439909
0.9852107 0.9902613 0.9952667 0.9920748 0.9714006 0.8847409 0.8659437 0.8195716 0.8103952 0.8359479 0.8767342 0.9025045 0.7479462 0.7972652 0.8155909 0.8165612 0.8708493 0.8210043 0.8212854 0.8410711 0.8248853 0.8029143 0.8587893 0.8721188 0.8455595 0.8074754 0.9117717 0.9771585 0.9659237 0.9142018 0.8591792 0.9277760 0.9807584 0.9569467 0.9096680 0.9094412 0.9908326 -1.0000000 0.9667217 0.9767324 0.9385122 0.7684572 0.7671515 0.7523621 0.6565078 0.6224044 0.6881177 0.6371847 0.5558568 0.5063111 0.4419216 0.3533306 0.2558894 0.2086197 0.2357864 0.2482454 0.2959776 0.3043198
0.9647359 0.9686894 0.9864982 0.9940425 0.9777842 0.9217823 0.8299904 0.8108485 0.8092708 0.8489055 -1.0000000 0.8686005 0.7435302 0.7710778 0.8453238 0.8354945 0.8246223 0.7965035 0.7959413 0.7952431 0.7954426 0.7956149 0.8230174 0.8414519 0.7954698 0.7957600 0.9276310 0.9521499 0.9733502 0.9678370 0.9539091 0.9558949 0.9822002 0.9768775 0.9418854 0.9474529 0.9752815 0.9779112 0.9475254 0.8708402 0.8091075 0.8153733 0.9925283 0.9858363 0.8753650 0.6710978 0.5719429 0.5067826 0.4703941 0.4300611 0.3918591 0.3375165 0.2496962 0.3013456 0.2874086 0.2374277 0.2382166 0.2802089
0.9489400 0.9420304 0.9833881 0.9920930 0.9775938 0.9215919 0.8228360 0.8079106 0.8017356 0.8032045 0.8552982 0.8655810 0.7332656 0.8646652 0.8673582 0.8734245 0.7977639 0.7965398 0.7954607 0.7952068 0.7946991 0.7945177 0.7945902 0.7943454 0.7949710 0.7992057 0.8042564 0.9507445 0.9683539 0.9829347 0.9777933 0.9781016 0.9851562 0.9813478 0.9739032 0.9795615 0.9867431 0.9668577 0.9119712 0.8570302 0.8100234 0.9403166 0.9890463 -1.0000000 0.9181462 0.7503491 0.6148782 0.6371031 0.5485845 0.4616801 0.3920676 0.3364919 0.4247293 0.3344698 0.2381622 0.2377450 0.2384161 0.2878892
0.9151811 0.9229702 0.9738942 0.9909505 0.9722620 0.8821023 0.8017537 0.8011099 0.8585445 0.8738325 0.8209409 0.7914891 0.7115123 -1.0000000 0.8038755 0.8893383 0.7973559 0.7961680 0.7955424 0.7974375 0.7935203 0.7939917 0.7938376 0.7943273 0.7934840 0.7947988 0.7952521 0.9300520 0.9617526 0.9738398 0.9828893 0.9887833 0.9875410 -1.0000000 0.9876952 0.9888468 0.9837689 0.9668849 0.9118442 0.8245226 0.8113382 0.8299723 0.9449502 0.8901362 0.9290093 0.8936726 0.7695726 0.6675432 0.5967882 0.4952757 0.5415390 0.6151684 0.5852995 0.2396402 0.2392775 0.3179485 0.2761919 0.2787037
0.8733701 0.8999928 0.9648265 0.9864166 0.9723436 0.8589797 0.8023975 0.8267804 0.7989064 0.7446002 0.7452712 0.7432219 0.7503854 0.8435919 0.8766163 0.7985438 0.7978002 0.7968299 0.7964582 0.8227544 0.7941006 0.7931122 0.7929399 0.7925953 0.9033659 0.8475454 0.7952794 0.8096879 0.8493680 0.9490488 0.9732685 0.9882573 0.9849386 0.9837870 0.9669393 0.9677554 0.9686531 0.9571099 0.9375873 0.8634048 0.8195898 0.8379971 0.9563392 0.8910248 0.9010899 0.9044541 0.8633956 0.7708874 0.6279629 0.7112040 0.7925318 0.7449811 0.5259879 0.2403293 0.3386953 0.2676139 0.2419434 0.2139515
0.8302171 0.8026876 0.9449412 0.9851834 0.9805318 0.8972452 0.8028962 0.8336628 0.7462415 0.7451080 0.7440017 0.7437207 0.8456684 0.8208139 0.8192271 0.7984349 0.7978818 0.7970657 0.7979271 0.8340709 0.7946718 0.8225186 0.7918246 0.7923415 0.9451316 0.9171941 0.9374422 0.8795542 0.8452059 0.9137030 0.9738307 0.9868972 0.9855734 0.9696959 0.9232241 0.8970730 0.9010355 0.8159990 0.8211494 0.8411799 0.7637964 0.8190911 0.9701402 0.8906712 0.9313124 0.8495312 0.7892584 0.7975735 0.8159809 0.7692552 0.6312907 0.3464482 0.2420431 0.2443916 0.2856132 0.2153751 0.2140875 0.2221940
0.8298090 0.7877985 0.7859578 -1.0000000 0.9819009 0.9613445 0.9180011 0.8783664 0.7568234 0.7445095 0.7447181 0.8705954 0.8358662 0.8176402 0.7988883 0.7981992 0.7981266 0.7981538 0.7985075 0.8572841 0.8602310 0.8356577 0.7913984 0.7910538 0.9373062 0.8803159 0.9546707 0.9481511 0.9546435 0.9601476 0.9738035 0.9844399 -1.0000000 0.9697230 0.9515696 0.9180737 0.8766888 0.7655828 0.6785332 0.6656209 0.6665911 0.7564244 0.9563845 0.9484231 0.8834715 0.7908181 0.7410729 0.6604523 0.5185978 0.4179105 0.2432038 0.2423242 0.3523966 0.2601875 0.2163998 0.2150124 0.2157288 0.2394770
0.8487786 0.8092889 0.7450173 0.8553798 0.9792985 0.9811392 0.9667670 0.9128054 0.7454163 0.7454888 0.7458153 0.8702780 0.7715402 0.7875900 0.8262998 0.8130066 0.8287753 0.8092254 0.8431566 0.8225821 0.8674670 0.8658711 0.8232440 0.7905732 0.8794999 0.9184182 0.9060137 0.9288279 0.9799423 0.9840228 0.9771041 0.9798698 0.9795524 0.9695689 0.9588328 0.9349939 0.8353584 0.8671860 0.6330045 0.7468309 0.9216826 0.8604215 0.6481112 0.7774795 0.6914456 0.6481928 0.6013221 0.5420105 0.5465806 0.6134365 0.5623493 0.4755264 0.4863350 0.4268240 0.2689378 0.2377632 0.2428864 0.2624272
0.8739504 0.8936182 0.7489073 0.7432945 -1.0000000 0.9798607 0.9513248 0.9434631 0.7463684 0.7470576 0.7471392 0.8534031 0.7822401 -1.0000000 0.8192724 0.8491775 0.8785205 0.8406268 0.8266535 0.8381150 0.8820751 0.8652636 0.8536116 0.8096789 0.7896755 0.8230718 0.7995140 0.9250467 0.9029397 0.9264522 0.9543896 0.9705845 0.9570283 0.9214287 0.8631327 0.8160625 0.8408625 0.6006238 0.5931249 0.9073647 0.8785568 0.9433543 0.5896882 0.7753940 0.8754738 0.7317151 0.6713244 0.6767922 0.6028908 0.5913748 0.5740466 0.5646887 0.5366878 0.4377958 0.2862933 0.2756116 0.2870369 0.2998495
0.7585191 0.8587711 0.8211766 0.6948459 -1.0000000 0.9771404 0.9215647 0.8980432 0.7474384 0.7472026 0.7479915 0.8143033 0.8846231 0.8440634 0.7690375 0.8487877 0.8848497 0.8656716 0.8409169 0.8797809 0.9003736 0.9287010 0.8890843 0.8157904 0.7816779 0.7481094 0.7165176 0.8961571 0.8753287 0.7895123 0.9043815 0.9151902 0.9309226 0.8451697 0.6807638 0.6428701 0.7146860 0.5925446 0.7691554 0.8619902 0.7332838 0.9358644 0.5886455 0.8440543 0.8281950 0.6899403 0.5991458 0.5810831 0.4884478 0.4723799 0.4233601 0.4068842 0.3144394 0.2566511 0.2839267 0.2944270 0.2957056 0.2565967
0.8127800 0.8860013 0.8659527 0.8131245 0.9529932 0.9659147 0.9161150 0.9227254 0.7485719 0.7486807 0.7487804 0.7481185 0.8836800 0.7757023 0.7700984 0.8737872 0.8905987 0.9045628 0.8846140 0.9042727 0.9335521 0.9311764 0.8851762 0.8031864 0.7408643 0.7524075 0.6545221 0.7543298 0.9089879 0.8832992 0.7617381 0.8268439 0.8658621 0.7736712 0.6332946 0.5992909 0.5916831 0.5920730 0.8669320 0.6771005 0.6392702 0.8629695 0.5878475 0.8540741 0.7018915 0.6637710 0.6537423 0.5695037 0.4904427 0.4021237 0.3471011 0.2767360 0.2450445 0.2890408 0.2598430 0.2558350 0.2325040 0.2331568
0.7625179 0.8817123 -1.0000000 0.9545801 0.9695961 0.9721804 0.9108830 0.7840173 0.7490978 0.7492519 0.7492428 0.7494060 0.8339711 0.7777334 0.7708601 0.8785840 0.9150813 0.9280844 0.9349304 0.9266517 0.9311129 0.9458751 0.8937542 0.8133512 0.7361854 0.7096897 0.6541502 0.6533342 0.7255853 0.8606572 0.8625161 0.7001505 0.7819499 0.7021092 0.6333672 0.6568343 0.5906404 0.7221124 0.6439673 0.6299850 0.6563991 0.8044105 0.5299051 0.8189369 0.6661831 0.6438766 0.6428610 0.5684427 0.4763878 0.3793275 0.3338079 0.2848606 0.2664624 0.2048657 0.2035237 0.2027983 0.2018008 0.2751945
