projects/spp-inf/Zonation runs/Test data/Output/out_missingSp7.prop.asc
ncols        649
nrows        555
xllcorner    294205.000000000000
yllcorner    6283604.599999999600
cellsize     0.200000000000
NODATA_value     -1
[rows 260 to 285 of 555, columns 232 to 289 of 649]
0.7938118 0.8367872 0.8678530 0.6579455 0.6573619 0.6573619 0.7005657 0.7275870 0.6512406 0.6512406 0.6531109 0.7133387 0.6693300 0.7882152 0.6736236 0.6736236 0.6748891 0.7302911 0.7133387 0.7264912 0.7756172 0.7163405 0.7174016 0.7185742 0.7196072 0.7206804 0.7223005 0.7226361 0.7302911 0.7308086 0.7690436 0.7700322 0.7716049 0.7882152 0.8807739 0.9703919 0.8916626 0.8900988 0.9352363 0.7716049 0.7690436 0.8678530 0.9257734 0.8279178 0.6873332 0.2299199 0.1662662 0.5798698 0.4862776 0.1063090 0.1396121 -1.0000000 -1.0000000 -1.0000000 0.1183043 0.0587247 0.1175354 0.1256647
0.7678977 0.8325902 0.8163330 0.6579455 0.6573619 0.6556111 0.6597238 0.7196072 0.6531109 0.6531109 0.6573619 0.6687620 0.7756172 0.7837927 0.7047194 0.7028981 0.6748891 0.7324477 0.7139185 0.7139185 0.7159373 0.7163405 0.7174016 0.7185742 0.7196072 0.7984598 0.8511475 0.8755691 0.8916626 0.8696474 0.9073015 0.9073015 0.8163330 0.7719483 0.9207079 0.9461213 0.9363154 0.8899460 0.9245901 0.9363154 0.8596727 0.8074518 0.8511475 0.7716049 0.5755731 0.3584226 0.1525952 0.0834124 0.0826802 0.0933937 0.0741007 -1.0000000 0.1363387 0.2441398 0.1612819 0.0733972 0.1227361 0.1504765
0.7674619 0.7740861 0.6687620 0.6579455 0.7275870 0.7346928 0.6552572 0.6535131 0.6535131 0.6535131 0.6535131 0.7275870 0.8048855 0.7372218 0.7540088 0.7324477 0.6938288 0.8163330 0.7159373 0.7159373 0.7159373 0.7324477 0.7837927 0.8547052 0.9042873 0.8848625 0.8382163 0.8195272 0.8325902 0.8755691 0.9328501 0.9203392 0.9328501 0.8547052 0.8940842 0.8325902 0.8829773 0.9429288 0.8292707 0.8772848 0.8029358 0.6918316 0.8367872 0.8094825 0.7463517 0.7133387 0.6597238 0.4795150 0.2135146 0.0480545 0.0422698 0.0658529 0.0927153 -1.0000000 -1.0000000 0.0977331 0.1175354 0.3637603
0.8435149 0.7415395 0.6597238 0.6597238 0.7984598 0.7716049 0.6552572 0.6552572 0.6552572 0.6552572 0.6552572 0.7302911 0.6938288 0.7028981 0.8406224 0.7837927 0.7802358 0.7882152 0.8173636 0.7700322 0.8367872 0.8382163 0.8940842 0.9203392 0.9060006 0.8435149 0.8193030 0.8193030 0.8899460 0.9585267 0.9567567 0.9339272 0.9192317 0.8193030 0.7431144 0.8163330 0.8696474 0.9129716 0.8490046 0.7517019 0.8139690 0.6748891 0.6294268 0.4616776 0.4596415 0.4519263 0.5233111 0.2687936 0.1907377 0.1198626 0.1431514 -1.0000000 0.1504765 -1.0000000 0.0856187 0.1206243 0.1869220 0.1961520
0.8193030 0.8569518 0.6601981 0.7463517 0.8255012 0.7865447 0.6556111 0.6556111 0.7415395 0.7740861 0.6729434 0.6556111 0.6573619 0.8139690 0.8382163 0.8048855 0.7806053 0.7912273 0.7912273 0.7837927 0.8163330 0.8696474 0.8930758 0.8724576 0.8722282 0.8195272 0.8193030 0.8173636 0.8916626 0.9129716 0.9042873 0.9203392 0.9144010 0.8347071 0.6693300 0.6687620 0.7609221 0.8596727 0.8094825 0.7302911 0.4127620 0.3236881 0.2394836 0.1234896 0.0763205 0.0664840 0.0664840 0.0605392 0.0611568 0.0741007 -1.0000000 -1.0000000 0.1899642 0.1606541 0.0898646 0.0954732 0.1369932 0.0441990
0.8193030 0.8048855 0.6618490 0.7584928 0.8367872 0.7678977 0.6795897 0.6918316 0.7958600 0.7609221 0.6573619 0.6573619 0.6983557 0.7690436 0.8490046 0.8029358 0.7806053 0.7837927 0.8029358 0.8114899 0.8848625 0.9160017 0.9489418 0.8724576 0.9596632 0.9257734 0.8292707 0.8173636 0.8165655 0.8165655 0.8406224 0.8325902 0.8866567 0.9028318 0.7275870 0.6687620 0.6666723 0.6662364 0.5858406 0.6294268 0.3341961 0.1091714 0.0528923 -1.0000000 0.1467566 0.2696947 -1.0000000 0.1028088 0.0933937 0.0690969 0.0690969 -1.0000000 0.1585979 0.1606541 0.0664840 0.0683837 0.0447799 0.0447799
0.8074518 0.7783108 0.8214158 0.8609218 0.8696474 0.8367872 0.7740861 0.8139690 0.7912273 0.6938288 0.7028981 0.6687620 0.6579455 0.6618490 0.8217152 0.7984598 0.7912273 0.7802358 0.8139690 0.7783108 0.8074518 0.8829773 0.9722512 0.9429288 0.8866567 0.9409145 0.9637260 0.8435149 0.8165655 0.8163330 0.8163330 0.8543785 0.8609218 0.9304765 0.9304765 0.6687620 0.8029358 0.7223005 0.5845687 0.6053737 0.3953472 0.0969864 0.4137440 0.5403141 0.6826572 0.6038115 0.5353539 0.3352218 0.0784106 0.0690969 0.0522093 0.1127748 0.1234896 0.1612819 -1.0000000 0.1278184 0.1369932 0.0670859
0.7690436 0.7678977 0.7756172 0.9099993 0.8739367 0.8456131 0.8347071 0.7802358 0.6941956 0.7133387 0.8029358 0.7487442 0.6983557 0.7028981 0.7912273 0.8074518 0.8325902 0.7802358 0.7788562 0.7783108 0.7763913 0.7756172 0.9557472 0.9862961 0.9534994 0.8234856 0.8193030 0.9099993 0.8165655 0.8325902 0.8142885 0.8965604 0.8678530 0.8173636 0.9073015 0.8930758 0.8094825 0.7628831 0.6826572 0.5840003 0.2096460 0.3988686 0.6618490 0.8255012 0.6145006 0.2619635 0.2050355 0.1467566 0.1042475 0.0898646 0.0819752 0.0770189 -1.0000000 0.2182462 -1.0000000 -1.0000000 -1.0000000 0.0977331
0.7690436 0.7678977 0.7674619 0.9192317 0.8477809 0.8350893 0.9073015 0.8029358 0.8279178 0.7613906 0.8435149 0.7302911 0.7609221 0.7802358 0.7431144 0.8279178 0.8807739 0.7802358 0.7788562 0.7783108 0.7763913 0.7756172 0.7744005 0.8787838 0.9567567 0.9637260 0.8193030 0.8173636 0.8165655 0.8638462 0.8382163 0.8139690 0.6601981 0.6597238 0.6579455 0.7802358 0.8003825 0.7324477 0.6316018 0.3369125 0.6120541 0.6983557 0.8029358 0.7529364 0.2065451 0.2058142 0.2852718 0.4361939 0.3123274 0.1989913 0.0748551 0.0741007 0.0633939 -1.0000000 0.1482468 0.2019946 0.1410352 0.1445748
0.7690436 0.7678977 0.8347071 -1.0000000 0.9084327 0.9480731 0.9003801 0.9267310 0.8696474 0.8382163 0.9174516 0.8884649 0.8678530 0.8367872 0.7456676 0.7958600 0.8678530 0.7802358 0.7788562 0.7783108 0.7984598 0.7756172 0.7744005 0.7740861 0.8722282 0.9567567 0.9543085 0.8638462 0.8165655 0.8163330 0.8142885 0.8787838 0.9409145 0.9009430 0.8114899 0.6573619 0.5945513 0.5929286 0.5923524 0.5565373 0.7385637 0.8094825 0.8367872 0.7089142 0.2065451 0.5227427 0.6038115 0.5311625 0.5945513 0.2671368 0.1249518 0.1049340 0.0884341 0.0863572 0.1091714 0.1546536 0.1640845 0.1869220
0.9429288 0.8787838 0.7984598 0.6849643 0.8094825 0.9328501 0.8678530 0.8435149 0.9157955 0.9045022 0.8722282 0.8347071 0.8279178 0.8048855 0.7613906 0.8114899 0.7984598 0.7802358 0.7788562 0.7788562 0.7984598 0.7912273 0.8829773 0.8609218 0.7719483 0.8292707 0.9514890 0.9304765 0.8940842 0.8292707 0.8638462 0.8596727 0.9045022 0.8716629 0.8866567 0.8427752 0.6316018 0.6096743 0.6466289 0.6401329 0.7584928 0.8114899 0.7196072 0.2073480 0.2073480 0.5840003 0.5192386 0.4862776 0.1525952 0.1077384 0.2662195 0.0877095 0.0870319 0.0898646 0.1105859 0.0985126 0.0999851 0.0969864
0.7904887 0.9099993 0.7540088 0.6856362 0.8596727 0.8755691 0.9207079 0.9203392 0.7885948 0.8382163 0.8292707 0.8281507 0.8543785 0.8899460 0.9114670 0.9385496 0.8521792 0.7802358 0.7802358 0.7837927 0.7802358 0.7806053 0.8983923 0.9073015 0.8638462 0.7716049 0.8940842 0.9409145 0.9528421 0.8696474 0.8139690 0.6191027 0.5206140 0.6918316 0.8755691 0.9045022 0.6795897 0.6693300 0.6149397 0.6573619 0.8638462 0.7860423 0.3925840 0.2246306 0.4332594 0.3675594 0.1343439 0.1091714 0.1084638 0.1077384 0.1070260 0.0877095 0.0877095 0.0992200 0.1314647 0.1098713 0.0791141 0.1063090
0.8978797 0.9203392 0.6873332 0.6873332 0.7945271 0.7958600 0.7962519 0.9099993 0.7882152 0.8978797 0.9267310 0.9174516 0.8827164 0.8899460 0.8978797 0.9385496 0.8722282 0.7806053 0.7806053 0.8029358 0.7958600 0.7806053 0.8787838 0.9409145 0.8696474 0.8848625 0.7700322 0.6780837 0.7609221 0.7089142 0.5274960 0.5211770 0.5206140 0.5192386 0.5186720 0.8983923 0.6424350 0.7415395 0.8234856 0.7253156 0.8848625 0.5716107 0.4932311 0.3759977 0.3466136 0.1497496 0.1098713 0.1091714 0.1084638 0.2142358 0.3665350 0.2662195 0.1091714 0.0884341 0.1329626 0.1143769 0.0622393 0.1077384
0.8490046 0.7431144 0.7678977 0.8863919 0.9099993 0.9028318 0.7962519 0.8490046 0.8435149 0.7865447 0.7984598 0.8916626 0.9003801 0.8959239 0.8916626 0.9028318 0.7912273 0.7824960 0.7824960 0.7837927 0.8029358 0.7824960 0.8829773 0.9450095 0.9203392 0.9461213 0.9469755 0.9397564 0.6774998 0.6424350 0.8547052 0.9192317 0.9315834 0.8739367 0.7756172 -1.0000000 0.5460970 0.9028318 0.9352363 0.6819190 0.5274960 0.4943095 0.5206140 0.3423903 0.2336375 0.2963851 0.2012091 0.2246306 0.3017716 0.5290062 0.4912592 0.1350518 0.1489599 0.1533007 0.1234896 0.0480545 0.0712099 0.0927153
0.8292707 0.7436341 0.7436341 0.8596727 0.8279178 0.8490046 0.8739367 0.8807739 0.7860423 0.8940842 0.8978797 0.9009430 0.8805346 0.8916626 0.9203392 0.9073015 0.7912273 0.7837927 0.7837927 0.7837927 0.8139690 0.8139690 0.8940842 0.9279196 0.9450095 0.9739626 0.8942410 0.8940842 0.9450095 0.9673258 0.9489418 0.8554507 0.8569518 0.8940842 0.8848625 -1.0000000 0.8722282 0.9814429 0.6486867 0.4963606 0.4952857 0.6163452 0.7005657 0.6918316 0.6294268 0.4294317 0.4409158 0.5798698 0.6084122 0.4438741 0.1968542 0.2314000 0.3396581 0.2535858 0.0599319 0.0726689 -1.0000000 0.1028088
0.7456676 0.8029358 0.7456676 0.8139690 0.8094825 0.7984598 0.8609218 0.7841237 0.8163330 0.8490046 0.8427752 0.8409174 0.8656073 0.8807739 0.9363154 0.9045022 0.8029358 0.7860423 0.7841237 0.7841237 0.8029358 0.8094825 0.8656073 0.9073015 0.9279196 0.9717024 0.9789241 0.9315834 0.8579390 0.8571644 0.8569518 0.9409145 0.9512296 0.9697840 0.9794669 0.9220330 0.9328501 0.8978797 0.5014781 0.7324477 0.8382163 0.8406224 0.7984598 0.6401329 0.5424266 0.5460970 0.5734638 0.5227427 0.3998029 0.1633782 -1.0000000 0.4804997 0.2214746 0.0605392 0.1121040 0.1932508 0.1113236 0.1167871
0.7463517 0.8279178 0.7802358 0.7788562 0.7802358 0.7806053 0.8511475 0.7837927 0.8678530 0.8638462 0.8547052 0.8609218 0.8406224 0.8367872 0.8772848 0.8406224 0.7882152 0.7860423 0.7860423 0.7860423 0.7882152 0.7885948 0.8292707 0.8930758 0.8866567 0.9429288 0.9497016 0.9220330 0.9397564 0.9114670 0.8866567 0.8772848 0.8774773 0.8787838 0.8978797 0.8295237 0.8547052 0.6918316 0.7275870 0.7302911 0.6693300 0.6336274 0.6356996 0.5692819 0.4477994 0.4596415 0.5131279 0.4201683 0.2730976 0.1271607 0.4557417 0.4418868 0.0611568 0.0611568 0.4118114 0.2142358 0.1546536 0.1175354
0.7473843 0.8279178 0.7740861 0.8029358 0.8048855 0.7958600 0.7824960 0.7837927 0.8716629 0.8255012 0.8456131 0.8739367 0.8638462 0.8114899 0.8406224 0.9099993 0.8983923 0.8569518 0.8435149 0.8367872 0.8234856 0.7885948 0.7904887 0.8456131 0.8609218 0.9203392 0.9577135 0.9086263 0.9328501 0.9684082 0.9315834 0.9160017 0.8774773 0.9565198 0.8807739 0.8807739 0.8292707 0.7223005 0.8477809 0.7837927 0.7487442 0.6957715 0.4892761 0.4862776 0.2852718 0.2844061 0.2835256 0.2827647 0.3307126 0.2662195 0.5460970 0.3457940 0.0617223 0.3835660 0.4080147 0.3201758 0.1410352 0.0763205
0.8406224 0.8367872 0.8139690 0.7028981 0.7253156 0.8899460 0.8193030 0.8829773 0.8696474 0.8490046 0.8234856 0.7806053 0.7806053 0.8490046 0.8956855 0.9339272 0.9267310 0.9376230 0.8609218 0.8696474 0.8805346 0.8193030 0.8234856 0.8456131 0.8521792 0.9129716 0.9567567 0.9397564 0.9084327 0.9628118 0.9267310 0.9711044 0.8848625 0.9859287 0.9450095 0.9245901 0.8427752 0.7463517 0.8292707 0.8609218 0.7346928 0.4902486 0.6378644 0.7028981 0.6185971 0.6145006 0.5627166 0.4822950 0.4275437 0.5901911 0.6443213 0.2626989 0.1750602 0.4147694 0.4943095 0.2050355 0.1028088 0.2269183
0.8596727 0.7456676 0.8029358 0.6964605 0.7628831 0.9207079 -1.0000000 0.9304765 0.7958600 0.7802358 0.7802358 0.7802358 0.7806053 0.8866567 0.8609218 0.8959239 0.9304765 0.9591073 0.8866567 0.8656073 0.8755691 0.8543785 0.8477809 0.9238920 0.9003801 0.8656073 0.8612944 0.8612944 0.8916626 0.9650911 0.9697840 0.9073015 0.8569518 0.9003801 0.9028318 0.8739367 0.7678977 0.6799544 0.6795897 0.5672488 0.4912592 0.8074518 0.9045022 0.8193030 0.6552572 0.5101459 0.4795150 0.4786976 0.6795897 0.6880261 0.4843786 0.2004901 0.4183768 0.5206140 0.4667821 0.1035253 0.2758403 0.3900642
0.8755691 0.7324477 0.7837927 0.6957715 0.7159373 0.9060006 0.8930758 0.8805346 0.7788562 0.7958600 0.7788562 0.8406224 0.8193030 0.9114670 0.8612944 0.8807739 0.9238920 0.9771635 0.9028318 0.8656073 0.8569518 0.8739367 0.8482032 0.9144010 0.9363154 0.9207079 0.8787838 0.8609218 0.8678530 0.9543085 0.9385496 0.8571644 0.8569518 0.8554507 0.8547052 0.8292707 0.8234856 0.8114899 0.7487442 0.7860423 0.9157955 0.9760266 0.9028318 0.7159373 0.6145006 0.7613906 0.7415395 0.6693300 0.7324477 0.6443213 0.3466136 0.3918312 0.5268687 0.6032031 0.2784165 0.1633782 0.3918312 0.2892205
0.7159373 0.8214158 0.8722282 0.6941956 0.6983557 0.8696474 0.9073015 0.8899460 0.8003825 0.7783108 0.8787838 0.8807739 0.7938118 0.9192317 0.8739367 0.8930758 0.8899460 0.9749771 0.9060006 0.8940842 0.9099993 0.9045022 0.8490046 0.9073015 0.9659246 0.9512296 0.9339272 0.8772848 0.8598825 0.8596727 0.8579390 0.8722282 0.9315834 0.9497016 0.9534994 0.9418597 0.8074518 0.7493977 0.7493977 0.7493977 0.9691356 -1.0000000 0.7245638 0.5951316 0.8279178 0.8048855 0.7651661 0.7756172 0.8435149 0.7674619 0.5311625 0.6356996 0.6208168 0.3001801 0.1640845 0.3253615 0.1786361 0.0712099
0.6941956 0.6941956 0.8325902 0.6938288 0.6938288 0.9207079 0.8716629 0.9238920 0.6826572 0.8490046 0.9084327 0.8772848 0.7324477 0.9003801 0.8741597 0.8741597 0.8807739 0.9760266 0.8930758 0.9203392 0.9480731 0.9450095 0.9114670 0.9585267 0.9744992 0.9363154 0.9596632 0.9315834 0.8722282 0.8596727 0.9157955 0.9409145 0.9621722 0.9352363 0.9418597 0.9060006 0.9099993 0.8940842 0.8406224 0.9480731 0.9935495 -1.0000000 0.5945513 0.6120541 0.9429288 0.7690436 0.7655324 0.9523895 0.9659246 0.7415395 0.5798698 0.6826572 0.3953472 0.2343547 0.1892142 0.3010212 0.3155535 0.4892761
0.9174516 0.6938288 0.7114419 0.7196072 0.6922017 0.9207079 0.7328783 0.9003801 0.6084122 0.7487442 0.7912273 0.7740861 0.6486867 0.8829773 0.8755691 0.8755691 0.9512296 0.9543085 0.8477809 0.9192317 0.9363154 0.9257734 0.9245901 0.9824475 0.9679071 0.9637260 0.9728087 0.9429288 0.8940842 0.8598825 0.9114670 0.9534994 0.9429288 0.9084327 0.9073015 0.9073015 0.9009430 0.9733521 0.9461213 0.9934050 -1.0000000 0.9238920 0.9290532 0.8094825 0.9839121 0.7912273 0.8406224 0.8884649 0.7346928 0.5803906 0.5803906 0.6120541 0.6336274 0.6618490 0.7174016 0.7938118 0.7802358 0.6849643
0.8543785 0.8511475 0.6918316 0.7431144 0.6918316 0.9045022 0.9839121 0.7324477 0.6078267 0.6531109 0.7912273 0.6471044 0.7740861 0.9315834 0.8758398 0.9397564 0.9439556 0.8460464 0.8460464 0.8678530 0.9513693 0.9469755 0.9377297 0.9565198 0.9318643 0.9784388 0.9290532 0.8807739 0.8716629 0.8609218 0.9363154 0.9770201 0.9665185 0.9565198 0.9557472 0.9257734 0.9073015 0.9328501 0.9046716 0.9577135 0.9957228 0.9565198 0.9129716 0.8547052 0.9926199 0.7174016 0.6705855 0.6693300 0.6336274 0.5818445 0.6662364 0.6424350 0.6008475 0.6008475 0.5945513 0.6163452 0.6185971 0.6552572
0.7328783 0.8193030 0.8193030 0.6899599 0.6899599 0.8787838 0.9949331 0.5482019 0.6008475 0.6597238 0.6983557 0.6466289 0.9290532 0.9009430 0.8959239 0.9605968 0.8596727 0.8456131 0.9267310 0.9192317 0.9650911 0.9585267 0.9697840 0.9469755 0.9673258 0.9291717 0.9439556 0.8829773 0.8612944 0.8612944 0.9439556 0.9789241 0.9765082 0.9776306 0.9315834 0.9418597 0.9192317 0.9045022 0.9596632 0.9650911 0.8722282 0.6856362 0.9528421 0.8866567 0.9904672 0.6710923 0.6705855 0.9114670 0.8899460 0.8596727 0.7047194 0.5722238 0.5716107 0.5672488 0.5734638 0.6938288 0.6508533 0.7716049
