projects/spp-inf/Zonation runs/Test data/Output/out_missingSp2.prop.asc
ncols        649
nrows        555
xllcorner    294205.000000000000
yllcorner    6283604.599999999600
cellsize     0.200000000000
NODATA_value     -1
[rows 260 to 285 of 555, columns 174 to 231 of 649]
-1.0000000 -1.0000000 -1.0000000 -1.0000000 0.1211134 0.1241128 0.1160081 0.1015631 0.0994686 0.1525530 0.1269518 0.1406679 0.1283749 0.1365976 0.1374341 0.1886075 0.1501886 0.1796661 0.1805077 0.4364378 0.5839695 0.2840101 0.4432220 0.5819961 0.4735042 0.4867846 0.4678167 0.4432220 0.4678167 0.4678167 0.4716473 0.4790330 0.4678167 0.4547122 0.4727660 0.5499437 0.5499437 0.5459548 0.5031233 0.5277194 0.7214564 0.9532183 0.9885808 0.9938684 0.9954732 0.9938684 0.9692450 0.7890390 0.5547165 0.5547165 0.5547165 0.5564420 0.5569436 0.6348129 0.7805642 0.6951648 0.7948862 0.8109732
0.0516905 0.0581567 0.0587990 0.0979696 0.0945107 -1.0000000 0.0909583 0.0909583 0.0945107 0.1341648 0.1226227 0.1493860 0.1509694 0.1509694 0.1374341 0.1727883 0.6186361 0.6599267 0.4227042 0.3208376 0.3648632 0.6078274 0.4536833 0.6226578 0.6802563 0.5318304 0.6695886 0.4770659 0.5267819 0.5092574 0.4886472 0.5055478 0.5167472 0.5085788 0.5527936 0.4735042 0.5564420 0.6679853 0.5208069 0.5037253 0.8184885 0.9683577 0.9709349 0.9958625 0.9970343 0.9938684 0.9667195 0.7345136 0.5564420 0.5564420 0.5564420 0.5564420 0.5606273 0.5586560 0.6965134 0.6955390 0.8255122 0.7890390
0.0472715 0.0510710 0.0282958 0.0555831 0.0666083 0.0673232 0.0543076 0.0857561 0.0638056 0.0581567 0.1105503 0.1181781 0.1189152 0.1588740 0.1870828 0.1517578 0.1620280 0.3844149 0.6613967 0.7258784 0.6824504 0.6760548 0.5226592 0.6099966 0.6035652 0.7258784 0.5629603 0.6348129 0.4960836 0.5377957 0.5459548 0.5459548 0.5312859 0.5398538 0.5819961 0.5419118 0.5147216 0.6389194 0.6468800 0.5672816 0.7488593 0.9802827 0.9938588 0.9895324 0.9857943 0.9978182 0.9775558 0.7561992 0.5969067 0.5569436 0.5734150 0.6142113 0.7000977 0.6550386 0.7714322 0.7474675 0.7833859 0.7392006
0.0288960 0.0277090 0.0334323 0.0277090 0.0294386 0.0225430 0.0310701 0.0288960 0.0352046 0.0357934 0.1098366 0.1255260 0.1312805 0.1211134 0.2769958 0.5541229 0.1789073 0.4633052 0.4412927 0.4790330 0.5235810 0.5356075 0.6887522 0.6636806 0.6915104 0.6529337 0.5419118 0.5017675 0.6447793 0.5720878 0.5651564 0.5734150 0.5629603 0.5672816 0.5651564 0.5629603 0.6012001 0.5480360 0.5484692 0.6330131 0.5863126 0.8709516 0.9606211 0.9478622 0.9031818 0.9647648 0.9049826 0.8126866 0.8276616 0.8126866 0.7517905 0.8184885 0.7322199 0.7387327 0.6555010 0.7833859 0.8068793 0.8085663
0.0271397 0.0139643 0.0144973 0.0150224 0.0219877 0.0288960 0.0248388 0.0248388 0.0254149 0.0973185 0.0608821 0.1113217 0.1532613 0.1326397 0.1461179 0.1765985 0.2407892 0.5629603 0.4270347 0.4827898 0.6226578 0.5245792 0.5651564 0.7043167 0.7599046 0.8006274 0.7166268 0.5245792 0.6191431 0.5969067 0.5657130 0.5839695 0.5839695 0.5715773 0.6035652 0.6035652 0.6186361 0.6613967 0.5672816 0.6487967 0.6054982 0.7345136 0.8749702 0.8537574 0.8530748 0.8886706 0.7448004 0.7368224 0.7361180 0.7349437 0.7756082 0.7327757 0.7735134 0.6824504 0.7166268 0.7561992 0.7572134 0.7846863
-1.0000000 0.0172716 0.0282958 0.0190234 0.0155821 0.0178072 0.0208297 0.1045431 0.0800216 0.0288960 0.0887172 0.1113217 0.1557521 0.2552844 0.4886472 0.5398538 0.5147216 0.2416375 0.6846681 0.8587415 0.8819880 0.9286760 0.9070690 0.7572134 0.5334963 0.5318304 0.5651564 0.6573622 0.6717093 0.6447793 0.6012001 0.5672816 0.5908132 0.6206492 0.6529337 0.6304649 0.6802563 0.6410706 0.6599267 0.7846863 0.6573622 0.8394614 0.9326851 0.8537574 0.8794636 0.8524892 0.7387327 0.7540136 0.7876056 0.7687646 0.7345136 0.7345136 0.7735134 0.6828302 0.6828302 0.7599046 0.8155868 0.7581602
0.0178072 0.0155821 0.0259807 0.0225430 0.0172716 0.0294386 0.1485764 0.0352046 0.1283749 0.0395489 0.1068032 0.1144899 0.1298184 0.1698388 0.2294157 0.4483210 0.6105591 0.5564420 0.6641094 0.3924716 0.4317608 0.4441337 0.5128788 0.6695886 0.6887522 0.6430690 0.5312859 0.5419118 0.5969067 0.6348129 0.5946921 0.6915104 0.5946921 0.6487967 0.6226578 0.6717093 0.7166268 0.7122666 0.7952746 0.9233428 0.9212863 0.9759437 0.9817089 0.9255314 0.9885808 0.9396307 0.8839203 0.8085663 0.8276616 0.8109732 0.7349437 0.7349437 0.7756082 0.7080774 0.8109732 0.7258784 0.8439629 0.8203505
0.0150224 0.0150224 -1.0000000 -1.0000000 0.0594773 0.0680288 0.0466567 0.0395489 0.0893714 0.0434645 0.0454051 0.1045431 0.1113217 0.2449529 0.2262846 0.2596545 0.2824773 0.3003389 0.3402200 0.4169443 0.3934656 0.4575831 0.8203505 0.6186361 0.4999434 0.5289356 0.7778705 0.7963525 0.7687646 0.6747010 0.6285993 0.7022074 0.6985461 0.6717093 0.6613967 0.7793236 0.7208375 0.7756082 0.8835999 0.8524892 0.9128194 0.9396307 0.9805207 0.9922330 0.9835995 0.9959273 0.9871474 0.9296386 0.8684695 0.8634312 0.7361180 0.8394614 0.7963525 0.7833859 0.7088429 0.7106052 0.7166268 0.7345136
0.0092012 0.0092012 0.0139643 0.0214120 -1.0000000 0.0294386 0.0299770 0.0305150 0.0310701 0.0472715 0.0575167 0.0850388 0.1098366 0.1758332 0.4441337 0.2794073 0.3084058 0.3534310 0.4105948 0.4355384 0.4235763 0.4132085 0.4325888 0.4678167 0.5312859 0.7281390 0.7281390 0.6594619 0.6447793 0.6846681 0.6290480 0.7172147 0.6487967 0.6487967 0.6741803 0.6887522 0.7561992 0.7214564 0.8043931 0.8155868 0.9188550 0.9847218 0.9881571 0.9924697 0.9913948 0.9837366 0.9771636 0.9006668 0.8043931 0.7402506 0.7641506 0.8554388 0.8155868 0.7299201 0.7361180 0.7106052 0.7876056 0.7687646
0.0097457 0.0081379 0.0102594 0.0196258 0.0225430 0.0786276 0.0836141 0.2350984 0.2596545 0.3305910 0.2350984 0.1796661 0.1029969 0.1291044 0.1634997 0.4752530 0.4298913 0.3190236 0.3836473 0.4151216 0.4659966 0.4880168 0.7214564 0.7237515 0.8394614 0.6119489 0.6125125 0.6824504 0.6434073 0.8151526 0.7782039 0.7258784 0.6910908 0.6473470 0.6487967 0.8085663 0.7345136 0.7258784 0.7561992 0.8381420 0.9817089 0.9231395 0.9591010 0.9645906 0.9847218 0.9924697 0.9823581 0.9710391 0.7793236 0.7513512 0.7411129 0.7915403 0.7673559 0.7846863 0.8474464 0.8618528 0.9117126 0.8934351
0.0092012 0.0058936 0.0097457 0.0150224 0.0322665 0.0543076 0.0472715 0.0959126 0.1060542 0.1174487 0.1312805 0.1960433 0.3305910 0.1437484 0.1796661 0.2318589 0.3410591 0.4867846 0.3827785 0.3836473 0.4123396 0.4659966 0.4585838 0.4575831 0.7237515 0.7000977 0.6226578 0.6430690 0.7080774 0.7299201 0.7299201 0.7000977 0.6468800 0.6473470 0.6717093 0.7258784 0.7166268 0.7166268 0.7145170 0.8047836 0.9463686 0.8883975 0.9159346 0.9581093 0.9710391 0.9591010 0.9342964 0.9311236 0.8603478 0.8085663 0.8155868 0.8225150 0.7677606 0.8126866 0.8381420 0.7805642 0.7876056 0.8886706
0.0048126 0.0075928 0.0123695 0.0363718 0.0850388 0.0408304 0.0952192 0.0987207 0.0966080 0.0973185 0.1291044 0.1789073 0.2587626 0.2746066 0.2440324 0.2440324 0.2762455 0.2943201 0.5819961 0.5991534 0.6119489 0.6367335 0.4565412 0.4867846 0.4980708 0.5167472 0.5334963 0.5629603 0.6078274 0.7065910 0.6636806 0.6451441 0.7065910 0.6473470 0.6717093 0.6722119 0.6741803 0.7080774 0.6787553 0.7617000 0.9070690 0.8043931 0.9311236 0.9378954 0.9463686 0.8979409 0.9251995 0.8961927 0.8719567 0.8155868 0.8785519 0.7687646 0.7687646 0.7920246 0.7714322 0.7718475 0.8315297 0.7880740
0.0097457 0.0190234 0.1596876 0.2416375 0.2135018 0.1052719 0.2262846 0.2302917 0.1218783 0.1136831 0.1389952 0.1863790 0.2326764 0.2473074 0.2621783 0.3244911 0.2951658 0.2933863 0.3341110 0.3792999 0.4005516 0.4555524 0.5734150 0.4980708 0.5017675 0.5074705 0.6322773 0.6285993 0.6910908 0.6389194 0.6447793 0.6783597 0.6468800 0.6473470 0.7299201 0.7106052 0.6741803 0.6783597 0.6783597 0.7000977 0.8315297 0.7000977 0.8315297 0.8870296 0.9444880 0.8975852 0.9257951 0.8618528 0.8568814 0.8255122 0.8979409 0.7778705 0.7693191 0.7693191 0.7714322 0.8709516 0.8203505 0.7890390
0.0214120 0.1174487 0.0340090 0.0328501 0.0568559 0.0537099 0.0543076 0.0714723 0.1022606 0.1075653 0.1283749 0.3436385 0.2637310 0.2335224 0.2675598 0.2683486 0.3358944 0.3138040 0.3469291 0.3802022 0.4355384 0.5564420 0.7833859 0.6717093 0.6367335 0.6846681 0.6510915 0.6290480 0.6290480 0.7065910 0.7322199 0.6468800 0.6866194 0.6760548 0.7488593 0.7361180 0.6747010 0.7345136 0.6766947 0.7322199 0.6802563 0.7022074 0.8406775 0.9031818 0.8657911 0.9325113 0.9006668 0.8917519 0.8315297 0.8155868 0.7991742 0.8474464 0.7714322 0.9296386 0.7963525 0.8768832 0.7893077 0.8568814
0.3297566 0.0299770 0.0305150 0.1203569 0.0334323 0.1075653 0.0543076 0.0923945 0.1060542 0.1326397 0.1734924 0.1453010 0.3208376 0.2794073 0.3729690 0.3281445 0.2714168 0.3190236 0.3623195 0.4613770 0.5969067 0.7915403 0.6594619 0.6468800 0.6348129 0.6824504 0.6824504 0.6866194 0.6304649 0.7427503 0.6613967 0.6866194 0.6951648 0.6766947 0.6766947 0.7427503 0.7122666 0.6760548 0.6766947 0.7361180 0.6787553 0.7673559 0.8549709 0.8652194 0.8684695 0.9342964 0.8931230 0.8324063 0.8360571 0.8665588 0.8068793 0.8126866 0.7718475 0.8870296 0.8155868 0.8665588 0.7915403 0.8719567
0.1969061 0.0357934 0.3173062 0.4394381 0.3199861 0.5217520 0.3694670 0.5755829 0.3943061 0.3508248 0.1477003 0.1789073 0.1821411 0.2119033 0.2653173 0.2762455 0.3173062 0.3492412 0.3614698 0.4132085 0.6012001 0.8306652 0.8113077 0.7540136 0.7237515 0.6330131 0.6322773 0.6309140 0.6679853 0.7756082 0.6976985 0.7208375 0.6910908 0.6783597 0.7065910 0.7550442 0.6866194 0.7299201 0.7550442 0.6783597 0.7299201 0.7474675 0.7488593 0.8768832 0.8652194 0.8549709 0.8931230 0.8338766 0.9269704 0.8749702 0.8006274 0.8109732 0.7714322 0.7963525 0.8426818 0.7920246 0.7920246 0.8496391
0.0357934 0.2021139 0.1060542 0.1045431 0.1045431 0.1203569 0.1573399 0.1893914 0.2579341 0.5128788 0.1886075 0.1942834 0.3030348 0.3101988 0.2730086 0.2968497 0.3367906 0.3492412 0.3703704 0.4810178 0.5459548 0.5946921 0.7952746 0.8389609 0.8006274 0.6910908 0.6322773 0.6322773 0.6348129 0.7540136 0.8338766 0.8017436 0.7837783 0.8126866 0.7876056 0.7184540 0.7529762 0.6802563 0.6787553 0.7995533 0.7599046 0.8085663 0.8603478 0.9337193 0.8389609 0.9337193 0.8886706 0.8745616 0.8870296 0.9378954 0.8228863 0.7995533 0.7693191 0.7693191 0.8439629 0.7929862 0.8043931 0.8017436
0.0236684 0.0516905 0.1581131 0.1429508 0.1037955 0.1357677 0.1389952 0.1493860 0.2318589 0.2769958 0.4960836 0.4841142 0.4752530 0.3969730 0.3552265 0.3499610 0.3410591 0.3685397 0.3969730 0.4189818 0.4585838 0.7572134 0.7948862 0.7513512 0.8524892 0.7714322 0.6348129 0.6330131 0.6389194 0.6783597 0.7517905 0.7327757 0.7322199 0.7304482 0.7299201 0.7448004 0.7000977 0.6802563 0.7022074 0.7065910 0.8652194 0.8360571 0.9345673 0.7963525 0.8657911 0.9552191 0.9647648 0.8416862 0.8791801 0.8934351 0.9286760 0.7756082 0.7687646 0.8474464 0.8714678 0.7948862 0.8530748 0.7387327
0.0108026 0.0113297 0.0510710 0.2621783 0.0680288 0.3960387 0.2661542 0.1813088 0.1690285 0.2424542 0.3305910 0.3444608 0.3712875 0.3924716 0.4459023 0.4198245 0.4536833 0.4954112 0.5946921 0.4335818 0.4735042 0.4678167 0.6035652 0.7599046 0.7513512 0.7513512 0.6915104 0.6594619 0.6866194 0.7258784 0.7617000 0.7361180 0.7617000 0.7599046 0.7304482 0.7427503 0.7756082 0.7299201 0.7065910 0.7299201 0.7184540 0.8244410 0.7602924 0.8276616 0.9167876 0.9233428 0.9396307 0.8496391 0.8406775 0.8406775 0.9683577 0.7714322 0.7572134 0.8228863 0.8203505 0.7952746 0.8652194 0.8934351
0.0836141 0.0196258 0.0357934 0.0472715 0.1421777 0.1233570 0.1241128 0.1429508 0.1627730 0.2545742 0.3111016 0.3322885 0.3880337 0.3721641 0.3924716 0.4613770 0.4827898 0.5017675 0.5715773 0.4960836 0.4810178 0.5167472 0.5312859 0.5991534 0.6078274 0.6142113 0.6285993 0.6613967 0.6613967 0.6679853 0.7995533 0.7047755 0.7122666 0.7948862 0.7641506 0.7322199 0.7427503 0.7599046 0.7080774 0.7641506 0.7190264 0.7322199 0.8085663 0.8184885 0.9378954 0.8961927 0.9396307 0.9463686 0.9407830 0.8394614 0.9772507 -1.0000000 0.7022074 0.7572134 0.8634312 0.7963525 0.7963525 0.8203505
0.0857561 0.1429508 0.2762455 0.3020568 0.2262846 0.1398175 0.1493860 0.1935172 0.1960433 0.2464948 0.3244911 0.3385966 0.3924716 0.4123396 0.4208457 0.4298913 0.4289923 0.4827898 0.4960836 0.4827898 0.5109814 0.5267819 0.5522230 0.5839695 0.6078274 0.6348129 0.6447793 0.6636806 0.7963525 0.6802563 0.7043167 0.8381420 0.7714322 0.7915403 0.7805642 0.7561992 0.7915403 0.7088429 0.7448004 0.7237515 0.8126866 0.8474464 0.8839203 0.8089239 0.8109732 0.9546372 0.8917519 0.9305576 0.9188550 0.8389609 0.9647648 0.8017436 0.8203505 0.7920246 0.8652194 0.8652194 0.8652194 0.7969522
0.0680288 0.0587990 0.0872666 0.1437484 0.2977004 0.3916332 0.3934656 0.2150692 0.2367044 0.2698570 0.3614698 0.3349743 0.3676821 0.4097657 0.4227042 0.4189818 0.4317608 0.4659966 0.4941632 0.4827898 0.4934762 0.5334963 0.5796901 0.5755829 0.6951648 0.6191431 0.6510915 0.6468800 0.6613967 0.8085663 0.6951648 0.7184540 0.8381420 0.7561992 0.7673559 0.7756082 0.7488593 0.8151526 0.7106052 0.7915403 0.7617000 0.7991742 0.8474464 0.8109732 0.8109732 0.8126866 0.9835995 0.8530748 0.8934351 0.8381420 0.9257951 0.8022529 0.8855727 0.7929862 0.8299137 0.8652194 0.9212863 0.7991742
0.1083124 0.0382626 0.0497900 0.1174487 0.1796661 0.2239552 0.2382413 0.2350984 0.2545742 0.2561142 0.2924757 0.3092853 0.3898489 0.4960836 0.3907838 0.4024384 0.4441337 0.4604286 0.4752530 0.4980708 0.5017675 0.5459548 0.5884508 0.5863126 0.6017240 0.7258784 0.7756082 0.6613967 0.7345136 0.7299201 0.8360571 0.7488593 0.8085663 0.7991742 0.7513512 0.7493091 0.8228863 0.8059536 0.7778705 0.7469314 0.8714678 0.8255122 0.8501626 0.8113077 0.8113077 0.8113077 0.9651191 0.8454987 0.8886706 0.8368077 0.9188550 0.8043931 0.9070690 0.7948862 0.7948862 0.8068793 0.9175375 0.9117126
0.1037955 0.0543076 0.0375838 0.0931205 0.1381692 0.1850991 0.2150692 0.2407892 0.2432379 0.2629363 0.3128896 0.3163884 0.3297566 0.3898489 0.4142529 0.4069867 0.4251982 0.4790330 0.4886472 0.5564420 0.5312859 0.5776997 0.5715773 0.6012001 0.6410706 0.6741803 0.6617926 0.6684302 0.7448004 0.7991742 0.8109732 0.7493091 0.7599046 0.8652194 0.8109732 0.7513512 0.7805642 0.8338766 0.8474464 0.8047836 0.8603478 0.8244410 0.8255122 0.8126866 0.8587415 0.8501626 0.9407830 0.8089239 0.8665588 0.8618528 0.8360571 0.8047836 0.8739908 0.8017436 0.7952746 0.7952746 0.8203505 0.9167876
0.0389012 0.0369793 0.0680288 0.0736976 0.1226227 0.1588740 0.1917832 0.2166609 0.2473074 0.3003389 0.2856725 0.3181683 0.5419118 0.6248384 0.6529337 0.4280366 0.4317608 0.4594969 0.4980708 0.5356075 0.5334963 0.5480360 0.5672816 0.5913979 0.6613967 0.6717093 0.6910908 0.6760548 0.6846681 0.7948862 0.8299137 0.7529762 0.7529762 0.9021495 0.8059536 0.7673559 0.7833859 0.8794636 0.8568814 0.8381420 0.8709516 0.8739908 0.8133219 0.8133219 0.9345673 0.8530748 0.8785519 0.8089239 0.8085663 0.8068793 0.8059536 0.8059536 0.8587415 0.7963525 0.7963525 0.7963525 0.7963525 0.7991742
0.0214120 0.0219877 0.0369793 0.1129040 0.0923945 0.1557521 0.1604449 0.2037644 0.2358528 0.2882313 0.2746066 0.2994732 0.3862157 0.3747853 0.3995311 0.4345476 0.4450154 0.4905185 0.6186361 0.5257480 0.5226592 0.5459548 0.5606273 0.6529337 0.6613967 0.6594619 0.7106052 0.6783597 0.7065910 0.7673559 0.8439629 0.8839203 0.8109732 0.9286760 0.8109732 0.8496391 0.7915403 0.9063110 0.8454987 0.8524892 0.8454987 0.8151526 0.8151526 0.8151526 0.9106789 0.9063110 0.8109732 0.8089239 0.8085663 0.8068793 0.8068793 0.8085663 0.8059536 0.7969522 0.8454987 0.7991742 0.7969522 0.8244410
