projects/spp-inf/Zonation runs/Test data/Output/out_missingSp4.rank.asc
ncols        649
nrows        555
xllcorner    294205.000000000000
yllcorner    6283604.599999999600
cellsize     0.200000000000
NODATA_value     -1
[rows 104 to 129 of 555, columns 348 to 405 of 649]
-1.0000000 -1.0000000 0.7415444 0.7213507 0.6942021 0.6631363 0.6742260 0.7051740 -1.0000000 -1.0000000 -1.0000000 -1.0000000 -1.0000000 -1.0000000 -1.0000000 0.2569141 0.2844616 0.2089190 0.2201266 0.2369652 -1.0000000 0.4645817 0.4531383 0.4474620 0.4147005 -1.0000000 -1.0000000 -1.0000000 -1.0000000 -1.0000000 0.4126421 -1.0000000 -1.0000000 -1.0000000 -1.0000000 -1.0000000 -1.0000000 0.4658875 0.3938539 -1.0000000 0.3268348 0.3164161 0.3066956 0.3231443 0.4079904 0.5395350 0.4804592 0.5010156 0.6455632 -1.0000000 0.8544005 -1.0000000 -1.0000000 0.8964019 -1.0000000 -1.0000000 -1.0000000 -1.0000000
-1.0000000 -1.0000000 -1.0000000 0.7228832 0.6973033 -1.0000000 -1.0000000 0.7318964 0.7104514 -1.0000000 -1.0000000 0.4595038 0.3393754 0.2538220 0.2649752 0.2717216 0.1738543 0.1713154 0.2077311 0.2756841 -1.0000000 -1.0000000 -1.0000000 -1.0000000 -1.0000000 0.5614153 -1.0000000 0.5082515 0.5278378 -1.0000000 -1.0000000 0.4540541 0.4514608 0.5349559 -1.0000000 0.5230862 0.4752271 0.3807058 0.3810776 0.3453691 0.2881794 0.3070220 0.3075389 0.3079741 0.3554796 0.4682813 0.4964999 0.6616673 -1.0000000 -1.0000000 -1.0000000 -1.0000000 -1.0000000 -1.0000000 -1.0000000 -1.0000000 -1.0000000 -1.0000000
-1.0000000 -1.0000000 0.7615749 0.7556627 -1.0000000 -1.0000000 -1.0000000 0.7528880 0.7557262 -1.0000000 -1.0000000 0.2750041 0.2973377 0.2770262 0.3187737 0.2974284 -1.0000000 0.2096897 0.2292487 0.2611215 -1.0000000 -1.0000000 -1.0000000 0.5072360 -1.0000000 0.5781542 0.5285360 -1.0000000 0.4778114 -1.0000000 0.4733048 0.4450137 0.4528482 0.5163218 0.5294064 -1.0000000 -1.0000000 0.2871457 0.2789213 0.3773417 0.2952794 0.3370269 0.3452513 0.3556337 0.4111913 0.4717361 0.4831160 0.6941931 -1.0000000 0.8664877 -1.0000000 -1.0000000 -1.0000000 -1.0000000 -1.0000000 0.9065396 -1.0000000 -1.0000000
-1.0000000 -1.0000000 0.7816054 0.7851236 -1.0000000 -1.0000000 -1.0000000 -1.0000000 -1.0000000 0.6595183 -1.0000000 0.2041403 0.2180138 0.2361945 0.2798281 0.2422517 0.2159917 0.1764749 0.1642970 0.1863223 -1.0000000 -1.0000000 -1.0000000 -1.0000000 -1.0000000 -1.0000000 0.4392285 0.4528391 0.4762790 -1.0000000 0.4229883 0.4486317 -1.0000000 -1.0000000 0.4993471 0.4674017 0.3763806 -1.0000000 0.2296114 0.3572478 0.3246768 0.3333998 0.3878784 0.4011443 0.4745380 0.5638454 -1.0000000 -1.0000000 -1.0000000 -1.0000000 -1.0000000 -1.0000000 -1.0000000 -1.0000000 -1.0000000 -1.0000000 -1.0000000 -1.0000000
-1.0000000 -1.0000000 -1.0000000 -1.0000000 -1.0000000 -1.0000000 -1.0000000 -1.0000000 -1.0000000 -1.0000000 -1.0000000 0.2280971 0.1916269 0.1135997 0.0808019 0.1633993 0.1683321 0.1695834 0.1792405 0.1607425 0.1953084 0.1811538 0.2148129 0.3398651 0.4265338 0.4679549 0.5102828 0.5198219 0.5027838 -1.0000000 -1.0000000 -1.0000000 0.4912044 -1.0000000 -1.0000000 0.3110571 0.3558967 0.2877441 -1.0000000 0.3569939 -1.0000000 -1.0000000 -1.0000000 -1.0000000 -1.0000000 -1.0000000 -1.0000000 -1.0000000 -1.0000000 -1.0000000 -1.0000000 -1.0000000 -1.0000000 -1.0000000 -1.0000000 -1.0000000 -1.0000000 -1.0000000
0.6741898 -1.0000000 -1.0000000 -1.0000000 0.6287245 0.6275095 -1.0000000 0.2588364 0.2657732 0.2456158 -1.0000000 0.2608585 0.2275621 0.1192670 -1.0000000 0.0486480 0.1479661 0.1898134 0.1143251 0.0677536 0.0890898 0.1118043 0.1249887 0.1629096 -1.0000000 -1.0000000 -1.0000000 -1.0000000 0.5457736 0.5214087 0.4610000 -1.0000000 0.4578535 0.3879509 0.2278704 0.2201810 0.2458606 0.2739341 0.2910538 0.3698881 0.4631127 0.6383181 -1.0000000 -1.0000000 -1.0000000 0.7209971 -1.0000000 -1.0000000 -1.0000000 -1.0000000 -1.0000000 -1.0000000 -1.0000000 -1.0000000 -1.0000000 -1.0000000 -1.0000000 -1.0000000
-1.0000000 0.6087485 -1.0000000 0.5891805 0.6054297 -1.0000000 0.3054624 0.2081935 0.2160461 0.1881449 0.2206616 0.2037776 -1.0000000 -1.0000000 -1.0000000 -1.0000000 0.1213163 0.0607080 0.0615785 0.0683611 0.1643242 0.2127092 0.2108050 0.1650768 0.1593370 0.1677336 0.1639796 0.2119748 -1.0000000 -1.0000000 0.3840790 -1.0000000 0.4054334 0.2545928 0.2210424 0.2360313 0.2285504 0.2301826 0.2658367 0.3257739 0.5064290 0.4785641 -1.0000000 -1.0000000 -1.0000000 -1.0000000 -1.0000000 -1.0000000 -1.0000000 -1.0000000 -1.0000000 -1.0000000 -1.0000000 -1.0000000 -1.0000000 -1.0000000 -1.0000000 -1.0000000
-1.0000000 -1.0000000 0.5818719 0.5565097 -1.0000000 -1.0000000 0.2408009 0.2085653 0.2151575 0.1913730 0.2169076 0.1803830 0.1829401 -1.0000000 -1.0000000 0.2229738 -1.0000000 0.1169728 0.0862425 0.1826499 0.2240347 0.2365209 0.2398941 0.2649118 0.2499139 0.2278613 0.2225114 0.2428683 0.2903375 0.3857746 -1.0000000 0.4304238 0.4025680 0.2605502 0.2217950 0.2439020 0.2692824 0.2410185 0.2415897 0.2998042 -1.0000000 -1.0000000 -1.0000000 0.7034783 -1.0000000 -1.0000000 -1.0000000 -1.0000000 -1.0000000 -1.0000000 -1.0000000 -1.0000000 -1.0000000 -1.0000000 -1.0000000 -1.0000000 -1.0000000 -1.0000000
0.5979851 0.6139080 0.5260605 0.4850474 -1.0000000 0.2608494 0.2335921 0.2216772 0.2504307 0.2670155 0.2693731 0.2114851 0.2028527 0.2115032 -1.0000000 0.3213761 0.2553000 0.2211240 0.2650296 0.2395858 0.1849350 0.1961789 0.2221215 0.2443554 0.2392412 0.2588455 0.2764730 0.3336447 0.3723545 0.4970893 0.5471609 -1.0000000 -1.0000000 0.2571589 0.2222847 0.2595165 0.3173773 0.3376344 0.2961408 0.2769899 0.3558786 0.4160062 0.5124952 0.5437968 -1.0000000 -1.0000000 0.8118732 -1.0000000 -1.0000000 -1.0000000 0.9037740 -1.0000000 -1.0000000 -1.0000000 -1.0000000 -1.0000000 -1.0000000 -1.0000000
0.5042890 0.4468272 0.4298254 0.3979253 0.2464863 0.2578662 0.2705881 0.2771894 -1.0000000 -1.0000000 -1.0000000 -1.0000000 0.2419706 0.2915979 0.3658077 0.3270434 0.2409731 0.2214233 0.2631527 0.2350338 0.2068153 0.2656916 0.2322863 0.2214958 0.2206888 0.2198092 0.2208883 0.2728460 -1.0000000 0.4985945 0.5401788 0.4492302 0.3527593 0.2805625 0.2809071 0.2862752 0.2983896 0.3073575 0.3145119 0.2826391 0.2971292 0.5158140 0.5478501 -1.0000000 -1.0000000 -1.0000000 0.8116918 -1.0000000 0.8163073 -1.0000000 -1.0000000 -1.0000000 -1.0000000 -1.0000000 -1.0000000 -1.0000000 -1.0000000 -1.0000000
0.4538728 0.3580639 0.3645926 0.3486607 0.2426416 0.2649571 0.2941550 -1.0000000 -1.0000000 -1.0000000 -1.0000000 -1.0000000 -1.0000000 0.4388840 0.4060953 0.3179213 0.2220399 0.2220852 0.2517727 0.2168350 0.2397399 0.2779057 0.2610580 0.2307176 0.2299015 0.2255400 0.2188934 0.2788306 0.3647649 0.4043271 0.4174933 0.3508279 0.2806260 0.2742424 0.3367276 0.3229267 0.2697086 0.2688199 0.2675323 0.3119004 0.3362652 0.4898805 0.5602637 -1.0000000 -1.0000000 -1.0000000 -1.0000000 -1.0000000 -1.0000000 0.8479171 -1.0000000 -1.0000000 -1.0000000 -1.0000000 -1.0000000 -1.0000000 -1.0000000 -1.0000000
0.1925156 0.2114488 0.2055458 0.2170073 0.1987088 0.2166809 -1.0000000 -1.0000000 -1.0000000 -1.0000000 -1.0000000 -1.0000000 -1.0000000 0.5191781 0.4261802 0.3263814 0.2214686 0.2208520 0.2274986 0.2183584 0.2367385 0.2917158 0.2955423 0.2653652 0.2109229 0.2095900 0.2192561 0.2259934 0.2143596 0.2840808 0.2948351 0.2505214 0.2509476 0.2585100 0.3266988 0.2942819 0.2856042 0.2971473 0.3404454 -1.0000000 -1.0000000 0.5072541 -1.0000000 -1.0000000 -1.0000000 -1.0000000 -1.0000000 -1.0000000 -1.0000000 -1.0000000 -1.0000000 0.8897463 -1.0000000 -1.0000000 -1.0000000 -1.0000000 -1.0000000 -1.0000000
0.1689215 0.1654304 0.1643060 0.1347636 0.0780544 0.0837036 -1.0000000 -1.0000000 -1.0000000 -1.0000000 -1.0000000 -1.0000000 -1.0000000 0.5248635 0.4623873 0.3487967 0.2219401 0.2208792 0.2194465 0.2186486 0.2607951 0.3149925 0.3341162 0.2537132 0.1948187 0.1940208 0.2354781 0.2006039 0.1887887 0.2234091 0.2601331 0.2501859 0.2714677 0.2709508 0.2844344 0.2765003 0.2841352 0.3265447 0.3534666 -1.0000000 -1.0000000 0.4781379 -1.0000000 0.7233638 0.8479897 -1.0000000 -1.0000000 -1.0000000 -1.0000000 0.8886582 -1.0000000 -1.0000000 -1.0000000 0.8928747 -1.0000000 -1.0000000 -1.0000000 -1.0000000
0.2864565 0.2584919 0.2572949 0.1952087 -1.0000000 0.1353167 0.1946102 -1.0000000 -1.0000000 -1.0000000 -1.0000000 -1.0000000 -1.0000000 0.4217551 0.4299251 0.2955333 0.2214051 0.2410457 0.2431494 0.2198999 0.2201629 0.2815781 0.3075479 0.1950364 0.1945376 0.2043035 0.1885348 0.1883626 0.1933226 0.2684935 0.2727644 0.2453891 0.2416623 0.2590269 0.2721024 0.2457155 0.2423152 -1.0000000 0.3480169 0.3608477 0.4075915 0.4979507 0.5426996 -1.0000000 -1.0000000 0.8994487 -1.0000000 -1.0000000 -1.0000000 -1.0000000 -1.0000000 -1.0000000 -1.0000000 -1.0000000 -1.0000000 -1.0000000 -1.0000000 -1.0000000
0.3476361 0.3172322 -1.0000000 0.1170998 -1.0000000 -1.0000000 0.1245806 -1.0000000 0.0352641 0.0705192 0.0769301 -1.0000000 -1.0000000 0.3361564 0.2363758 0.2225930 0.2235814 0.2928039 0.2903466 0.2548467 0.2210062 0.2418618 0.2773254 0.1953628 0.2028074 0.2168985 0.1875918 0.1871384 0.1875102 0.2417348 0.2456974 0.2184853 0.2086378 0.2018462 0.2190113 0.2375365 0.2596435 0.2490162 0.3004026 0.3984240 0.4487586 0.5012423 0.5763225 -1.0000000 0.8978709 -1.0000000 -1.0000000 -1.0000000 -1.0000000 0.9035745 -1.0000000 -1.0000000 -1.0000000 -1.0000000 -1.0000000 -1.0000000 -1.0000000 -1.0000000
-1.0000000 -1.0000000 -1.0000000 0.0529007 0.0278649 0.0363523 0.0991005 0.0969696 0.1290056 0.1567073 0.1797029 0.2123193 0.2520719 0.2391052 0.2472661 0.2375546 0.2548104 -1.0000000 0.2628987 0.2962405 0.2672966 0.2469487 0.2659455 0.1959613 0.2015288 0.1860412 0.1863314 0.1865037 0.1875827 0.1881721 0.1882266 0.1890517 0.1895595 0.2057815 0.1964418 0.1973577 0.1983642 0.2204802 0.2125279 0.3884224 0.4482055 0.5482581 -1.0000000 -1.0000000 -1.0000000 -1.0000000 -1.0000000 -1.0000000 -1.0000000 0.8898370 -1.0000000 -1.0000000 -1.0000000 -1.0000000 -1.0000000 -1.0000000 -1.0000000 -1.0000000
-1.0000000 -1.0000000 -1.0000000 0.0317096 0.0442593 0.1180972 0.0629477 0.0637457 0.0971691 0.2088917 0.2275711 0.2552003 0.3004661 0.2881975 0.2262654 0.1986090 0.1790501 -1.0000000 -1.0000000 0.2724017 0.2809888 0.2487169 0.2599064 0.1959341 0.1955351 0.1851526 0.1853249 0.1862407 0.1946918 0.1875646 0.1877369 0.1893872 0.1900038 0.1950636 0.2380080 0.2165086 0.1983189 0.1986997 0.2019641 0.3134510 -1.0000000 -1.0000000 -1.0000000 -1.0000000 -1.0000000 -1.0000000 -1.0000000 -1.0000000 -1.0000000 -1.0000000 -1.0000000 -1.0000000 -1.0000000 -1.0000000 -1.0000000 -1.0000000 -1.0000000 -1.0000000
-1.0000000 -1.0000000 0.1071344 0.0699207 0.0322990 0.0809833 0.0853086 0.0928891 0.1172358 -1.0000000 -1.0000000 -1.0000000 -1.0000000 0.2584284 0.2017102 0.1752145 0.1744528 -1.0000000 0.2498595 0.2518906 0.2796649 0.2294844 0.2336555 0.2248690 0.1987722 0.1845541 0.1866850 0.2006583 0.1861047 0.1876734 0.1882991 0.1895051 0.1901035 0.2207160 0.2057634 0.1994704 0.1990715 0.2004497 0.2784407 0.3436100 0.4408970 -1.0000000 -1.0000000 0.8181661 -1.0000000 -1.0000000 -1.0000000 -1.0000000 -1.0000000 -1.0000000 -1.0000000 -1.0000000 -1.0000000 -1.0000000 -1.0000000 -1.0000000 -1.0000000 -1.0000000
-1.0000000 0.1268113 0.1518108 0.0424185 0.0329882 0.0470884 0.0526831 0.0824432 -1.0000000 -1.0000000 -1.0000000 -1.0000000 -1.0000000 -1.0000000 0.1909196 0.1800747 0.1893147 0.2350248 0.2256125 0.2286683 0.2768720 0.2171252 0.2164814 0.2150306 0.1835204 0.1836564 0.1844725 0.1855697 0.1867123 0.1993435 0.1880905 0.1886709 0.1898769 0.2049382 0.2005767 0.1996246 0.1997062 0.2002684 0.2714496 0.3225640 0.4208302 0.4768231 -1.0000000 0.7867558 0.8762899 -1.0000000 -1.0000000 -1.0000000 -1.0000000 -1.0000000 -1.0000000 -1.0000000 -1.0000000 -1.0000000 -1.0000000 -1.0000000 -1.0000000 -1.0000000
-1.0000000 0.1185144 0.1276092 0.0405778 0.0338768 0.0626213 0.0805934 0.1049945 0.1813533 -1.0000000 -1.0000000 -1.0000000 -1.0000000 -1.0000000 -1.0000000 0.1027820 0.1438313 0.2135888 0.2169529 0.2794835 0.2780236 0.2114579 0.2066339 0.2193286 0.1831577 0.1837834 0.1845995 0.1916360 0.2329664 0.2084746 0.2425056 0.2341452 0.2237355 0.1988448 0.1995611 0.2047297 0.2006946 0.2321684 0.2677318 0.3351589 0.3903085 -1.0000000 -1.0000000 0.8024247 -1.0000000 -1.0000000 -1.0000000 -1.0000000 -1.0000000 -1.0000000 -1.0000000 -1.0000000 -1.0000000 -1.0000000 -1.0000000 -1.0000000 -1.0000000 -1.0000000
-1.0000000 0.0649335 0.0402695 0.0411219 0.0353185 0.0627754 0.0725957 0.1037522 -1.0000000 -1.0000000 -1.0000000 -1.0000000 -1.0000000 -1.0000000 -1.0000000 0.1346639 0.1888704 0.2061080 0.2079306 0.2960229 0.2942094 0.2296658 0.1886437 0.1817613 0.1952358 0.1840645 0.1846811 0.2137430 0.2662991 0.2502221 0.2295025 0.2374549 0.2246332 0.2129994 0.2159827 0.2254312 0.2324586 0.2550008 0.3002575 0.3222919 0.3398560 0.4227526 -1.0000000 -1.0000000 -1.0000000 -1.0000000 -1.0000000 0.8353494 -1.0000000 -1.0000000 -1.0000000 -1.0000000 -1.0000000 -1.0000000 0.9122522 -1.0000000 -1.0000000 -1.0000000
0.0815092 0.0371321 0.0368782 0.0360440 0.0356359 0.0822437 0.0642625 0.1085943 -1.0000000 -1.0000000 -1.0000000 -1.0000000 -1.0000000 -1.0000000 0.2451261 0.1792677 0.1722947 0.1587113 0.1956348 0.2745326 0.2646669 0.2209971 0.1457899 0.1596815 0.2422063 0.1843002 0.2395405 0.2715674 0.2967211 0.2720934 0.2362126 0.2000236 0.1998150 0.2037867 0.2190203 0.2487713 0.2724651 0.2773617 0.2595618 0.2858399 0.3724905 -1.0000000 -1.0000000 -1.0000000 -1.0000000 -1.0000000 -1.0000000 -1.0000000 -1.0000000 -1.0000000 0.8105947 -1.0000000 -1.0000000 -1.0000000 -1.0000000 -1.0000000 -1.0000000 -1.0000000
0.0670916 0.0377487 0.0369870 0.0364248 0.0368600 0.1012949 0.1034530 0.1318891 0.2056546 -1.0000000 -1.0000000 -1.0000000 -1.0000000 -1.0000000 0.2992963 0.1608603 0.1550208 0.1548394 0.2165811 0.2037685 0.1974937 0.1854881 0.1439673 0.1475672 0.2154114 0.1918445 0.2373914 0.2552910 0.2579931 0.2362217 0.2092091 0.1992800 0.2186667 0.2402749 0.2327760 0.2023268 0.1911645 0.1847174 0.1785967 0.2860757 0.4511162 -1.0000000 -1.0000000 -1.0000000 0.7962859 -1.0000000 -1.0000000 -1.0000000 -1.0000000 -1.0000000 0.7764096 -1.0000000 -1.0000000 -1.0000000 -1.0000000 -1.0000000 -1.0000000 -1.0000000
0.1115323 0.0885820 0.0750893 0.0770570 0.0418926 0.0819445 0.1135090 0.1844544 0.2181680 -1.0000000 -1.0000000 -1.0000000 -1.0000000 -1.0000000 0.3641211 0.1678787 0.1539871 0.1697920 0.1597994 0.1479480 0.1421809 0.1467964 0.1491993 0.1428701 0.1924158 0.2220127 0.1967683 0.1768920 0.2254674 0.2161459 0.1892693 0.1894598 0.1898406 0.2228831 0.2058722 0.2153842 0.1856151 0.2195372 0.2419071 -1.0000000 0.4939156 -1.0000000 -1.0000000 -1.0000000 -1.0000000 0.6725848 -1.0000000 -1.0000000 -1.0000000 0.7612122 -1.0000000 -1.0000000 -1.0000000 -1.0000000 -1.0000000 -1.0000000 -1.0000000 -1.0000000
0.0991277 0.1207994 0.1384632 0.1159391 0.0624581 0.0428991 0.0436608 0.1061733 -1.0000000 -1.0000000 -1.0000000 -1.0000000 -1.0000000 -1.0000000 -1.0000000 -1.0000000 0.3285214 0.1650587 0.1004244 0.0990824 0.0868863 0.1356704 0.1908290 0.1419361 0.1763116 0.2295479 0.2244247 0.2098166 0.1609057 0.1929055 0.1878094 0.2066520 0.2092907 0.1975390 0.1977657 0.1988539 0.2339910 0.2764912 0.3161894 0.3873796 0.5320905 -1.0000000 -1.0000000 0.5420286 0.5463902 0.4981230 0.4612176 -1.0000000 -1.0000000 0.6484376 0.7033605 -1.0000000 -1.0000000 -1.0000000 -1.0000000 -1.0000000 -1.0000000 -1.0000000
0.1232023 0.1161205 0.0867775 0.0628661 0.0652962 0.0638363 0.0704467 0.1389166 -1.0000000 -1.0000000 -1.0000000 -1.0000000 -1.0000000 -1.0000000 -1.0000000 -1.0000000 0.3048820 0.1770370 0.1074881 0.1096099 0.0827424 0.1456811 0.1763298 0.1461345 0.1413105 0.1969134 0.1557280 0.1404218 0.1410928 0.1415462 0.1475399 0.1792949 0.1805734 0.1926606 0.1972670 0.2158466 0.2599971 0.2533233 0.2809706 0.3063419 0.4338242 0.5693223 -1.0000000 0.5160135 0.4075643 0.4270144 0.4212836 0.4313397 0.5144992 -1.0000000 -1.0000000 -1.0000000 -1.0000000 -1.0000000 -1.0000000 -1.0000000 -1.0000000 -1.0000000
