projects/spp-inf/Zonation runs/Test data/Output/out_missingSp7.prop.asc
ncols        649
nrows        555
xllcorner    294205.000000000000
yllcorner    6283604.599999999600
cellsize     0.200000000000
NODATA_value     -1
[rows 182 to 207 of 555, columns 290 to 347 of 649]
-1.0000000 -1.0000000 0.0063516 0.0063516 0.0068158 0.0072843 0.0205354 -1.0000000 0.0131058 0.0054187 0.0568302 0.0386090 0.0205354 0.0220129 0.0145950 0.0140802 0.0121442 0.0092092 0.0092092 0.0082274 0.0106603 -1.0000000 -1.0000000 -1.0000000 -1.0000000 -1.0000000 -1.0000000 -1.0000000 -1.0000000 -1.0000000 0.4219584 -1.0000000 0.0748551 0.0215205 0.0339625 0.0416666 0.0416666 0.0664840 0.3797566 0.4342285 0.6552572 0.6508533 0.6729434 0.6424350 0.4932311 0.4264678 0.3271025 0.8490046 0.9862961 0.2835256 0.2835256 0.9605968 0.9605968 0.8696474 0.8899460 0.3695006 0.6251367 0.4822950
0.0126210 0.0087162 0.0058882 0.0077631 0.0068158 0.0087162 0.0277055 -1.0000000 -1.0000000 -1.0000000 0.0036320 0.0131058 0.0220129 0.0250324 0.0160940 0.0180584 0.0190633 0.0116417 0.0082274 0.0077631 0.0101803 0.0235063 0.1314647 -1.0000000 -1.0000000 -1.0000000 -1.0000000 -1.0000000 -1.0000000 -1.0000000 -1.0000000 -1.0000000 -1.0000000 0.0200563 0.0327876 0.0645816 0.0210223 0.0215205 0.0542516 0.1923707 0.7740861 0.9665185 0.9339272 0.7133387 0.6573619 0.4557417 0.5650099 0.9650911 0.9469755 0.2844061 0.4118114 0.9846044 0.8696474 0.4361939 0.7690436 0.4284280 0.1160126 0.3962899
0.0135932 0.0082274 0.0063516 0.0097008 0.0156065 0.0150837 0.0316945 -1.0000000 -1.0000000 -1.0000000 0.0101803 0.0362561 0.0261107 0.0856187 0.1167871 -1.0000000 0.0277055 0.0220129 0.0087162 -1.0000000 0.0156065 0.0311171 0.0947407 -1.0000000 -1.0000000 -1.0000000 -1.0000000 -1.0000000 -1.0000000 -1.0000000 -1.0000000 -1.0000000 -1.0000000 0.0140802 0.0160940 0.0165880 0.0898646 0.4822950 0.7431144 0.6316018 0.2636529 0.6208168 0.7245638 0.8477809 0.8678530 0.6892766 0.9290532 0.9605968 0.3074780 0.2852718 0.2852718 0.9480731 0.7651661 0.2230703 0.4275437 0.5164670 0.1152140 0.1152140
0.0097008 0.0087162 0.0068158 0.0145950 0.0225129 0.0305285 0.0398251 0.0447799 0.0898646 0.1070260 0.0282609 0.0229982 0.0494199 -1.0000000 0.1778945 -1.0000000 0.0683837 0.0131058 0.0087162 0.0229982 0.0261107 0.0392197 -1.0000000 -1.0000000 -1.0000000 -1.0000000 -1.0000000 -1.0000000 -1.0000000 -1.0000000 -1.0000000 -1.0000000 -1.0000000 0.0350940 0.0293877 0.0652052 0.1190578 0.2182462 0.7561826 0.9917004 0.7047194 0.2644849 0.7072418 0.9549256 0.9776306 0.9290532 0.8978797 0.3558280 0.2859350 0.7882152 0.8456131 0.8214158 0.5965416 0.1655408 0.1249518 0.3298270 0.2373928 0.1143769
0.0175583 0.0215205 0.0240232 -1.0000000 0.0145950 0.0282609 0.0210223 -1.0000000 0.0416666 -1.0000000 -1.0000000 0.0327876 0.0698056 0.0705114 0.0999851 0.0454565 0.0386090 0.0145950 0.0288053 -1.0000000 0.0392197 -1.0000000 -1.0000000 -1.0000000 -1.0000000 -1.0000000 -1.0000000 0.6535131 -1.0000000 -1.0000000 -1.0000000 -1.0000000 -1.0000000 0.0947407 0.0664840 0.0535979 0.0542516 0.1854594 0.8956855 0.9977938 0.3413868 0.2713817 0.3714029 0.7028981 0.9238920 0.8739367 0.2875051 0.2867814 0.9565198 0.9835808 0.8884649 0.5798698 0.2402563 0.1314647 0.1160126 0.1369932 0.1735811 0.1143769
0.0277055 0.0345202 0.0185518 -1.0000000 0.0058882 0.0087162 0.0160940 0.0305285 0.0190633 -1.0000000 0.0333813 0.0549078 -1.0000000 0.0756062 0.0705114 0.0514981 0.0555500 0.0404341 -1.0000000 0.0581070 -1.0000000 -1.0000000 -1.0000000 -1.0000000 -1.0000000 -1.0000000 -1.0000000 -1.0000000 0.6149397 -1.0000000 0.4852940 0.4043005 0.2900536 0.1329626 0.0473657 0.0480545 0.0622393 0.4400125 0.9512296 0.9003801 0.2721841 0.2721841 0.4107432 0.4379846 0.6552572 0.4585622 0.2875051 0.8656073 0.9895070 0.7346928 0.4034262 0.2775708 0.1152140 0.1152140 0.1160126 0.1234896 0.1585979 0.1143769
0.0429279 0.0345202 0.0135932 0.0087162 0.0106603 0.0068158 0.0111544 0.0160940 0.0092092 0.0131058 0.0200563 0.0299526 0.0460915 0.0356875 0.0235063 0.0220129 0.0255587 -1.0000000 -1.0000000 0.1662662 0.1876600 0.2012091 -1.0000000 -1.0000000 -1.0000000 -1.0000000 -1.0000000 -1.0000000 -1.0000000 0.5762748 -1.0000000 -1.0000000 0.1091714 0.0467486 0.0690969 0.0494199 0.0891368 0.3998029 0.7028981 0.4606181 0.5068741 0.7174016 0.6774998 0.3846812 0.3846812 0.5692819 0.9003801 0.9958083 0.8696474 0.3317411 0.1329626 0.1403140 0.1143769 0.1143769 0.1369932 0.1183043 0.1612819 0.1579313
0.0507867 0.0435749 0.0131058 0.0077631 0.0072843 0.0072843 0.0072843 0.0077631 0.0087162 0.0111544 0.0140802 0.0101803 0.0116417 0.0111544 -1.0000000 -1.0000000 -1.0000000 0.0848697 -1.0000000 -1.0000000 0.3210585 0.3405755 0.3457940 -1.0000000 -1.0000000 -1.0000000 -1.0000000 -1.0000000 -1.0000000 0.4264678 -1.0000000 -1.0000000 -1.0000000 0.0373929 0.0311171 0.0305285 0.0311171 0.2730976 0.7756172 0.8638462 0.9397564 0.9174516 0.8940842 0.5164670 0.3835660 0.6774998 0.9964696 0.9637260 0.5438339 0.1669459 0.1167871 0.1135513 0.1135513 0.1135513 0.1143769 0.1300080 0.1167871 0.1778945
-1.0000000 0.0404341 0.0305285 0.0092092 0.0077631 0.0077631 0.0077631 0.0077631 0.0116417 0.0087162 0.0082274 0.0072843 0.0058882 0.0049598 0.0068158 0.0131058 -1.0000000 0.1599815 0.2291747 -1.0000000 0.4332594 0.4676888 -1.0000000 -1.0000000 -1.0000000 -1.0000000 -1.0000000 -1.0000000 -1.0000000 -1.0000000 0.2306513 0.1007132 0.0473657 0.0293877 0.0299526 0.0305285 0.1264021 0.4312496 0.6424350 0.7783108 0.7788562 0.7802358 0.9429288 0.7674619 0.3826174 0.6149397 0.9976194 0.9512296 0.4137440 0.1518976 0.1143769 0.1135513 0.1127748 0.1213199 0.1135513 0.1292192 0.1042475 0.1489599
0.0834124 0.0748551 0.0339625 0.0126210 0.0082274 0.0116417 0.0145950 0.0165880 0.0150837 0.0101803 0.0068158 0.0063516 0.0063516 0.0082274 0.0116417 0.0229982 -1.0000000 -1.0000000 -1.0000000 -1.0000000 -1.0000000 -1.0000000 -1.0000000 -1.0000000 -1.0000000 -1.0000000 -1.0000000 -1.0000000 -1.0000000 -1.0000000 0.1706659 0.1219980 0.0568302 0.0658529 0.0719337 0.0856187 0.0884341 0.1593139 0.3953472 0.7912273 0.9207079 0.8696474 0.9028318 0.8406224 0.3817297 0.4576703 0.9862961 0.9722512 0.5880350 0.1721486 0.1143769 0.1135513 0.1127748 0.1121040 0.1113236 0.1091714 0.1007132 0.1227361
-1.0000000 -1.0000000 0.0480545 0.0240232 0.0092092 0.0121442 0.0131058 0.0190633 0.0087162 0.0072843 0.0077631 0.0072843 0.0111544 0.0185518 0.0195502 -1.0000000 -1.0000000 -1.0000000 -1.0000000 -1.0000000 -1.0000000 -1.0000000 -1.0000000 -1.0000000 -1.0000000 0.4774811 -1.0000000 -1.0000000 -1.0000000 -1.0000000 0.1989913 0.1300080 0.0639837 0.0435749 0.0593343 0.0791141 0.1063090 0.4822950 0.8940842 0.9929139 0.9534994 0.8569518 0.8609218 0.5988459 0.3806947 0.5172068 0.8965604 0.9385496 0.7133387 0.4294317 0.2120237 0.1234896 0.1219980 0.1369932 0.1256647 0.1113236 0.1035253 0.0999851
-1.0000000 -1.0000000 0.0645816 0.0220129 0.0116417 0.0097008 0.0175583 0.0140802 0.0077631 0.0077631 0.0097008 0.0126210 0.0121442 0.0175583 0.0255587 -1.0000000 -1.0000000 -1.0000000 0.4843786 0.4813780 -1.0000000 0.6149397 -1.0000000 0.3759977 0.4025564 0.4156575 -1.0000000 -1.0000000 -1.0000000 -1.0000000 -1.0000000 0.1234896 0.0322311 0.0398251 0.0611568 0.0555500 0.2373928 0.7802358 0.9957228 0.8848625 0.4576703 0.3779092 0.3787977 0.3797566 0.3806947 0.3817297 0.7540088 0.9009430 0.6294268 0.2987360 0.3131781 0.1242000 0.1127748 0.1127748 0.1121040 0.1403140 0.1278184 0.0977331
0.1735811 0.1014492 0.0435749 0.0180584 0.0111544 0.0101803 0.0140802 0.0200563 0.0150837 0.0116417 0.0165880 0.0277055 0.0271573 0.0299526 -1.0000000 -1.0000000 -1.0000000 -1.0000000 -1.0000000 0.5274960 0.5101459 0.6212459 -1.0000000 0.3307126 0.2979063 0.2713817 -1.0000000 -1.0000000 -1.0000000 0.1961520 0.2073480 0.0992200 0.0333813 -1.0000000 0.0441990 0.0605392 0.3656044 0.9397564 0.9591073 0.3759977 0.3769568 0.6105248 0.7047194 0.6983557 0.3806947 0.3817297 0.5123994 0.7324477 0.6084122 0.2088789 0.1546536 0.1121040 0.1160126 0.1417232 0.1127748 0.1160126 0.1256647 0.0891368
0.2198731 0.0870319 0.0288053 0.0116417 0.0145950 0.0126210 0.0131058 0.0156065 0.0316945 0.0322311 0.0250324 0.0250324 0.0392197 0.0473657 0.1424406 -1.0000000 -1.0000000 -1.0000000 0.5466050 0.5091273 0.4983619 -1.0000000 0.2433050 0.1778945 0.1932508 0.2081369 -1.0000000 -1.0000000 -1.0000000 -1.0000000 0.0410563 0.0429279 0.0322311 0.0250324 0.0920242 0.3685313 0.6938288 0.9733521 0.3750437 0.3759977 0.5186720 0.8163330 0.7431144 0.7185742 0.4147694 0.7223005 0.9045022 0.7487442 0.6145006 0.2058142 0.1321953 0.1084638 0.1167871 0.1135513 0.1135513 0.1175354 0.1077384 0.0927153
0.2230703 0.0969864 0.0261107 0.0126210 0.0185518 0.0235063 0.0215205 0.0195502 0.0271573 0.0255587 0.0299526 0.0356875 -1.0000000 -1.0000000 -1.0000000 -1.0000000 0.3918312 -1.0000000 -1.0000000 -1.0000000 -1.0000000 -1.0000000 -1.0000000 0.1833385 0.1947712 0.1819664 -1.0000000 -1.0000000 -1.0000000 -1.0000000 0.0175583 0.0282609 0.0255587 0.0992200 0.1160126 0.1728871 0.3369125 0.3742225 0.3750437 0.7324477 0.9591073 0.9220330 0.8292707 0.5965416 0.4156575 0.7740861 0.9376230 0.7561826 0.5923524 0.3253615 0.1343439 0.0992200 0.1152140 0.1143769 0.1143769 0.1219980 0.1152140 0.0920242
0.2012091 0.1612819 0.0277055 0.0145950 0.0185518 0.0266501 0.0288053 0.0311171 0.0379884 0.0386090 0.0362561 -1.0000000 -1.0000000 -1.0000000 -1.0000000 -1.0000000 -1.0000000 -1.0000000 -1.0000000 -1.0000000 0.2740689 0.1997094 0.1553447 0.1691707 0.1961520 0.1640845 -1.0000000 -1.0000000 -1.0000000 -1.0000000 0.0145950 0.0150837 0.0156065 0.0404341 0.0333813 0.0170875 0.3601451 0.7912273 0.9114670 0.9814429 0.9596632 0.8807739 0.9042873 0.4166352 0.4166352 0.8940842 0.8696474 0.4921938 0.2979063 0.1778945 0.0985126 0.1121040 0.1249518 0.1482468 0.1539655 0.1357194 0.1242000 0.1049340
0.1923707 0.1599815 -1.0000000 0.0106603 0.0200563 0.0288053 0.0277055 -1.0000000 0.0698056 -1.0000000 0.0225129 0.0180584 0.0316945 0.0826802 -1.0000000 -1.0000000 -1.0000000 -1.0000000 -1.0000000 -1.0000000 0.2510461 0.2120237 0.1579313 0.1669459 -1.0000000 -1.0000000 -1.0000000 0.6212459 -1.0000000 -1.0000000 0.0288053 0.0195502 0.0156065 0.0160940 0.0165880 0.1460261 0.6008475 0.6873332 0.7651661 0.6644144 0.4786976 0.7174016 0.8638462 0.4174091 0.4201683 0.7945271 0.6983557 0.3475462 0.2329100 0.1706659 0.0977331 0.1135513 0.1539655 0.1482468 0.1213199 0.1152140 0.1143769 0.1242000
0.1907377 0.1640845 0.0356875 0.0101803 0.0205354 0.0288053 -1.0000000 -1.0000000 -1.0000000 -1.0000000 0.0229982 0.0245559 0.0245559 -1.0000000 -1.0000000 -1.0000000 -1.0000000 -1.0000000 -1.0000000 -1.0000000 0.2619635 0.2610666 0.2198731 0.3115385 0.2818539 -1.0000000 -1.0000000 0.5677012 -1.0000000 -1.0000000 -1.0000000 0.0362561 0.0288053 0.0460915 0.0741007 0.1640845 0.2246306 0.1721486 0.2696947 0.4774811 0.4832557 0.6618490 0.7740861 0.5572050 0.4183768 0.7223005 0.5840003 0.2577736 0.1826685 0.1242000 0.0977331 0.0969864 0.0962267 0.0962267 0.1198626 0.1264021 0.1143769 0.1292192
-1.0000000 0.1014492 -1.0000000 0.0126210 0.0215205 -1.0000000 -1.0000000 -1.0000000 0.4537494 -1.0000000 0.0145950 0.0156065 0.0140802 0.1497496 -1.0000000 0.4448777 -1.0000000 0.3826174 0.3566597 -1.0000000 -1.0000000 -1.0000000 -1.0000000 -1.0000000 -1.0000000 -1.0000000 -1.0000000 0.5865613 0.5338656 0.2050355 -1.0000000 0.0379884 0.0487180 0.0535979 0.0581070 0.1042475 0.1292192 0.2602613 0.6983557 0.8899460 0.8983923 0.9257734 0.8193030 0.6424350 0.4192390 0.6892766 0.5501963 0.1691707 0.1198626 0.0985126 0.0977331 0.0969864 0.0962267 0.0954732 0.1113236 0.1489599 0.1396121 -1.0000000
0.0617223 0.0092092 0.0087162 0.0135932 0.0175583 0.0195502 -1.0000000 -1.0000000 0.2713817 0.0362561 0.0277055 0.0145950 0.0215205 0.0255587 0.2800710 -1.0000000 0.2246306 0.2476750 0.2924394 0.2892205 -1.0000000 -1.0000000 -1.0000000 -1.0000000 -1.0000000 -1.0000000 -1.0000000 -1.0000000 0.4932311 0.3517452 -1.0000000 0.1669459 0.0633939 0.0658529 0.1127748 0.1113236 0.1285472 0.4201683 0.6336274 0.4765651 0.3797566 0.6938288 0.7938118 0.7275870 0.4201683 0.6378644 0.6251367 0.2740689 0.1518976 0.0985126 0.0977331 0.0969864 0.0962267 0.1300080 0.0947407 0.1369932 0.0954732 0.0985126
0.0180584 0.0087162 0.0150837 0.0190633 0.0220129 0.0333813 -1.0000000 -1.0000000 -1.0000000 -1.0000000 0.0345202 0.0145950 0.0145950 0.0379884 0.1049340 0.1691707 0.1292192 0.0999851 0.1070260 -1.0000000 -1.0000000 -1.0000000 -1.0000000 -1.0000000 -1.0000000 -1.0000000 -1.0000000 -1.0000000 -1.0000000 0.4294317 -1.0000000 0.2793208 0.1572840 0.0812567 0.0913149 0.0913149 0.1626728 0.4201683 0.6774998 0.6826572 0.5003812 0.2883981 0.3787977 0.7275870 0.5965416 0.8193030 0.7756172 0.3722150 0.2050355 0.0985126 0.0977331 0.0969864 0.1042475 0.1467566 0.1190578 0.0940543 0.0933937 0.0927153
0.0225129 0.0054187 0.0126210 0.0180584 0.0220129 -1.0000000 -1.0000000 -1.0000000 -1.0000000 -1.0000000 0.0293877 0.0140802 0.0140802 0.0175583 0.0568302 -1.0000000 0.0282609 0.0150837 0.0379884 0.0416666 0.1249518 -1.0000000 0.3856010 -1.0000000 -1.0000000 -1.0000000 -1.0000000 -1.0000000 -1.0000000 -1.0000000 -1.0000000 0.2561982 0.2081369 0.0927153 0.0819752 0.0826802 0.0834124 0.3558280 0.5604107 0.8234856 0.9144010 0.5353539 0.2875051 0.5650099 0.5650099 0.8884649 0.9621722 0.5268687 0.1735811 0.1070260 0.0977331 0.1105859 0.1198626 0.1271607 0.1606541 0.1121040 0.1256647 0.1035253
0.1035253 0.0040648 0.0077631 0.0106603 0.0235063 -1.0000000 -1.0000000 -1.0000000 -1.0000000 -1.0000000 -1.0000000 0.0210223 0.0135932 0.0140802 0.0131058 0.0126210 0.0111544 0.0126210 0.0111544 -1.0000000 0.0175583 0.1314647 -1.0000000 -1.0000000 -1.0000000 0.5251930 0.5632777 -1.0000000 0.1533007 -1.0000000 0.1198626 0.1453037 0.1234896 0.1035253 0.1098713 0.1793687 0.2569588 0.1143769 0.3665350 0.6983557 0.9315834 0.6230421 0.2875051 0.2867814 0.2859350 0.5460970 0.9954747 0.8696474 0.4342285 0.1403140 0.0985126 0.1127748 0.1389475 0.1206243 0.1566226 0.1127748 0.1585979 0.1453037
0.0826802 -1.0000000 0.0106603 0.0150837 0.0255587 0.0288053 -1.0000000 -1.0000000 -1.0000000 -1.0000000 -1.0000000 -1.0000000 0.0271573 0.0126210 0.0121442 0.0116417 0.0160940 0.0175583 0.0082274 0.0101803 0.0135932 0.0190633 -1.0000000 0.0969864 -1.0000000 -1.0000000 -1.0000000 -1.0000000 0.1028088 0.0834124 0.0549078 0.0756062 0.0658529 0.0969864 0.1234896 0.1314647 0.4537494 0.5014781 0.1757491 0.4943095 0.7253156 0.3806947 0.6486867 0.8163330 0.5612141 0.2852718 0.9174516 0.9512296 0.6120541 0.2619635 0.0992200 0.1329626 0.1467566 0.1219980 0.1482468 0.1127748 0.1431514 0.1183043
0.0031990 0.0045069 0.0097008 0.0165880 0.0195502 0.0210223 0.0350940 -1.0000000 -1.0000000 -1.0000000 0.0422698 0.0299526 0.0288053 0.0165880 0.0126210 0.0126210 0.0977331 0.1626728 0.1698591 0.0140802 0.0106603 0.0156065 0.0240232 -1.0000000 0.1620069 -1.0000000 -1.0000000 0.0920242 0.0447799 0.0454565 0.0500734 0.0568302 0.0677140 0.0670859 0.1056167 0.1343439 0.1482468 0.5880350 0.8094825 0.5734638 0.4332594 0.7185742 0.8959239 0.9257734 0.8114899 0.2844061 0.8755691 0.9765082 0.6938288 0.2740689 0.0999851 0.1206243 0.1445748 0.1271607 0.1504765 0.1121040 0.1300080 0.1127748
0.0049598 0.0150837 0.0185518 0.0225129 0.0293877 0.0235063 -1.0000000 -1.0000000 -1.0000000 -1.0000000 0.0410563 0.0305285 0.0356875 0.0225129 0.0165880 0.1854594 0.4765651 0.0985126 0.5798698 0.2859350 0.0266501 0.0165880 0.0282609 0.0261107 -1.0000000 -1.0000000 -1.0000000 0.1559723 0.0826802 0.0454565 0.0460915 0.0467486 0.0473657 0.0587247 0.1007132 0.1135513 0.1343439 0.1539655 0.6486867 0.9028318 0.6401329 0.7740861 0.8367872 0.9728087 0.8114899 0.2835256 0.8325902 0.9904672 0.7984598 0.3592341 0.1300080 0.1546536 0.1445748 0.1343439 0.1489599 0.1321953 0.1113236 0.1190578
