projects/spp-inf/Zonation runs/Test data/Output/out_missingSp7.prop.asc
ncols        649
nrows        555
xllcorner    294205.000000000000
yllcorner    6283604.599999999600
cellsize     0.200000000000
NODATA_value     -1
[rows 208 to 233 of 555, columns 174 to 231 of 649]
0.2696947 0.0480545 0.2636529 0.2173973 0.2758403 0.4537494 0.3892130 0.0954732 0.0599319 0.0473657 0.1691707 0.3115385 0.4246417 0.3675594 0.3817297 0.4469243 0.7253156 0.3466136 0.3475462 0.4726827 0.3405755 0.4322274 0.4667821 0.3369125 0.3065137 0.4275437 0.3041500 0.3041500 0.3041500 0.3041500 0.4052161 0.3918312 0.7372218 0.2875051 0.0891368 0.0210223 0.0058882 0.0097008 0.0121442 0.0150837 0.0250324 -1.0000000 0.0261107 0.0386090 0.1840533 0.2028030 -1.0000000 -1.0000000 0.0106603 0.0049598 0.0054187 0.0072843 0.0063516 0.0058882 0.0054187 0.0101803 0.0111544 0.0072843
0.0180584 0.0180584 0.0487180 0.0386090 0.0891368 0.2112386 0.1460261 0.0311171 0.0467486 0.4219584 0.3646318 0.4025564 0.4174091 0.4294317 0.4183768 0.3856010 0.4616776 0.7302911 0.6531109 0.3988686 0.3750437 0.3483402 0.3057487 0.3057487 0.3057487 0.3369125 0.3846812 0.3508559 0.3049519 0.3049519 0.3732582 0.5144694 0.7245638 0.2679360 0.0933937 0.0190633 0.0131058 0.0068158 0.0072843 0.0092092 0.0077631 0.0054187 0.0316945 0.0392197 0.0542516 -1.0000000 -1.0000000 0.0617223 0.0210223 0.0082274 0.0023540 0.0072843 0.0082274 0.0092092 0.0140802 0.0160940 0.0220129 0.0288053
0.0175583 0.0180584 0.0185518 0.0190633 0.0195502 0.0200563 0.0205354 0.0210223 0.0628152 0.3218741 0.3432452 0.3227783 0.3236881 0.3244655 0.3253615 0.3263049 0.3271025 0.4043005 0.5994854 0.3360800 0.3714029 0.3049519 0.3049519 0.3049519 0.3057487 0.3065137 0.3508559 0.3236881 0.3057487 0.3057487 0.3057487 0.3918312 0.6573619 0.2544591 0.0947407 0.0379884 0.0175583 0.0106603 0.0072843 0.0106603 0.0049598 0.0049598 0.0116417 0.0111544 0.0215205 0.0333813 0.0447799 0.0712099 -1.0000000 -1.0000000 0.0063516 0.0036320 0.0097008 0.0200563 0.0293877 0.0261107 0.0316945 0.0422698
0.0617223 0.0441990 0.1113236 0.4255733 0.3466136 0.1633782 0.1206243 0.0841458 0.0235063 0.0555500 0.2569588 0.3499686 0.4448777 0.3440785 0.4052161 0.4219584 0.3846812 0.4647390 0.6795897 0.6120541 0.3352218 0.3106412 0.3041500 0.3049519 0.3057487 0.3065137 0.4166352 0.4192390 0.3155535 0.4246417 0.3065137 0.4921938 0.7346928 0.2793208 0.0733972 0.0160940 0.0068158 0.0097008 0.0229982 0.0116417 0.0045069 0.0092092 0.0054187 0.0054187 0.0092092 0.0250324 0.0555500 0.0977331 0.1292192 0.0373929 0.0092092 0.0054187 0.0068158 0.0293877 0.0542516 0.0379884 0.0368162 0.0392197
0.2867814 0.2182462 0.2261277 0.1961520 0.0863572 0.0856187 0.0848697 0.3874043 0.0555500 0.0848697 0.5227427 0.3742225 0.3918312 0.3732582 0.3925840 0.3457940 0.2987360 0.2987360 0.2987360 0.2995282 0.3025669 0.3033666 0.3534541 0.3049519 0.3057487 0.3065137 0.3732582 0.4822950 0.4688604 0.6120541 0.3387715 0.4606181 0.7275870 0.2299199 0.0962267 0.0266501 0.0068158 0.0063516 0.0200563 0.0040648 0.0040648 0.0063516 0.0049598 0.0054187 0.0072843 -1.0000000 0.1518976 0.1626728 0.1417232 -1.0000000 -1.0000000 0.0082274 0.0082274 0.0150837 0.0293877 0.0356875 0.0293877 0.0277055
-1.0000000 0.0884341 0.0805167 0.2261277 0.2402563 0.2793208 0.4312496 0.4735306 0.1091714 0.0992200 0.4088548 0.3953472 0.3090976 0.3082211 0.3074780 0.2995282 0.2987360 0.2979063 0.5416214 0.7938118 0.6230421 0.3033666 0.3041500 0.3049519 0.3057487 0.3065137 0.3074780 0.4717228 0.6208168 0.6363349 0.5627166 0.4804997 0.8074518 0.3806947 0.1271607 0.0316945 0.0068158 0.0092092 0.0049598 0.0036320 0.0097008 0.0045069 0.0049598 0.0058882 0.0063516 -1.0000000 0.1714168 -1.0000000 -1.0000000 0.0087162 0.0040648 0.0101803 0.0150837 0.0111544 0.0116417 0.0121442 0.0135932 0.0126210
0.1640845 0.1750602 0.1350518 -1.0000000 -1.0000000 0.2135146 0.2120237 0.4183768 0.4016650 0.1369932 0.3732582 0.4061719 0.3090976 0.4448777 0.5482019 0.5438339 0.4902486 0.3925840 0.2972863 0.3550534 0.6378644 0.3041500 0.3041500 0.3049519 0.3057487 0.3065137 0.3074780 0.3082211 0.3918312 0.6573619 0.7372218 0.5317507 0.8569518 0.4052161 0.1475055 0.0480545 0.0092092 0.0082274 0.0031990 0.0036320 0.0040648 0.0045069 0.0087162 0.0054187 0.0092092 0.1357194 -1.0000000 0.0170875 0.0036320 0.0063516 0.0045069 0.0116417 0.0195502 0.0116417 0.0116417 0.0121442 0.0175583 0.0398251
0.0333813 0.0126210 0.2554087 0.2554087 0.1121040 0.2112386 0.3263049 0.4448777 0.4070817 0.3492139 0.4284280 0.4507731 0.4448777 0.4576703 0.5692819 0.4566337 0.3619822 0.3236881 0.2721841 0.2749327 0.6163452 0.3049519 0.3049519 0.3049519 0.3057487 0.3065137 0.3074780 0.3082211 0.3090976 0.4786976 0.6957715 0.7009734 0.9754945 0.5650099 0.1056167 0.0373929 0.0131058 -1.0000000 0.0063516 0.0049598 0.0156065 0.0092092 0.0092092 0.0087162 0.1213199 -1.0000000 0.1482468 0.0195502 0.0054187 0.0054187 0.0068158 0.0145950 0.0165880 0.0121442 0.0150837 0.0480545 0.0633939 0.3210585
0.0121442 0.0165880 0.1862078 0.3201758 0.2166033 0.1190578 0.1198626 0.1989913 0.3980625 0.2852718 0.2417750 0.2387715 0.2387715 0.4448777 0.4107432 0.2671368 0.3271025 0.2713817 0.4626563 0.4497539 0.5945513 0.3057487 0.3057487 0.3057487 0.3057487 0.3065137 0.3074780 0.3082211 0.3090976 0.5654784 0.7529364 0.8511475 0.9144010 0.7613906 0.3722150 0.1750602 0.0345202 -1.0000000 0.0092092 0.0058882 0.0036320 0.0045069 0.0031990 0.0063516 -1.0000000 -1.0000000 -1.0000000 0.0111544 0.0058882 0.0082274 0.0101803 0.0077631 0.0072843 0.0140802 0.0487180 0.5311625 0.6230421 0.6736236
0.0116417 0.0116417 0.0288053 0.2916786 0.1553447 0.4370088 0.1198626 0.1206243 0.3307126 0.2198731 0.3106412 0.2380710 0.2387715 0.2394836 0.2402563 0.2409959 0.2417750 0.3387715 0.6032031 0.3298270 0.3317411 0.3065137 0.3065137 0.3065137 0.3271025 0.3065137 0.3074780 0.3508559 0.3732582 0.4992918 0.6736236 0.7860423 0.7628831 0.8930758 0.4862776 0.2671368 0.1213199 0.0058882 0.0126210 0.0106603 0.0049598 0.0023540 0.0019419 0.0058882 0.0373929 -1.0000000 0.3074780 -1.0000000 0.0220129 0.0101803 0.0068158 0.0068158 0.0068158 0.0362561 0.4754084 0.8866567 0.7415395 0.7223005
0.0170875 0.0111544 0.0480545 0.2424894 0.1778945 0.3271025 0.1206243 0.1206243 0.1772017 0.2065451 0.2028030 0.2852718 0.2948736 0.4107432 0.5353539 0.5501963 0.4219584 0.2441398 0.5246853 0.3098709 0.3074780 0.3074780 0.3074780 0.3074780 0.3074780 0.3074780 0.3074780 0.3082211 0.4546943 0.6321259 0.7419326 0.8114899 0.8675598 0.8003825 0.5755731 0.3210585 0.0733972 0.0054187 0.0101803 0.0170875 0.0111544 0.0049598 0.0054187 -1.0000000 -1.0000000 -1.0000000 -1.0000000 0.1438774 0.0229982 0.0131058 0.0063516 0.0063516 0.0068158 0.1234896 0.6486867 0.7415395 0.2818539 0.5858406
0.0106603 0.0770189 0.2619635 0.2261277 0.1511943 0.3210585 0.3685313 0.1213199 0.1396121 0.1612819 0.1764696 0.1662662 0.2593470 0.3953472 0.4912592 0.4754084 0.7463517 0.5543678 0.3253615 0.4527456 0.3675594 0.3194903 0.3082211 0.4052161 0.3082211 0.3082211 0.3082211 0.3082211 0.3098709 0.3925840 0.6573619 0.8255012 0.8890955 0.9339272 0.8609218 0.4137440 0.1300080 0.0398251 -1.0000000 -1.0000000 0.0156065 0.0299526 0.0362561 0.0277055 -1.0000000 -1.0000000 -1.0000000 0.1098713 0.0266501 0.0116417 0.0058882 0.0229982 0.0106603 0.0101803 0.2004901 0.2749327 0.2269183 0.7346928
0.0101803 0.1497496 0.1271607 0.0933937 0.0593343 0.2424894 0.4735306 0.4469243 0.2459462 0.1714168 0.1655408 0.1662662 0.2120237 0.2417750 0.4034262 0.2800710 0.6145006 0.2450602 0.4902486 0.7958600 0.6294268 0.3090976 0.3090976 0.4477994 0.3090976 0.3090976 0.3090976 0.3090976 0.3090976 0.4098398 0.6443213 0.8048855 0.7690436 0.7716049 0.9073015 0.5123994 0.1028088 0.0210223 -1.0000000 -1.0000000 0.0791141 0.0933937 -1.0000000 0.0670859 0.0645816 0.0741007 0.1042475 0.2142358 -1.0000000 -1.0000000 0.0072843 0.0175583 0.0299526 0.2610666 0.2198731 0.2012091 0.5840003 0.6185971
0.0097008 0.0819752 0.1445748 0.1091714 0.0587247 0.0805167 0.2987360 0.3534541 0.3892130 0.4744336 0.4507731 0.2190503 0.2602613 0.3534541 0.2424894 0.2433050 0.2441398 0.4566337 0.6705855 0.5716107 0.5650099 0.3098709 0.3098709 0.4448777 0.3098709 0.3098709 0.3098709 0.3098709 0.3098709 0.3925840 0.6687620 0.7005657 0.5988459 0.7938118 0.7690436 0.5716107 0.1854594 0.0683837 0.0175583 -1.0000000 -1.0000000 -1.0000000 0.0416666 0.0494199 0.0593343 0.0628152 0.0940543 -1.0000000 0.2127400 -1.0000000 -1.0000000 0.0045069 0.0215205 0.3326629 0.5672488 0.3971140 0.5131279 0.5268687
0.0097008 0.0101803 0.1084638 0.1475055 0.0581070 0.0891368 0.1343439 0.3704840 0.3448908 0.3466136 0.3779092 0.3499686 0.4070817 0.5206140 0.3334754 0.3115385 0.5403141 0.5333463 0.4576703 0.5482019 0.3106412 0.3106412 0.3139810 0.3341961 0.3106412 0.3106412 0.3106412 0.3106412 0.3106412 0.3106412 0.5528765 0.3944634 0.3448908 0.6849643 0.6443213 0.7372218 0.2875051 0.1329626 0.0599319 0.0271573 -1.0000000 -1.0000000 -1.0000000 0.0664840 0.0454565 0.0587247 -1.0000000 0.2104555 -1.0000000 0.1403140 -1.0000000 0.0068158 0.0416666 0.5734638 0.7984598 0.3288497 0.3334754 0.4312496
0.1599815 0.0101803 0.0160940 0.0841458 0.0574803 0.0834124 0.1014492 0.1497496 0.3558280 0.3049519 0.4389700 0.4744336 0.4912592 0.4527456 0.3900642 0.4156575 0.5192386 0.5482019 0.5144694 0.5604107 0.6957715 0.3115385 0.3892130 0.3892130 0.3892130 0.3115385 0.3115385 0.3115385 0.3115385 0.3115385 0.4332594 0.3131781 0.3139810 0.3714029 0.5233111 0.7690436 0.3925840 0.1021226 0.0131058 0.0126210 0.0000000 0.0045069 0.0220129 0.0416666 -1.0000000 -1.0000000 -1.0000000 0.2544591 0.2900536 0.1854594 -1.0000000 0.0500734 0.2775708 0.7275870 0.3279594 0.5945513 0.3846812 0.4070817
0.2073480 0.1042475 0.0350940 0.1329626 0.0568302 0.0834124 0.1389475 0.1256647 0.3041500 0.4238098 0.4469243 0.4943095 0.5003812 0.5338656 0.5003812 0.5583962 0.5403141 0.4735306 0.4626563 0.6185971 0.4647390 0.3123274 0.3298270 0.3685313 0.4519263 0.3123274 0.3123274 0.3123274 0.3123274 0.3123274 0.3123274 0.3131781 0.3139810 0.3148366 0.6443213 0.8325902 0.4647390 0.0422698 0.0652052 0.0507867 0.0063516 0.0023540 0.0036320 0.0116417 -1.0000000 0.2468207 -1.0000000 -1.0000000 -1.0000000 0.0940543 -1.0000000 0.0045069 0.0454565 0.0581070 0.1518976 0.1525952 0.5840003 0.5311625
0.1014492 0.0356875 0.0356875 0.0467486 0.0920242 0.0933937 0.1975475 0.1826685 0.1932508 0.2366459 0.2827647 0.4034262 0.5311625 0.5929286 0.6255512 0.5632777 0.4726827 0.4302681 0.4294317 0.4284280 0.3131781 0.3131781 0.3131781 0.4688604 0.5123994 0.4006554 0.3131781 0.3131781 0.3131781 0.3341961 0.3171533 0.3131781 0.3139810 0.4246417 0.7372218 0.6271974 0.6826572 0.3980625 0.1035253 0.0712099 0.0487180 0.0271573 0.0049598 -1.0000000 -1.0000000 -1.0000000 0.3817297 -1.0000000 0.2644849 -1.0000000 -1.0000000 0.0045069 0.2932791 0.5353539 0.2644849 0.1989913 0.1669459 0.0898646
0.0611568 0.1042475 0.0784106 0.0454565 0.0748551 0.0884341 0.1424406 0.2417750 0.2713817 0.1940103 0.4070817 0.4983619 0.5858406 0.5080159 0.5403141 0.6340430 0.5923524 0.5444673 0.4872262 0.6597238 0.3139810 0.5543678 0.3817297 0.4585622 0.5403141 0.3998029 0.3139810 0.3139810 0.3139810 0.4118114 0.3139810 0.3139810 0.3139810 0.3148366 0.6573619 0.7415395 0.9240307 0.5374348 0.2277334 0.2190503 0.0200563 0.0000000 -1.0000000 -1.0000000 -1.0000000 -1.0000000 0.3448908 -1.0000000 0.3041500 0.1249518 -1.0000000 0.0049598 0.0036320 0.1647831 0.2065451 0.0327876 0.0261107 0.0316945
0.2214746 0.1593139 0.1376307 0.2844061 0.2766927 0.2995282 0.3033666 0.1431514 0.2314000 0.2246306 0.6096743 0.4735306 0.5716107 0.4852940 0.5123994 0.5743830 0.4921938 0.4707789 0.5734638 0.3148366 0.3148366 0.5923524 0.4952857 0.5438339 0.5522174 0.4043005 0.3148366 0.3148366 0.5311625 0.4238098 0.3787977 0.3148366 0.3352218 0.3148366 0.4061719 0.7072418 0.7837927 0.8916626 0.6120541 0.0870319 0.0435749 0.0322311 0.0082274 0.0007229 -1.0000000 -1.0000000 0.3065137 -1.0000000 -1.0000000 0.1546536 -1.0000000 0.0031990 0.0036320 0.0040648 0.1021226 0.0398251 0.0225129 0.0220129
0.2450602 0.2173973 0.2883981 0.2569588 0.2561982 0.2433050 0.4332594 0.4469243 0.1585979 0.1698591 0.5246853 0.4992918 0.5403141 0.4626563 0.5507849 0.5734638 0.4657724 0.3925840 0.3714029 0.3155535 0.3155535 0.3665350 0.5543678 0.5014781 0.5359392 0.4166352 0.4557417 0.6466289 0.4843786 0.5424266 0.5151738 0.3236881 0.3155535 0.3155535 0.3685313 0.7716049 0.8427752 0.5901911 0.3263049 0.6443213 0.3665350 0.1035253 0.1662662 0.0210223 -1.0000000 -1.0000000 -1.0000000 -1.0000000 -1.0000000 0.1714168 0.0379884 0.0036320 0.0036320 0.0040648 0.0305285 0.0131058 0.0072843 0.0031990
0.3155535 0.3326629 0.2827647 0.2569588 0.2827647 0.2577736 0.2424894 0.2081369 0.1899642 0.2166033 0.3835660 0.4813780 0.4892761 0.4156575 0.5080159 0.5692819 0.5246853 0.4697883 0.6185971 0.5672488 0.3163396 0.3163396 0.3171533 0.6120541 0.5186720 0.4892761 0.5460970 0.5460970 0.5965416 0.4400125 0.3171533 0.3163396 0.3163396 0.3492139 0.3722150 0.6618490 0.7860423 0.8316005 0.7415395 0.8739367 0.4973400 0.1764696 0.0379884 0.0000000 0.0003582 -1.0000000 -1.0000000 -1.0000000 -1.0000000 0.0535979 0.0205354 0.0135932 0.0058882 0.0049598 0.0210223 0.0007229 0.0036320 0.0027736
0.2468207 0.3550534 0.3440785 0.2775708 0.2662195 0.3017716 0.3759977 0.3017716 0.3466136 0.4070817 0.3685313 0.3759977 0.4585622 0.4147694 0.4264678 0.5416214 0.5058814 0.4822950 0.7678977 0.3171533 0.3171533 0.6573619 0.3171533 0.3178800 0.4546943 0.4902486 0.5424266 0.5144694 0.3187330 0.3178800 0.3171533 0.3171533 0.3704840 0.3171533 0.5396960 0.4312496 0.3856010 0.5227427 0.7114419 0.7372218 0.6826572 0.3806947 0.2073480 0.0605392 0.0215205 0.0101803 0.0135932 -1.0000000 -1.0000000 -1.0000000 0.1271607 0.1876600 0.0664840 0.0054187 -1.0000000 0.0011155 0.0023540 0.0045069
0.1807218 0.3279594 0.2852718 0.3041500 0.3499686 0.3619822 0.3360800 0.3025669 0.4192390 0.4883153 0.4098398 0.4596415 0.5627166 0.4616776 0.4098398 0.4902486 0.4098398 0.4902486 0.7174016 0.4025564 0.3178800 0.5438339 0.3360800 0.3326629 0.4255733 0.4361939 0.5186720 0.3194903 0.3187330 0.3178800 0.3178800 0.4088548 0.3178800 0.3178800 0.4174091 0.3210585 0.3210585 0.3218741 0.5501963 0.7005657 0.5274960 0.9003801 0.5755731 0.3846812 0.2883981 0.3695006 -1.0000000 0.1321953 0.0920242 0.1826685 0.0350940 0.0255587 0.0250324 0.0045069 -1.0000000 0.0015256 0.0027736 0.0049598
0.1482468 0.2867814 0.2810464 0.2844061 0.3074780 0.3732582 0.3423903 0.3722150 0.4786976 0.4626563 0.4246417 0.5227427 0.6149397 0.4912592 0.4400125 0.4088548 0.4088548 0.4616776 0.4255733 0.3317411 0.3466136 0.4166352 0.3194903 0.3227783 0.4183768 0.4765651 0.5672488 0.3492139 0.3187330 0.3187330 0.3236881 0.4088548 0.3187330 0.3187330 0.3405755 0.3201758 0.3210585 0.3722150 0.6729434 0.7987473 0.8370279 0.7756172 0.6356996 0.2073480 0.2065451 0.3499686 0.0605392 0.2173973 0.0339625 0.0023540 0.0023540 0.0023540 0.0131058 0.0131058 0.0068158 0.0045069 0.0023540 0.0077631
0.1121040 0.2182462 0.3201758 0.3244655 0.3675594 0.3210585 0.3244655 0.4537494 0.4902486 0.4409158 0.4379846 0.5111072 0.6428342 0.5755731 0.5192386 0.4080147 0.4744336 0.4361939 0.5206140 0.3637603 0.6032031 0.3883049 0.3187330 0.3909115 0.3750437 0.5572050 0.3846812 0.3194903 0.3194903 0.3194903 0.3194903 0.3194903 0.3194903 0.3194903 0.3194903 0.3201758 0.3360800 0.3298270 0.4616776 0.5246853 0.7245638 0.5091273 0.5080159 0.2073480 0.2065451 0.2058142 0.1285472 0.1826685 0.0023540 0.0040648 0.0019419 0.0019419 0.0019419 0.0019419 0.0019419 0.0040648 0.0111544 -1.0000000
